secs,km,power,hr,cad,alt
0,0,,98,,302
1,0.00095,,98,,302
2,0.0024,,98,,301.8
3,0.005,,98,,301.8
4,0.00754,,99,,301.8
5,0.01038,,99,,302
6,0.01306,,100,,302
7,0.01564,,102,,301.8
8,0.01828,,102,,301.6
9,0.02073,,101,,301.6
10,0.0234,,101,,301.4
11,0.02579,,101,,301.4
12,0.02809,,101,,301.2
13,0.0305,,101,,301.2
14,0.03343,,101,,301
15,0.03609,,102,,301.2
16,0.03866,,103,,301.2
17,0.04139,,103,,301.2
18,0.04443,,103,,301.2
19,0.04756,,104,,301.2
20,0.05057,,105,,301.2
21,0.05339,,107,,301.2
22,0.05633,,109,,301.2
23,0.05944,,109,,301.2
24,0.06287,,109,,301.2
25,0.06625,,110,,301.2
26,0.06929,,111,,301.2
27,0.07273,,112,,301.2
28,0.07624,,123,,301.4
29,0.07972,,123,,301.4
30,0.08267,,123,,301.4
31,0.08584,,123,,301.4
32,0.08935,,122,,301.4
33,0.0927,,121,,301.4
34,0.09622,,121,,301.6
35,0.09961,,121,,301.6
36,0.10263,,122,,301.6
37,0.10568,,122,,301.8
38,0.10867,,122,,301.8
39,0.11161,,123,,301.8
40,0.11448,,123,,302
41,0.11704,,123,,302
42,0.12001,,124,,302
43,0.12289,,124,,302.2
44,0.12556,,124,,302.2
45,0.1286,,124,,302.2
46,0.13124,,124,,302.4
47,0.13418,,125,,302.4
48,0.13736,,125,,302.4
49,0.14058,,125,,302.4
50,0.14391,,125,,302.6
51,0.14693,,126,,302.8
52,0.15011,,126,,302.8
53,0.15333,,126,,302.8
54,0.15697,,126,,303.2
55,0.16047,,127,,303.4
56,0.16324,,127,,303.4
57,0.16616,,127,,303.6
58,0.1689,,127,,303.6
59,0.17169,,127,,303.8
60,0.17444,,127,,303.8
61,0.1772,,128,,303.8
62,0.17988,,128,,304
63,0.18284,,128,,304
64,0.1857,,128,,304
65,0.18869,,129,,304.2
66,0.1918,,129,,304.2
67,0.19483,,129,,304.2
68,0.1977,,129,,304.2
69,0.20069,,128,,304.2
70,0.20378,,128,,304.2
71,0.20682,,128,,304.2
72,0.20985,,128,,304.2
73,0.21304,,128,,304
74,0.21617,,127,,303.8
75,0.21935,,127,,303.8
76,0.22303,,128,,303.4
77,0.22662,,128,,303.2
78,0.22988,,127,,302.8
79,0.2332,,128,,302.4
80,0.23656,,128,,302
81,0.24005,,127,,301.8
82,0.24372,,127,,301.6
83,0.24738,,127,,301.6
84,0.25094,,126,,301.4
85,0.25454,,126,,301.2
86,0.25819,,126,,301
87,0.26187,,126,,300.8
88,0.26541,,125,,301
89,0.26906,,126,,301
90,0.27214,,128,,301
91,0.27509,,129,,301
92,0.27825,,130,,301
93,0.28118,,132,,301
94,0.28419,,132,,301
95,0.28714,,132,,301.2
96,0.2899,,132,,301.2
97,0.29277,,129,,301.2
98,0.2957,,128,,300.8
99,0.2986,,129,,300.8
100,0.30149,,129,,300.8
101,0.30417,,128,,300.8
102,0.30714,,127,,300.8
103,0.31019,,126,,300.8
104,0.31311,,126,,300.8
105,0.3163,,125,,300.6
106,0.31923,,125,,300.8
107,0.32197,,125,,300.8
108,0.32472,,125,,301
109,0.32758,,125,,301.2
110,0.33048,,124,,301.4
111,0.33336,,127,,301.6
112,0.33589,,129,,301.6
113,0.33881,,129,,301.6
114,0.34173,,128,,301.6
115,0.34466,,126,,301.6
116,0.34762,,126,,301.6
117,0.35079,,128,,301.6
118,0.35382,,127,,301.4
119,0.35692,,126,,301.2
120,0.36004,,124,,300.8
121,0.363,,122,,300.6
122,0.36612,,122,,300.4
123,0.36959,,122,,300
124,0.37302,,122,,299.8
125,0.37618,,122,,299.6
126,0.37926,,122,,299.2
127,0.38226,,122,,299
128,0.38497,,122,,298.6
129,0.38775,,121,,298.6
130,0.39071,,121,,298.4
131,0.39372,,122,,298.2
132,0.39648,,126,,298
133,0.39915,,126,,297.8
134,0.40203,,125,,297.4
135,0.40507,,125,,297
136,0.40791,,124,,297
137,0.41093,,123,,296.8
138,0.41414,,125,,296.6
139,0.41724,,126,,296.6
140,0.42035,,127,,296.4
141,0.42287,,127,,296.6
142,0.42557,,127,,296.4
143,0.42867,,127,,296.4
144,0.43123,,127,,296.2
145,0.43388,,127,,296.2
146,0.43697,,127,,296.2
147,0.44022,,128,,296.2
148,0.44387,,129,,296.2
149,0.44714,,130,,296
150,0.45027,,126,,295.8
151,0.45309,,125,,295.8
152,0.45602,,124,,295.8
153,0.45916,,124,,295.8
154,0.46227,,124,,295.6
155,0.46541,,121,,295.4
156,0.46855,,120,,295.4
157,0.4718,,121,,295.4
158,0.47502,,120,,295.2
159,0.4782,,120,,295.2
160,0.48179,,120,,295.2
161,0.48526,,120,,295.2
162,0.48845,,120,,294.8
163,0.49148,,120,,294.6
164,0.49475,,120,,294.4
165,0.49795,,120,,294.2
166,0.50189,,119,,294.4
167,0.50581,,119,,294
168,0.50975,,119,,293.6
169,0.5135,,119,,293.4
170,0.5165,,119,,293.2
171,0.51922,,119,,293.2
172,0.52187,,120,,292.8
173,0.52474,,120,,292.4
174,0.5282,,119,,292
175,0.53159,,120,,291.8
176,0.53464,,120,,291.6
177,0.53733,,121,,291.8
178,0.53992,,121,,291.6
179,0.54249,,121,,291.8
180,0.54522,,121,,291.6
181,0.54792,,122,,291.2
182,0.55095,,121,,291.2
183,0.55384,,121,,291.6
184,0.55675,,121,,291.8
185,0.55997,,122,,291.8
186,0.56281,,121,,292
187,0.56564,,122,,291.8
188,0.56883,,122,,291.8
189,0.57184,,122,,292
190,0.57456,,123,,292.4
191,0.57722,,123,,292.4
192,0.57993,,123,,292.4
193,0.58279,,123,,292.2
194,0.58567,,124,,291.6
195,0.58865,,124,,291.8
196,0.59202,,124,,291.8
197,0.59507,,124,,292.2
198,0.59738,,124,,292.6
199,0.59968,,125,,292.6
200,0.60249,,125,,292.6
201,0.60467,,125,,292.6
202,0.60724,,126,,292.8
203,0.60991,,126,,293
204,0.61276,,127,,293
205,0.61582,,127,,293
206,0.61888,,127,,293.2
207,0.62209,,127,,293.4
208,0.62504,,127,,293.4
209,0.62765,,127,,293.4
210,0.62984,,128,,293.4
211,0.63199,,128,,293.6
212,0.63388,,129,,293.8
213,0.63629,,130,,294
214,0.63889,,132,,294.2
215,0.64185,,132,,294
216,0.64434,,132,,294
217,0.64706,,132,,294.2
218,0.65022,,133,,294
219,0.6535,,133,,294
220,0.65654,,133,,294
221,0.65966,,133,,294
222,0.66298,,133,,294
223,0.6665,,133,,294
224,0.67009,,133,,293.8
225,0.67315,,133,,293.8
226,0.67664,,133,,293.8
227,0.67983,,132,,293.8
228,0.68299,,132,,293.6
229,0.68674,,132,,293.6
230,0.69028,,132,,293.4
231,0.6933,,132,,293.4
232,0.69636,,131,,293.2
233,0.70005,,131,,293
234,0.70316,,131,,292.8
235,0.70666,,131,,292.8
236,0.7103,,131,,292.6
237,0.7139,,131,,292.4
238,0.71749,,131,,292.4
239,0.72049,,131,,292.4
240,0.72336,,131,,292.2
241,0.72664,,131,,292.6
242,0.72981,,131,,292.4
243,0.73275,,132,,292.6
244,0.73546,,132,,292.6
245,0.73775,,132,,292.8
246,0.74004,,132,,292.8
247,0.74267,,132,,293
248,0.74489,,133,,293
249,0.74723,,133,,293.2
250,0.7501,,133,,293.2
251,0.75264,,133,,293.2
252,0.75543,,133,,293.4
253,0.75817,,133,,293.4
254,0.76095,,134,,293.6
255,0.76428,,134,,293.6
256,0.76734,,134,,293.8
257,0.77023,,134,,294.2
258,0.77326,,135,,294
259,0.77609,,134,,294.2
260,0.7792,,134,,294
261,0.78254,,135,,294
262,0.78614,,134,,294.2
263,0.7892,,135,,294.2
264,0.79243,,135,,294.4
265,0.7956,,135,,294.4
266,0.79846,,135,,294.6
267,0.80141,,135,,294.6
268,0.80442,,134,,294.6
269,0.80773,,134,,294.6
270,0.81125,,135,,294.4
271,0.81527,,134,,294.2
272,0.81896,,134,,294
273,0.82265,,132,,293.6
274,0.82624,,131,,293.2
275,0.82943,,130,,292.8
276,0.83287,,129,,292.8
277,0.83657,,128,,292.6
278,0.84023,,129,,292.6
279,0.84391,,128,,292.6
280,0.84732,,127,,292.6
281,0.85064,,127,,292.6
282,0.85368,,127,,292.6
283,0.85665,,127,,292.6
284,0.85957,,128,,292.6
285,0.86261,,128,,292.6
286,0.86543,,127,,292.6
287,0.868,,127,,292.6
288,0.87087,,128,,292.6
289,0.87374,,128,,292.6
290,0.87661,,129,,292.8
291,0.87956,,129,,292.8
292,0.88267,,130,,293
293,0.88568,,130,,293.2
294,0.88865,,131,,293.2
295,0.89154,,131,,293.4
296,0.89461,,131,,293.4
297,0.89754,,132,,293.6
298,0.90036,,136,,293.6
299,0.90268,,138,,293.6
300,0.90531,,136,,293.8
301,0.90787,,134,,293.8
302,0.91033,,134,,294
303,0.91301,,132,,294
304,0.91535,,132,,294
305,0.91799,,132,,293.8
306,0.92075,,132,,294.2
307,0.92336,,131,,294.4
308,0.92601,,131,,294.6
309,0.92789,,131,,294.6
310,0.93037,,131,,294.8
311,0.93312,,131,,294.8
312,0.93561,,131,,294.6
313,0.93856,,131,,294.4
314,0.94091,,131,,294.4
315,0.94374,,132,,294.4
316,0.9466,,132,,294.2
317,0.94974,,132,,294.2
318,0.95264,,132,,294
319,0.95561,,132,,294
320,0.95886,,132,,293.8
321,0.96209,,132,,293.6
322,0.96534,,131,,293.4
323,0.96816,,131,,293.2
324,0.97101,,131,,293
325,0.97393,,131,,292.8
326,0.97709,,131,,292.8
327,0.98065,,130,,292.6
328,0.98408,,130,,292
329,0.9882,,130,,292
330,0.99243,,129,,291.8
331,0.9969,,129,,291.6
332,1.00164,,129,,291.2
333,1.00655,,128,,291
334,1.0108,,128,,290.6
335,1.01465,,128,,290.6
336,1.01828,,127,,290
337,1.02163,,127,,290
338,1.02507,,127,,289.4
339,1.02824,,126,,289.6
340,1.0312,,126,,289.2
341,1.03386,,125,,289.4
342,1.03556,,125,,289.4
343,1.03818,,125,,289.8
344,1.04076,,125,,289.8
345,1.04387,,125,,290
346,1.04666,,125,,290
347,1.04944,,125,,290.2
348,1.05188,,125,,290.4
349,1.05437,,125,,290.6
350,1.05693,,125,,290.6
351,1.05973,,126,,291
352,1.06229,,126,,290.8
353,1.06485,,127,,291.2
354,1.06728,,128,,291.6
355,1.06977,,128,,291.8
356,1.07207,,129,,291.8
357,1.07432,,130,,291.8
358,1.07624,,130,,292
359,1.07829,,130,,292.2
360,1.08074,,131,,292.4
361,1.08326,,132,,292.6
362,1.08564,,132,,292.8
363,1.08841,,133,,293
364,1.09089,,134,,293.4
365,1.09335,,134,,293.6
366,1.09614,,134,,293.8
367,1.09859,,134,,294
368,1.10128,,134,,294
369,1.10383,,135,,294
370,1.10601,,135,,293.8
371,1.10869,,135,,294
372,1.11135,,135,,294.2
373,1.11378,,135,,294.4
374,1.11692,,136,,294.8
375,1.12031,,136,,295
376,1.12355,,136,,295
377,1.12652,,136,,294.8
378,1.12979,,137,,294.8
379,1.13286,,137,,294.6
380,1.13574,,137,,294.2
381,1.1389,,136,,294
382,1.14212,,136,,293.8
383,1.1453,,136,,293.8
384,1.14871,,137,,293.6
385,1.15273,,136,,293.2
386,1.15648,,136,,293
387,1.15994,,135,,292.8
388,1.16321,,135,,292.6
389,1.16638,,134,,292.6
390,1.16946,,133,,292.6
391,1.17248,,133,,292.6
392,1.17529,,131,,292.4
393,1.17876,,130,,292.2
394,1.18216,,130,,292
395,1.18565,,129,,292
396,1.18929,,128,,291.8
397,1.1928,,128,,291.6
398,1.19668,,127,,291.8
399,1.20044,,127,,291.6
400,1.20408,,127,,291.6
401,1.20754,,128,,291.4
402,1.21077,,128,,291.2
403,1.21437,,128,,291
404,1.2177,,129,,291
405,1.22104,,129,,291
406,1.22465,,129,,291.2
407,1.22827,,130,,291.2
408,1.23167,,129,,291.6
409,1.23488,,129,,291.8
410,1.23801,,130,,291.8
411,1.24078,,130,,292
412,1.24374,,132,,292
413,1.24673,,132,,292
414,1.24945,,133,,292.4
415,1.25228,,134,,292.4
416,1.256,,133,,292.4
417,1.25987,,133,,292.4
418,1.26368,,133,,292.2
419,1.26706,,133,,292
420,1.27027,,133,,292
421,1.27335,,133,,292
422,1.27624,,133,,292
423,1.27915,,133,,292
424,1.28226,,133,,291.8
425,1.28522,,133,,291.8
426,1.28826,,134,,291.6
427,1.29148,,134,,291.6
428,1.29445,,133,,291.4
429,1.29789,,133,,291.4
430,1.30136,,133,,291.2
431,1.30482,,132,,291
432,1.30797,,133,,290.8
433,1.31117,,132,,290.6
434,1.31429,,132,,290.4
435,1.31693,,132,,290.2
436,1.32008,,131,,290
437,1.3232,,131,,290
438,1.32629,,131,,290
439,1.32938,,132,,289.6
440,1.33266,,131,,289.6
441,1.336,,132,,289.6
442,1.33946,,132,,289.6
443,1.34309,,131,,289.6
444,1.34615,,132,,289.8
445,1.34918,,132,,290
446,1.35196,,133,,290
447,1.35503,,133,,290
448,1.35829,,133,,290.2
449,1.36121,,133,,290.2
450,1.36435,,133,,290.4
451,1.36716,,134,,290.4
452,1.37031,,134,,290.4
453,1.37277,,134,,290.6
454,1.37518,,134,,290.6
455,1.37787,,134,,290.4
456,1.38095,,134,,290.4
457,1.38623,,134,,290.6
458,1.39111,,135,,290.6
459,1.39524,,135,,290.8
460,1.39995,,136,,290.6
461,1.4037,,135,,290.4
462,1.40874,,135,,290.6
463,1.41245,,136,,290.2
464,1.41668,,135,,290.2
465,1.42122,,136,,290.4
466,1.42508,,135,,290.4
467,1.42944,,136,,290.4
468,1.43289,,135,,290.4
469,1.43636,,136,,290
470,1.43972,,135,,289.6
471,1.44343,,136,,289.4
472,1.44665,,136,,289.2
473,1.45016,,135,,289
474,1.45358,,136,,289
475,1.45667,,135,,289
476,1.46002,,135,,289.2
477,1.46284,,135,,288.8
478,1.46556,,135,,288
479,1.46827,,135,,287.8
480,1.47078,,135,,287.4
481,1.47349,,135,,287.2
482,1.47644,,136,,287.2
483,1.47962,,136,,287.4
484,1.48332,,135,,287.4
485,1.48612,,136,,287.2
486,1.48929,,136,,287
487,1.49235,,135,,287.4
488,1.49557,,136,,287
489,1.49892,,135,,287
490,1.50192,,135,,287
491,1.50449,,135,,287.2
492,1.50772,,135,,287
493,1.51144,,135,,287
494,1.51525,,135,,287
495,1.519,,135,,287
496,1.52266,,134,,287
497,1.52598,,135,,287
498,1.52904,,134,,286.8
499,1.53197,,135,,287
500,1.53506,,135,,287.6
501,1.5383,,135,,287.8
502,1.54194,,137,,287.8
503,1.54535,,136,,288
504,1.54851,,136,,288
505,1.55243,,136,,288.4
506,1.55601,,137,,288.4
507,1.55953,,137,,288.6
508,1.56286,,137,,289
509,1.56596,,137,,289.2
510,1.56878,,138,,289
511,1.57173,,138,,289.2
512,1.57493,,138,,289.4
513,1.57798,,139,,289.4
514,1.58103,,138,,289.6
515,1.58413,,139,,289.6
516,1.58746,,138,,289.8
517,1.59085,,138,,289.8
518,1.59423,,138,,290
519,1.59774,,138,,290
520,1.60117,,139,,290.2
521,1.60452,,139,,290
522,1.60844,,139,,290.6
523,1.61231,,139,,290.4
524,1.61569,,139,,290.4
525,1.61969,,138,,290.6
526,1.62286,,139,,290.6
527,1.62573,,138,,290.6
528,1.62868,,138,,291
529,1.63131,,139,,291.4
530,1.63373,,139,,291
531,1.63647,,139,,291
532,1.63948,,139,,291
533,1.64229,,139,,290.6
534,1.64524,,139,,290.4
535,1.6483,,139,,290.6
536,1.6512,,139,,290.6
537,1.65424,,139,,290.6
538,1.65765,,139,,290.8
539,1.66082,,139,,291
540,1.66415,,140,,291.2
541,1.66686,,140,,291.4
542,1.66963,,140,,291.8
543,1.6725,,140,,291.8
544,1.67519,,140,,292
545,1.67794,,141,,292.6
546,1.68061,,141,,292.6
547,1.68389,,141,,292.8
548,1.68729,,141,,293
549,1.69053,,141,,293.2
550,1.69367,,141,,293.4
551,1.69686,,142,,293.6
552,1.69968,,142,,293.8
553,1.70261,,142,,294
554,1.70588,,142,,294.2
555,1.70892,,142,,294.4
556,1.71176,,142,,294.6
557,1.71463,,142,,295
558,1.71756,,142,,295.2
559,1.72062,,143,,295.6
560,1.72344,,143,,296.2
561,1.7261,,144,,296.2
562,1.72882,,144,,296
563,1.73122,,143,,295.8
564,1.73337,,143,,295.8
565,1.73596,,143,,295.8
566,1.73874,,143,,295.8
567,1.74108,,143,,295.8
568,1.74364,,143,,295.6
569,1.74622,,143,,295.4
570,1.7491,,143,,295.2
571,1.75241,,142,,295.4
572,1.75531,,142,,295.6
573,1.75844,,142,,295.4
574,1.76124,,142,,295.2
575,1.76445,,141,,295.2
576,1.76755,,141,,295.2
577,1.77066,,141,,295.2
578,1.77373,,141,,295.2
579,1.77642,,141,,295
580,1.77923,,140,,295
581,1.78199,,140,,295
582,1.78536,,140,,295
583,1.78903,,139,,295
584,1.79289,,139,,295
585,1.79681,,139,,294.8
586,1.80038,,138,,294.8
587,1.80382,,138,,294.6
588,1.8075,,137,,294.6
589,1.81113,,136,,294.4
590,1.81477,,135,,294.6
591,1.81817,,134,,294.6
592,1.8217,,133,,294.6
593,1.82536,,132,,294.8
594,1.82876,,131,,294.8
595,1.83195,,131,,294.8
596,1.83518,,131,,295
597,1.83808,,131,,295
598,1.84088,,131,,295.2
599,1.84365,,131,,295.4
600,1.84631,,132,,295.8
601,1.84918,,132,,296
602,1.85229,,132,,296.2
603,1.85502,,132,,296
604,1.85761,,133,,296.2
605,1.86034,,134,,296.4
606,1.86274,,134,,296.8
607,1.8653,,134,,296.6
608,1.86833,,135,,296.4
609,1.87142,,135,,296.4
610,1.87434,,135,,296.4
611,1.87743,,135,,296.4
612,1.88064,,135,,296.4
613,1.88392,,135,,296.4
614,1.88712,,135,,296.2
615,1.89044,,135,,296
616,1.89355,,135,,296.2
617,1.8966,,135,,296.2
618,1.89962,,135,,296.2
619,1.90259,,135,,296.4
620,1.90555,,136,,296.4
621,1.90844,,135,,296
622,1.91153,,135,,296
623,1.91488,,135,,295.8
624,1.91823,,135,,295.6
625,1.92153,,134,,295.4
626,1.92473,,134,,295
627,1.9281,,134,,295
628,1.9316,,134,,295
629,1.93479,,134,,295.2
630,1.93784,,134,,295.2
631,1.94023,,135,,295
632,1.94292,,135,,295
633,1.94569,,135,,294.8
634,1.94872,,135,,294.6
635,1.95216,,135,,294.6
636,1.95572,,135,,294.4
637,1.95927,,135,,294.2
638,1.96243,,135,,294
639,1.96562,,135,,294.2
640,1.96839,,134,,294.2
641,1.9715,,134,,294
642,1.97454,,134,,293.8
643,1.97751,,134,,293.6
644,1.98058,,134,,293.6
645,1.98326,,134,,293.4
646,1.98613,,134,,293.4
647,1.98914,,134,,293.2
648,1.99172,,134,,293.2
649,1.99455,,134,,293.2
650,1.99739,,134,,293.2
651,2.0003,,135,,293.2
652,2.00343,,135,,293.2
653,2.0065,,135,,293.8
654,2.00971,,135,,293.8
655,2.01271,,135,,293.6
656,2.01599,,135,,293.2
657,2.01916,,135,,293.2
658,2.02188,,135,,293.4
659,2.02445,,135,,293.4
660,2.02745,,135,,293.6
661,2.03094,,135,,293.6
662,2.03484,,135,,293.6
663,2.03877,,135,,293.8
664,2.04278,,135,,293.8
665,2.04552,,134,,293.8
666,2.04706,,134,,293.8
667,2.04887,,134,,293.8
668,2.05138,,134,,294.2
669,2.05436,,134,,293.8
670,2.05707,,134,,293.6
671,2.05967,,134,,293.4
672,2.06233,,134,,293.2
673,2.06479,,135,,293.2
674,2.06711,,134,,293.2
675,2.06961,,134,,293.2
676,2.07253,,134,,293.2
677,2.07546,,134,,293.2
678,2.07823,,135,,293
679,2.08107,,135,,293.2
680,2.08416,,135,,293
681,2.08735,,135,,293
682,2.09111,,135,,293
683,2.0949,,136,,293
684,2.09878,,136,,293
685,2.10238,,136,,293.2
686,2.10632,,136,,293.2
687,2.11028,,136,,293.2
688,2.11387,,136,,293
689,2.11733,,136,,293.2
690,2.12094,,136,,293.2
691,2.12412,,136,,293.2
692,2.1266,,136,,293.2
693,2.12915,,135,,293.4
694,2.13209,,135,,293.4
695,2.13533,,136,,293.4
696,2.13842,,135,,293.6
697,2.14137,,135,,293.6
698,2.14397,,135,,293.8
699,2.1468,,135,,293.8
700,2.14989,,135,,294
701,2.1532,,135,,294
702,2.15632,,135,,294
703,2.15934,,135,,294.2
704,2.16265,,136,,294.2
705,2.16617,,136,,294.4
706,2.1697,,136,,294.4
707,2.17294,,136,,294.6
708,2.17625,,137,,294.8
709,2.17982,,137,,294.8
710,2.18335,,137,,295
711,2.1869,,138,,295.2
712,2.19024,,138,,295.4
713,2.19385,,138,,295.4
714,2.19745,,139,,295.6
715,2.20139,,139,,295.6
716,2.20489,,139,,295.6
717,2.20847,,139,,295.8
718,2.21196,,140,,295.8
719,2.21534,,140,,296
720,2.21874,,140,,296.2
721,2.22223,,140,,296.2
722,2.22558,,140,,296.4
723,2.22893,,140,,296.2
724,2.23234,,140,,295.8
725,2.23577,,140,,295.8
726,2.23951,,141,,296
727,2.24333,,140,,295.4
728,2.24712,,140,,294.8
729,2.25117,,140,,294.6
730,2.25512,,140,,294.2
731,2.25915,,140,,294
732,2.26315,,140,,293.8
733,2.26723,,139,,293.8
734,2.27158,,140,,293.6
735,2.27565,,140,,293.4
736,2.27944,,140,,293.4
737,2.28337,,140,,293.4
738,2.28706,,139,,293.2
739,2.2908,,140,,293.2
740,2.29425,,140,,293.2
741,2.29763,,139,,293.2
742,2.30098,,139,,293.2
743,2.30451,,140,,293.2
744,2.30808,,139,,293.4
745,2.31139,,140,,293.2
746,2.31436,,139,,293.2
747,2.31733,,139,,293
748,2.32076,,139,,293
749,2.32399,,139,,293
750,2.32748,,138,,293
751,2.33115,,138,,293
752,2.33477,,138,,293.2
753,2.3383,,138,,293
754,2.34157,,136,,293
755,2.34495,,135,,293
756,2.34817,,134,,293
757,2.35143,,134,,293.4
758,2.3547,,133,,293.6
759,2.35808,,133,,293.6
760,2.36158,,133,,293.6
761,2.365,,134,,293.6
762,2.3683,,134,,293.6
763,2.3714,,134,,293.6
764,2.37467,,134,,293.4
765,2.37811,,134,,293.2
766,2.38179,,134,,293
767,2.38537,,135,,292.8
768,2.38864,,135,,292.6
769,2.39212,,135,,292.4
770,2.3957,,136,,292
771,2.39912,,136,,291.8
772,2.40276,,136,,291.4
773,2.40629,,136,,291
774,2.40985,,136,,290.8
775,2.41306,,136,,290.4
776,2.41613,,137,,290.2
777,2.41945,,137,,289.6
778,2.42295,,137,,289.2
779,2.42665,,138,,289.2
780,2.4304,,139,,288.6
781,2.43381,,139,,288.6
782,2.43728,,139,,288.4
783,2.44088,,138,,288.4
784,2.44406,,138,,288.2
785,2.44725,,138,,288.2
786,2.45073,,138,,288.4
787,2.45397,,137,,288.4
788,2.45681,,137,,288.6
789,2.46007,,137,,288
790,2.46369,,137,,288.4
791,2.46721,,137,,288.2
792,2.47044,,136,,288.2
793,2.47362,,136,,288.2
794,2.47706,,136,,288
795,2.4807,,136,,287.8
796,2.48421,,136,,287.6
797,2.48833,,136,,287.6
798,2.49247,,136,,287.6
799,2.49687,,136,,287.6
800,2.50108,,136,,287.2
801,2.50561,,135,,287.2
802,2.50947,,135,,287.2
803,2.51347,,136,,286.8
804,2.51705,,135,,287
805,2.52083,,135,,287.2
806,2.52466,,135,,286.8
807,2.5284,,137,,286.4
808,2.53234,,139,,285.8
809,2.53599,,137,,286.4
810,2.53904,,137,,285.8
811,2.54197,,137,,285.2
812,2.54548,,137,,284.8
813,2.54905,,137,,284.6
814,2.55257,,137,,284.2
815,2.55627,,137,,283.8
816,2.55975,,140,,283.8
817,2.56321,,140,,283.8
818,2.56595,,138,,284.2
819,2.56883,,138,,284.2
820,2.5714,,137,,284.2
821,2.57417,,138,,284
822,2.5779,,137,,284.2
823,2.58121,,137,,284.2
824,2.58445,,137,,284.6
825,2.58733,,137,,284.4
826,2.59055,,137,,284.2
827,2.59343,,137,,284
828,2.59619,,137,,284
829,2.60013,,138,,284.2
830,2.60353,,137,,284.2
831,2.60744,,138,,284.4
832,2.61055,,137,,284.6
833,2.61389,,138,,285
834,2.61696,,138,,285
835,2.62053,,138,,285
836,2.62392,,137,,285
837,2.62711,,137,,285.6
838,2.6301,,137,,285.8
839,2.63343,,137,,285.8
840,2.63733,,138,,286
841,2.64105,,138,,286.4
842,2.64483,,138,,286.2
843,2.64811,,139,,286.4
844,2.65133,,139,,286.6
845,2.65415,,139,,286.8
846,2.65697,,140,,286.6
847,2.65971,,140,,287
848,2.66301,,140,,287.2
849,2.66571,,140,,287
850,2.66855,,141,,287
851,2.67182,,141,,287
852,2.67525,,141,,287
853,2.67858,,141,,287
854,2.68262,,141,,287.2
855,2.68625,,141,,287.2
856,2.68963,,141,,287
857,2.69304,,141,,287
858,2.69643,,140,,287
859,2.69959,,141,,287.2
860,2.7033,,140,,287.2
861,2.70665,,141,,287.4
862,2.71021,,140,,287.2
863,2.71324,,140,,287.2
864,2.71594,,140,,287
865,2.71909,,140,,286.8
866,2.72273,,140,,286.6
867,2.72607,,140,,286.6
868,2.73045,,140,,286.6
869,2.73423,,140,,286.4
870,2.73782,,140,,286.4
871,2.74105,,140,,286.2
872,2.74436,,140,,286.4
873,2.74738,,139,,286.4
874,2.75073,,140,,286.6
875,2.75371,,139,,286.6
876,2.7565,,139,,286.6
877,2.75918,,139,,286.8
878,2.76186,,139,,286.8
879,2.76464,,139,,287.2
880,2.76751,,140,,287.4
881,2.77038,,139,,287.2
882,2.77328,,139,,287.6
883,2.77616,,139,,287.8
884,2.77936,,139,,288
885,2.78315,,139,,287.8
886,2.7863,,139,,288.2
887,2.78903,,139,,288.4
888,2.79194,,139,,288.4
889,2.79489,,139,,288.6
890,2.79802,,138,,288.6
891,2.80127,,138,,288.6
892,2.8045,,137,,288.8
893,2.80768,,136,,288.8
894,2.81078,,136,,289.2
895,2.81392,,135,,289
896,2.81678,,135,,289.2
897,2.82019,,135,,289.4
898,2.82367,,134,,289.6
899,2.82714,,134,,289.6
900,2.83053,,135,,289.4
901,2.83393,,134,,289.6
902,2.83761,,135,,289.8
903,2.84164,,135,,289.8
904,2.84507,,135,,289.4
905,2.84869,,136,,289
906,2.85205,,136,,288.8
907,2.85525,,137,,288.4
908,2.85844,,136,,288.4
909,2.86224,,137,,288
910,2.86576,,137,,287.6
911,2.86936,,137,,287.6
912,2.87274,,136,,287.6
913,2.87608,,137,,287.8
914,2.87934,,137,,287.6
915,2.88273,,137,,287.4
916,2.88596,,137,,287.6
917,2.88887,,137,,287.8
918,2.89179,,137,,288
919,2.89466,,137,,287.8
920,2.89825,,138,,288.2
921,2.90113,,138,,288
922,2.9037,,137,,288
923,2.90621,,138,,288
924,2.90917,,138,,288.2
925,2.91254,,138,,288.2
926,2.91598,,137,,288.2
927,2.91921,,137,,288.4
928,2.92235,,138,,288.6
929,2.92535,,138,,288.6
930,2.92813,,138,,288.8
931,2.93111,,138,,289
932,2.93396,,138,,289
933,2.93697,,138,,289
934,2.94024,,138,,289.4
935,2.94314,,138,,289.4
936,2.94618,,139,,289.6
937,2.94917,,139,,290
938,2.95188,,139,,290
939,2.95435,,139,,290.2
940,2.95724,,139,,290.4
941,2.96024,,140,,290.4
942,2.96326,,140,,290.4
943,2.96636,,140,,290.6
944,2.96916,,141,,290.4
945,2.9722,,141,,290.2
946,2.97554,,141,,290
947,2.97884,,141,,290
948,2.98237,,140,,289.8
949,2.98563,,141,,289.8
950,2.98874,,140,,289.6
951,2.99208,,140,,289.4
952,2.99536,,140,,289.4
953,2.99878,,140,,289
954,3.00216,,139,,288.8
955,3.00567,,139,,288.6
956,3.00889,,138,,288.4
957,3.01178,,138,,288.2
958,3.01486,,137,,287.8
959,3.01819,,137,,287.6
960,3.02145,,136,,287.4
961,3.0257,,136,,287.2
962,3.02951,,135,,286.8
963,3.03372,,135,,286.4
964,3.0382,,135,,286
965,3.04203,,134,,286
966,3.04561,,134,,285.6
967,3.04905,,133,,285.4
968,3.05252,,133,,285.4
969,3.05544,,132,,285.4
970,3.05808,,131,,285.2
971,3.06005,,131,,285
972,3.06179,,131,,285
973,3.0636,,130,,285
974,3.0659,,130,,285.4
975,3.06864,,130,,285.6
976,3.07173,,131,,286
977,3.07461,,131,,286.2
978,3.07718,,131,,286.4
979,3.07997,,131,,286.8
980,3.08275,,131,,286.8
981,3.08542,,132,,286.8
982,3.08828,,132,,287
983,3.09065,,132,,287.2
984,3.0933,,133,,287.6
985,3.09562,,133,,287.8
986,3.0978,,134,,288
987,3.10029,,134,,288.2
988,3.10294,,135,,288.2
989,3.10553,,135,,288.4
990,3.10818,,136,,288.6
991,3.11034,,136,,288.8
992,3.1124,,137,,289
993,3.11459,,137,,289.2
994,3.11708,,138,,289.2
995,3.1194,,138,,289.6
996,3.12132,,138,,289.4
997,3.12363,,139,,289.8
998,3.12617,,139,,290.2
999,3.1285,,140,,290
1000,3.131,,140,,290
1001,3.13387,,140,,290
1002,3.13662,,140,,290.2
1003,3.13962,,140,,290.4
1004,3.14276,,140,,290.8
1005,3.14603,,140,,290.8
1006,3.14939,,141,,291
1007,3.15334,,141,,290.6
1008,3.15711,,141,,290.8
1009,3.16078,,141,,290.8
1010,3.16484,,141,,290.2
1011,3.16858,,142,,289.6
1012,3.17277,,141,,289.6
1013,3.17701,,141,,289.4
1014,3.18068,,141,,289.2
1015,3.18388,,141,,289
1016,3.18724,,142,,288.8
1017,3.19055,,141,,288.8
1018,3.19357,,142,,288.6
1019,3.19689,,141,,288.4
1020,3.20036,,141,,288.4
1021,3.20414,,141,,288
1022,3.20788,,141,,287.8
1023,3.21156,,141,,287.8
1024,3.21514,,141,,287.6
1025,3.21918,,141,,287.6
1026,3.22317,,140,,287.4
1027,3.22698,,140,,287.4
1028,3.23039,,140,,287.6
1029,3.23381,,140,,287.8
1030,3.23714,,140,,287.4
1031,3.24022,,140,,287.2
1032,3.24329,,140,,287.2
1033,3.24669,,140,,287.2
1034,3.25094,,140,,287.4
1035,3.255,,140,,287.6
1036,3.25885,,140,,287.6
1037,3.26283,,140,,287.6
1038,3.26584,,140,,288
1039,3.26917,,140,,287.8
1040,3.27249,,139,,288.2
1041,3.27567,,138,,288.2
1042,3.27862,,138,,288.4
1043,3.28161,,137,,288.6
1044,3.28464,,136,,288.8
1045,3.2877,,135,,288.6
1046,3.2917,,135,,288.4
1047,3.2955,,135,,288.2
1048,3.29854,,135,,288
1049,3.30146,,135,,288
1050,3.30448,,135,,288
1051,3.30715,,135,,288
1052,3.30984,,135,,287.8
1053,3.31291,,136,,287.8
1054,3.31622,,136,,287.6
1055,3.31936,,136,,287.6
1056,3.32258,,136,,287.4
1057,3.32653,,136,,288
1058,3.33039,,136,,287.6
1059,3.33292,,137,,287.4
1060,3.33529,,137,,287.2
1061,3.33839,,136,,286.8
1062,3.34124,,136,,286.8
1063,3.34438,,136,,286.8
1064,3.34711,,136,,286.8
1065,3.34982,,136,,286.6
1066,3.35265,,136,,286.6
1067,3.35567,,137,,286.6
1068,3.35888,,136,,286.4
1069,3.36198,,136,,286.4
1070,3.36539,,136,,286.4
1071,3.36879,,136,,286.4
1072,3.37212,,136,,286.4
1073,3.37556,,136,,286.4
1074,3.37947,,136,,286.6
1075,3.38289,,136,,286.6
1076,3.38604,,137,,286.6
1077,3.38925,,137,,286.8
1078,3.39233,,137,,287.2
1079,3.39611,,137,,287.2
1080,3.39874,,137,,287.2
1081,3.40227,,137,,287.2
1082,3.40526,,137,,287.4
1083,3.40821,,138,,287.6
1084,3.41118,,138,,287.4
1085,3.41452,,137,,287.2
1086,3.41846,,138,,287.4
1087,3.42304,,138,,287.4
1088,3.42807,,138,,287.6
1089,3.43242,,138,,287.6
1090,3.43668,,137,,287.6
1091,3.44024,,137,,287.4
1092,3.44388,,137,,287.4
1093,3.44789,,138,,287.4
1094,3.45224,,137,,287.2
1095,3.45615,,137,,287
1096,3.459,,137,,287
1097,3.46179,,137,,286.6
1098,3.46488,,137,,286.8
1099,3.46781,,137,,286.6
1100,3.47095,,137,,286.2
1101,3.474,,136,,286
1102,3.47705,,136,,285.8
1103,3.48021,,136,,285.6
1104,3.48316,,136,,285.6
1105,3.48576,,136,,286
1106,3.48865,,136,,285.6
1107,3.49168,,136,,285.2
1108,3.49465,,136,,284.8
1109,3.49743,,136,,284.8
1110,3.50016,,135,,284.8
1111,3.50302,,135,,284.6
1112,3.50626,,135,,284.6
1113,3.50964,,135,,284.6
1114,3.51261,,135,,284.6
1115,3.51563,,135,,284.6
1116,3.51885,,135,,284.6
1117,3.52202,,134,,285
1118,3.52566,,134,,284.4
1119,3.52925,,134,,284.2
1120,3.53297,,134,,284.8
1121,3.53632,,134,,284.8
1122,3.53963,,134,,285
1123,3.54271,,134,,284.2
1124,3.54596,,134,,284
1125,3.5496,,135,,284
1126,3.5528,,135,,284
1127,3.55665,,135,,284.2
1128,3.56008,,135,,284.4
1129,3.56295,,135,,284.6
1130,3.56592,,136,,284.8
1131,3.56875,,136,,285
1132,3.57177,,137,,285.2
1133,3.57511,,137,,285.6
1134,3.57822,,137,,285.8
1135,3.58125,,138,,286
1136,3.58423,,138,,286
1137,3.58737,,138,,286.4
1138,3.59015,,139,,286.6
1139,3.59303,,139,,287
1140,3.59586,,140,,287
1141,3.59911,,140,,286.8
1142,3.60232,,140,,286.8
1143,3.60572,,140,,286.8
1144,3.6089,,141,,287
1145,3.6123,,141,,287
1146,3.61556,,141,,287
1147,3.61898,,141,,287.2
1148,3.62279,,141,,287.2
1149,3.62626,,141,,287.4
1150,3.62984,,141,,287.4
1151,3.63349,,141,,287.6
1152,3.63689,,142,,287.8
1153,3.6398,,141,,288
1154,3.6424,,142,,287.8
1155,3.64526,,141,,287.8
1156,3.64804,,141,,288
1157,3.65078,,141,,288.2
1158,3.65338,,142,,288.2
1159,3.65566,,142,,288.2
1160,3.65793,,141,,288
1161,3.66026,,141,,287.8
1162,3.66229,,141,,287.8
1163,3.66434,,141,,288
1164,3.66659,,141,,288
1165,3.66918,,141,,288
1166,3.67183,,141,,288.2
1167,3.67461,,140,,288.4
1168,3.67721,,140,,288.4
1169,3.67988,,140,,288.6
1170,3.68268,,140,,288.8
1171,3.68565,,140,,289
1172,3.68899,,140,,289.2
1173,3.69203,,139,,289.6
1174,3.69533,,140,,289.6
1175,3.69813,,139,,289.8
1176,3.70112,,139,,290
1177,3.70402,,139,,290.2
1178,3.70694,,139,,290.6
1179,3.70969,,139,,291
1180,3.71205,,139,,291.2
1181,3.71455,,139,,291.4
1182,3.71761,,139,,291.4
1183,3.72062,,139,,291.8
1184,3.72358,,139,,292
1185,3.72624,,139,,292.4
1186,3.72886,,139,,292.2
1187,3.73179,,139,,292.6
1188,3.73496,,139,,292.6
1189,3.73761,,139,,292.8
1190,3.74048,,140,,292.8
1191,3.74308,,140,,292.8
1192,3.74554,,140,,293
1193,3.74797,,140,,293
1194,3.75022,,140,,293
1195,3.75304,,139,,293
1196,3.75556,,140,,293
1197,3.7581,,139,,293
1198,3.76053,,139,,293.4
1199,3.76296,,139,,293
1200,3.76561,,139,,292.8
1201,3.76817,,139,,292.6
1202,3.77116,,139,,292.6
1203,3.77388,,139,,292.8
1204,3.7767,,138,,293.2
1205,3.7796,,138,,293
1206,3.78238,,138,,292.8
1207,3.78528,,138,,293.2
1208,3.78823,,138,,293
1209,3.79116,,138,,292.8
1210,3.79396,,137,,292.8
1211,3.79706,,138,,292.8
1212,3.80012,,137,,292.6
1213,3.80341,,137,,292.6
1214,3.80653,,136,,292.6
1215,3.8097,,136,,292.4
1216,3.81292,,136,,292.4
1217,3.81665,,136,,292.2
1218,3.82015,,135,,292.2
1219,3.82345,,135,,292.2
1220,3.82689,,135,,292.2
1221,3.83024,,135,,292.4
1222,3.83373,,135,,292.4
1223,3.83699,,134,,292.4
1224,3.84023,,134,,292.4
1225,3.84355,,134,,292.6
1226,3.84681,,133,,292.4
1227,3.85034,,133,,292.4
1228,3.85363,,134,,292.6
1229,3.85687,,133,,292.6
1230,3.85993,,133,,292.8
1231,3.86281,,133,,293
1232,3.86568,,134,,293.2
1233,3.86879,,134,,293.4
1234,3.87152,,134,,293.4
1235,3.87409,,134,,293.6
1236,3.87681,,134,,293.6
1237,3.87968,,134,,294
1238,3.88265,,134,,294.2
1239,3.88552,,135,,294.4
1240,3.88814,,135,,294.4
1241,3.89075,,134,,294.4
1242,3.89316,,134,,294.4
1243,3.89596,,135,,294.4
1244,3.89888,,134,,294.6
1245,3.90185,,134,,294.8
1246,3.90496,,134,,294.6
1247,3.90817,,133,,294.4
1248,3.9113,,132,,294.8
1249,3.91446,,131,,294.6
1250,3.91764,,130,,294.8
1251,3.92084,,130,,294.8
1252,3.92399,,129,,294.8
1253,3.92711,,130,,294.6
1254,3.93043,,130,,294.6
1255,3.9337,,130,,294.6
1256,3.9366,,130,,294.4
1257,3.93959,,131,,294
1258,3.94276,,131,,293.8
1259,3.94588,,131,,293.8
1260,3.94901,,131,,293.4
1261,3.9519,,132,,293.2
1262,3.95488,,132,,293
1263,3.95826,,132,,293
1264,3.96147,,132,,293
1265,3.96447,,132,,293.2
1266,3.96736,,132,,293.2
1267,3.97022,,133,,293
1268,3.97308,,133,,292.8
1269,3.97611,,134,,292.8
1270,3.97919,,134,,292.8
1271,3.98255,,134,,292.6
1272,3.98596,,133,,292.4
1273,3.98958,,134,,292.6
1274,3.99307,,134,,292.6
1275,3.99631,,134,,292.6
1276,3.99928,,133,,292.6
1277,4.00201,,134,,292.6
1278,4.00449,,133,,292.6
1279,4.00709,,133,,292.6
1280,4.00984,,133,,292.6
1281,4.01235,,133,,292.6
1282,4.01512,,133,,292.6
1283,4.01766,,134,,292.2
1284,4.0204,,133,,292
1285,4.02329,,133,,292.2
1286,4.02602,,133,,292.2
1287,4.02889,,134,,292.4
1288,4.03136,,133,,292.2
1289,4.03399,,133,,292.2
1290,4.03707,,133,,292.2
1291,4.03969,,133,,292.2
1292,4.04242,,133,,292.6
1293,4.04541,,133,,292.6
1294,4.04804,,132,,292.2
1295,4.05113,,133,,292.4
1296,4.05464,,133,,292.4
1297,4.05859,,132,,292.4
1298,4.06268,,133,,292.6
1299,4.067,,132,,292.4
1300,4.07098,,133,,291.8
1301,4.0749,,133,,291.8
1302,4.07907,,132,,291.8
1303,4.08285,,132,,291.8
1304,4.0866,,132,,291.8
1305,4.09014,,133,,291.8
1306,4.09362,,133,,291.8
1307,4.09625,,133,,291.8
1308,4.09901,,133,,291.8
1309,4.10198,,133,,291.8
1310,4.1044,,133,,291.8
1311,4.10624,,133,,291.8
1312,4.1079,,134,,291.6
1313,4.1093,,134,,291.6
1314,4.11108,,134,,291.8
1315,4.11342,,134,,291.8
1316,4.11617,,134,,291.8
1317,4.11933,,134,,291.6
1318,4.12236,,134,,291.8
1319,4.12537,,134,,291.6
1320,4.12857,,133,,291.6
1321,4.13168,,132,,291.6
1322,4.13296,,132,,291.4
1323,4.13451,,131,,291.4
1324,4.13529,,130,,291.4
1325,4.13656,,130,,291.8
1326,4.13857,,128,,291.4
1327,4.1401,,127,,291.6
1328,4.14094,,126,,291.4
1329,4.14221,,125,,291.2
1330,4.1439,,124,,291.2
1331,4.14495,,122,,291.4
1332,4.14582,,121,,291.6
1333,4.14728,,120,,291.4
1334,4.14922,,120,,291.6
1335,4.15115,,120,,291.6
1336,4.15312,,120,,291.8
1337,4.15517,,119,,291.8
1338,4.15725,,119,,291.8
1339,4.1598,,119,,292
1340,4.16224,,120,,292.4
1341,4.16448,,120,,292.4
1342,4.16716,,120,,292.4
1343,4.16994,,121,,292
1344,4.17257,,121,,292
1345,4.17583,,121,,292
1346,4.17863,,121,,291.8
1347,4.18135,,121,,291.8
1348,4.18412,,121,,291.6
1349,4.18655,,122,,291.4
1350,4.18917,,122,,291.2
1351,4.19192,,122,,291.8
1352,4.19418,,122,,292
1353,4.19643,,123,,292
1354,4.19846,,123,,292.6
1355,4.20048,,124,,292.8
1356,4.20249,,124,,293
1357,4.20419,,125,,293.2
1358,4.20578,,125,,293.6
1359,4.20725,,125,,294
1360,4.20868,,126,,294.2
1361,4.21056,,127,,294.6
1362,4.21246,,128,,294.8
1363,4.21455,,128,,295
1364,4.21685,,128,,295.4
1365,4.219,,129,,295.6
1366,4.22129,,129,,296.2
1367,4.22316,,130,,296.4
1368,4.22483,,131,,296.6
1369,4.22688,,131,,297
1370,4.22901,,131,,297.4
1371,4.23132,,132,,297.6
1372,4.23356,,133,,297.8
1373,4.235,,133,,298
1374,4.23663,,134,,298.2
1375,4.23838,,134,,298.6
1376,4.24012,,135,,299
1377,4.24191,,135,,299.2
1378,4.24384,,136,,299.2
1379,4.24579,,137,,299.6
1380,4.24785,,137,,299.8
1381,4.24984,,138,,300.2
1382,4.25169,,138,,300.6
1383,4.25351,,138,,301
1384,4.25504,,139,,301.4
1385,4.25654,,139,,301.6
1386,4.25829,,139,,301.8
1387,4.25981,,140,,302
1388,4.2615,,140,,302.2
1389,4.26323,,140,,302.4
1390,4.26487,,140,,302.6
1391,4.26681,,141,,302.8
1392,4.26891,,141,,303
1393,4.27089,,141,,303.2
1394,4.2729,,142,,303.6
1395,4.27499,,142,,304
1396,4.27712,,142,,304.2
1397,4.27949,,142,,304.4
1398,4.28179,,142,,304.6
1399,4.28407,,142,,305
1400,4.28643,,143,,305.4
1401,4.28827,,143,,305.6
1402,4.29015,,143,,305.8
1403,4.2921,,143,,306
1404,4.29414,,143,,306.4
1405,4.29615,,143,,306.8
1406,4.29803,,143,,307
1407,4.30014,,144,,307.4
1408,4.30242,,144,,307.6
1409,4.3045,,144,,307.8
1410,4.30695,,144,,308.2
1411,4.30962,,144,,308.6
1412,4.31226,,144,,309
1413,4.3145,,144,,309
1414,4.31666,,144,,309.2
1415,4.31856,,144,,309.4
1416,4.32051,,143,,309.6
1417,4.32254,,144,,309.8
1418,4.32445,,143,,310
1419,4.32668,,143,,310.2
1420,4.32905,,143,,310.4
1421,4.3308,,143,,310.6
1422,4.33261,,143,,310.8
1423,4.33416,,143,,311
1424,4.33538,,142,,311
1425,4.33686,,141,,311.2
1426,4.33815,,140,,311.4
1427,4.33943,,140,,311.6
1428,4.3407,,139,,311.8
1429,4.34193,,138,,312
1430,4.34312,,137,,312.2
1431,4.34439,,137,,312.4
1432,4.34566,,136,,312.8
1433,4.34682,,135,,313
1434,4.34768,,134,,313
1435,4.34916,,134,,313
1436,4.35052,,133,,313.2
1437,4.3518,,132,,313.4
1438,4.35315,,132,,313.4
1439,4.35473,,132,,313.8
1440,4.35618,,131,,314.4
1441,4.35737,,130,,314.4
1442,4.35906,,130,,314.6
1443,4.36068,,130,,314.6
1444,4.36218,,130,,315
1445,4.36365,,130,,315.2
1446,4.36538,,130,,315.6
1447,4.36734,,130,,315.8
1448,4.36943,,131,,316.2
1449,4.37115,,130,,316.4
1450,4.37279,,131,,316.6
1451,4.37473,,130,,317
1452,4.3765,,131,,317.2
1453,4.37826,,131,,317.6
1454,4.38013,,131,,317.8
1455,4.38163,,131,,318
1456,4.3832,,132,,318.4
1457,4.38508,,132,,318.8
1458,4.38693,,132,,319
1459,4.38862,,132,,319.4
1460,4.39044,,132,,319.8
1461,4.3924,,132,,320.2
1462,4.3941,,132,,320.6
1463,4.39568,,132,,321
1464,4.39719,,132,,321.2
1465,4.39842,,132,,321.2
1466,4.3998,,132,,321.4
1467,4.40135,,132,,322
1468,4.40262,,132,,322
1469,4.40374,,132,,322
1470,4.40481,,132,,322.4
1471,4.40596,,133,,322.4
1472,4.4074,,132,,322.6
1473,4.40893,,132,,323
1474,4.41037,,133,,323
1475,4.41203,,132,,323.4
1476,4.41361,,132,,323.6
1477,4.41518,,132,,323.8
1478,4.41671,,132,,324
1479,4.41838,,132,,324.4
1480,4.42037,,132,,324.8
1481,4.42224,,132,,325.2
1482,4.42414,,132,,325.6
1483,4.42613,,132,,325.8
1484,4.42748,,132,,326
1485,4.42894,,133,,326.2
1486,4.43054,,133,,326.6
1487,4.43204,,133,,326.8
1488,4.43343,,133,,327.2
1489,4.43514,,134,,327.6
1490,4.43723,,134,,327.8
1491,4.4393,,134,,328.2
1492,4.44132,,134,,328.2
1493,4.44323,,134,,328.4
1494,4.44494,,134,,328.8
1495,4.44648,,134,,329
1496,4.44789,,133,,329.4
1497,4.44909,,133,,329.6
1498,4.45045,,133,,329.8
1499,4.45185,,133,,330.2
1500,4.45325,,133,,330.4
1501,4.45467,,132,,330.8
1502,4.45607,,132,,331
1503,4.4575,,132,,331.2
1504,4.45874,,131,,331.6
1505,4.46018,,131,,331.8
1506,4.46156,,131,,332
1507,4.46287,,131,,332.4
1508,4.46437,,130,,332.6
1509,4.46606,,130,,332.8
1510,4.46756,,130,,333.2
1511,4.46899,,130,,333.4
1512,4.47046,,130,,333.6
1513,4.47197,,130,,333.8
1514,4.47347,,130,,334.2
1515,4.47511,,130,,334.4
1516,4.47686,,131,,334.6
1517,4.47859,,131,,334.8
1518,4.48041,,131,,335.2
1519,4.48242,,131,,335.4
1520,4.48437,,132,,335.6
1521,4.48638,,132,,335.8
1522,4.48833,,132,,336.2
1523,4.49021,,133,,336.4
1524,4.49207,,133,,336.6
1525,4.49395,,133,,337
1526,4.49568,,133,,337.4
1527,4.49722,,133,,337.4
1528,4.49842,,133,,337.8
1529,4.49983,,133,,338.2
1530,4.5012,,133,,338.6
1531,4.50238,,133,,338.8
1532,4.50352,,132,,338.8
1533,4.50476,,132,,338.8
1534,4.50602,,132,,339
1535,4.50749,,132,,339.6
1536,4.50877,,132,,339.4
1537,4.51005,,131,,339.6
1538,4.51139,,131,,339.8
1539,4.51286,,130,,339.8
1540,4.5145,,129,,340.2
1541,4.51612,,129,,340.4
1542,4.5177,,128,,340.6
1543,4.51926,,127,,340.8
1544,4.52059,,127,,341
1545,4.5219,,126,,341
1546,4.5233,,126,,341.2
1547,4.52471,,125,,341.4
1548,4.52657,,125,,341.4
1549,4.52838,,125,,341.8
1550,4.53031,,125,,342.2
1551,4.53183,,124,,342.4
1552,4.5333,,123,,342.6
1553,4.53479,,123,,342.6
1554,4.53628,,122,,342.6
1555,4.53774,,122,,342.8
1556,4.53902,,121,,342.8
1557,4.54041,,121,,343.2
1558,4.54164,,121,,343.4
1559,4.54273,,120,,343.6
1560,4.54381,,120,,344
1561,4.54471,,120,,344
1562,4.54565,,119,,344
1563,4.547,,119,,344.2
1564,4.54796,,119,,344.2
1565,4.54974,,118,,344.2
1566,4.55147,,117,,344.6
1567,4.55313,,117,,344.6
1568,4.55444,,117,,344.6
1569,4.5561,,117,,344.8
1570,4.5576,,116,,344.8
1571,4.55901,,116,,345
1572,4.56044,,116,,345
1573,4.56206,,116,,345.6
1574,4.56384,,115,,345.6
1575,4.56528,,116,,345.6
1576,4.56664,,115,,345.8
1577,4.56858,,116,,346
1578,4.57087,,116,,346.2
1579,4.57327,,116,,346.4
1580,4.57578,,117,,346.8
1581,4.5782,,117,,347
1582,4.58069,,117,,347
1583,4.58338,,118,,347.4
1584,4.58561,,119,,347.6
1585,4.5878,,119,,347.8
1586,4.59007,,120,,348
1587,4.5925,,121,,348.4
1588,4.59493,,122,,348.4
1589,4.59703,,123,,348.8
1590,4.59926,,123,,349
1591,4.60187,,124,,349.2
1592,4.60385,,125,,349.6
1593,4.60599,,125,,349.8
1594,4.60842,,126,,350
1595,4.61075,,126,,350.2
1596,4.61308,,127,,350.4
1597,4.61523,,127,,350.6
1598,4.61712,,128,,351
1599,4.61874,,128,,351.4
1600,4.61987,,127,,351.4
1601,4.62114,,127,,351.6
1602,4.62248,,127,,352
1603,4.62404,,127,,351.6
1604,4.62592,,127,,351.8
1605,4.62814,,127,,352
1606,4.63041,,127,,352
1607,4.63301,,127,,352.2
1608,4.63554,,127,,352.4
1609,4.63784,,127,,352.6
1610,4.64038,,127,,352.8
1611,4.6426,,127,,353
1612,4.64497,,128,,353.2
1613,4.64742,,128,,353.4
1614,4.64975,,128,,353.8
1615,4.65228,,128,,354
1616,4.65465,,128,,354.2
1617,4.65691,,129,,354.6
1618,4.65926,,129,,354.8
1619,4.66177,,129,,355.2
1620,4.66433,,130,,355.4
1621,4.66685,,130,,355.6
1622,4.66919,,130,,355.8
1623,4.67129,,130,,356
1624,4.67317,,130,,356.2
1625,4.67493,,130,,356.6
1626,4.67582,,130,,356.8
1627,4.67713,,130,,356.6
1628,4.67873,,129,,356.8
1629,4.68043,,129,,357
1630,4.68216,,129,,357.2
1631,4.68359,,129,,357.4
1632,4.68512,,128,,357.4
1633,4.68658,,127,,357.6
1634,4.68792,,127,,357.8
1635,4.68928,,126,,358
1636,4.69069,,125,,358.2
1637,4.692,,125,,358.4
1638,4.69335,,124,,358.6
1639,4.69505,,123,,358.8
1640,4.69663,,123,,359
1641,4.69826,,122,,359.2
1642,4.69983,,121,,359.4
1643,4.70181,,121,,359.8
1644,4.7037,,121,,360
1645,4.70571,,121,,360.2
1646,4.70784,,121,,360.4
1647,4.70988,,121,,360.8
1648,4.71175,,133,,361
1649,4.7137,,147,,361.2
1650,4.7158,,147,,361.4
1651,4.71745,,147,,361.8
1652,4.71903,,147,,362
1653,4.72065,,147,,362.6
1654,4.72181,,147,,362.8
1655,4.72264,,142,,363
1656,4.7233,,142,,363.2
1657,4.7238,,139,,363.4
1658,4.72504,,135,,363.4
1659,4.72673,,132,,363.8
1660,4.72855,,130,,363.8
1661,4.73053,,130,,364
1662,4.73253,,135,,364.2
1663,4.73461,,135,,364.6
1664,4.73673,,135,,364.8
1665,4.73894,,145,,365.2
1666,4.74106,,156,,365.4
1667,4.74347,,156,,365.6
1668,4.74582,,179,,366
1669,4.74816,,179,,366.6
1670,4.75014,,179,,366.8
1671,4.75214,,179,,367
1672,4.75412,,179,,367.2
1673,4.7562,,179,,367.6
1674,4.75783,,179,,367.8
1675,4.75913,,179,,368
1676,4.76042,,179,,368.4
1677,4.76147,,179,,368.6
1678,4.7627,,179,,368.8
1679,4.76381,,179,,369
1680,4.76483,,179,,369.4
1681,4.76603,,179,,369.6
1682,4.76738,,179,,369.8
1683,4.76849,,179,,370
1684,4.76951,,181,,370.2
1685,4.77064,,178,,370.4
1686,4.77165,,178,,370.6
1687,4.77287,,178,,371
1688,4.774,,178,,371.4
1689,4.77485,,179,,371.6
1690,4.77544,,179,,371.6
1691,4.7762,,171,,371.6
1692,4.77693,,171,,371.4
1693,4.77846,,171,,371.4
1694,4.77951,,171,,371.6
1695,4.78044,,171,,371.4
1696,4.78242,,171,,371.2
1697,4.78436,,171,,371.4
1698,4.78681,,171,,371.4
1699,4.78952,,171,,371.6
1700,4.79209,,179,,371.4
1701,4.795,,179,,371.4
1702,4.79805,,184,,371.4
1703,4.80096,,184,,371.6
1704,4.80385,,188,,371.6
1705,4.80667,,188,,371.8
1706,4.809,,188,,371.8
1707,4.81167,,188,,372
1708,4.81412,,188,,372
1709,4.8172,,188,,372
1710,4.81994,,188,,372.2
1711,4.82242,,188,,372.8
1712,4.82425,,188,,372.8
1713,4.82661,,188,,372.6
1714,4.82877,,177,,372.2
1715,4.83085,,177,,372
1716,4.83315,,177,,372
1717,4.83569,,177,,372
1718,4.83805,,177,,371.8
1719,4.84029,,173,,371.6
1720,4.84303,,167,,371.4
1721,4.84617,,167,,371.4
1722,4.84975,,167,,371.6
1723,4.85318,,167,,371.4
1724,4.85674,,167,,370.8
1725,4.86046,,162,,370.8
1726,4.86417,,154,,370.8
1727,4.86754,,151,,370.8
1728,4.87096,,148,,370.6
1729,4.87459,,143,,370.6
1730,4.8783,,138,,370.6
1731,4.88137,,138,,370.6
1732,4.88437,,138,,370.6
1733,4.88713,,138,,370.6
1734,4.88995,,138,,370.8
1735,4.893,,138,,370.6
1736,4.89572,,136,,370.2
1737,4.89875,,135,,370
1738,4.90209,,133,,369.6
1739,4.90538,,132,,369.2
1740,4.90845,,131,,369
1741,4.91118,,131,,369
1742,4.914,,130,,368.6
1743,4.91629,,130,,368.2
1744,4.91837,,130,,367.8
1745,4.92005,,129,,367.6
1746,4.92125,,129,,367.2
1747,4.92279,,128,,367
1748,4.9251,,128,,366.8
1749,4.9277,,127,,366.6
1750,4.93055,,127,,366.6
1751,4.93323,,127,,366.6
1752,4.93569,,126,,366.2
1753,4.93843,,126,,366.2
1754,4.94154,,125,,366
1755,4.94455,,125,,365.4
1756,4.94734,,124,,365
1757,4.9499,,124,,364.8
1758,4.95232,,123,,364.4
1759,4.9543,,123,,364.2
1760,4.95589,,122,,363.8
1761,4.95716,,122,,363.4
1762,4.95843,,121,,363
1763,4.95989,,120,,362.6
1764,4.96161,,119,,362.2
1765,4.96352,,118,,361.8
1766,4.96542,,117,,361.2
1767,4.96712,,117,,360.8
1768,4.96911,,117,,360.2
1769,4.97125,,117,,359.8
1770,4.97339,,117,,359.2
1771,4.97533,,117,,359
1772,4.97686,,117,,358.6
1773,4.9779,,117,,358.4
1774,4.97932,,117,,358
1775,4.98049,,117,,358
1776,4.98178,,116,,357.6
1777,4.98274,,116,,357
1778,4.98373,,116,,356.6
1779,4.98478,,116,,356
1780,4.98631,,116,,355.6
1781,4.98815,,116,,355.4
1782,4.98966,,116,,355.2
1783,4.99149,,124,,355
1784,4.99323,,124,,354.8
1785,4.99542,,124,,354.6
1786,4.99833,,128,,354.4
1787,5.00197,,133,,354
1788,5.00571,,133,,353.8
1789,5.00955,,131,,353.8
1790,5.01362,,127,,353.8
1791,5.01745,,125,,353.6
1792,5.02129,,122,,353.6
1793,5.02497,,121,,353.4
1794,5.02879,,120,,353.2
1795,5.03239,,119,,353.2
1796,5.03595,,119,,353.2
1797,5.03949,,119,,353.4
1798,5.0427,,119,,353.6
1799,5.04582,,119,,353.8
1800,5.04871,,120,,353.8
1801,5.05179,,120,,353.8
1802,5.0547,,120,,354
1803,5.05784,,120,,354
1804,5.06129,,120,,354
1805,5.06434,,120,,354
1806,5.06739,,120,,354
1807,5.07028,,120,,354.2
1808,5.07329,,120,,354.4
1809,5.07619,,120,,354.6
1810,5.07939,,120,,354.6
1811,5.08241,,120,,354.8
1812,5.08532,,120,,355
1813,5.0884,,120,,355
1814,5.09137,,120,,355
1815,5.09445,,120,,355
1816,5.09736,,120,,355
1817,5.10036,,120,,355.2
1818,5.10344,,121,,355.2
1819,5.1062,,122,,355.4
1820,5.10888,,122,,355.4
1821,5.11157,,122,,355.4
1822,5.11425,,122,,355.4
1823,5.11704,,125,,355.6
1824,5.11961,,126,,356
1825,5.12185,,127,,356.4
1826,5.12405,,128,,356.6
1827,5.12632,,129,,356.8
1828,5.12852,,129,,357
1829,5.1307,,130,,357.2
1830,5.13294,,131,,357.6
1831,5.13513,,131,,357.8
1832,5.13697,,131,,358
1833,5.13856,,132,,358.2
1834,5.13999,,132,,358.4
1835,5.1412,,132,,358.6
1836,5.14258,,132,,358.8
1837,5.14394,,132,,359
1838,5.14527,,132,,359
1839,5.14665,,131,,359.2
1840,5.14806,,131,,359.4
1841,5.14943,,131,,359.8
1842,5.1506,,131,,360.4
1843,5.15167,,131,,360.6
1844,5.1527,,130,,360.6
1845,5.15362,,130,,360.4
1846,5.15474,,129,,360.6
1847,5.15601,,129,,360.8
1848,5.15732,,129,,361
1849,5.15848,,129,,361.2
1850,5.15971,,128,,361.4
1851,5.16099,,128,,361.6
1852,5.16229,,128,,362
1853,5.16375,,127,,362.2
1854,5.16503,,128,,362.4
1855,5.1663,,127,,362.8
1856,5.16738,,127,,363
1857,5.16853,,127,,363.2
1858,5.16967,,127,,363.4
1859,5.17069,,127,,363.8
1860,5.17177,,126,,364
1861,5.17308,,126,,364.2
1862,5.1741,,126,,364.4
1863,5.17486,,125,,364.8
1864,5.17606,,125,,365
1865,5.17723,,125,,365.2
1866,5.17837,,125,,365.4
1867,5.17921,,125,,365.6
1868,5.18051,,125,,365.8
1869,5.18174,,124,,366
1870,5.18304,,124,,366.4
1871,5.18436,,124,,366.6
1872,5.1857,,125,,366.6
1873,5.18705,,125,,367
1874,5.18849,,129,,367.2
1875,5.18976,,129,,367.6
1876,5.19094,,129,,367.8
1877,5.19176,,131,,368.2
1878,5.19325,,131,,368.4
1879,5.19464,,131,,368.6
1880,5.19606,,143,,369
1881,5.19766,,143,,369.4
1882,5.19934,,141,,369.6
1883,5.20095,,140,,369.6
1884,5.2024,,140,,369.8
1885,5.20399,,140,,370
1886,5.20559,,142,,370.2
1887,5.2072,,142,,370.2
1888,5.20884,,140,,370.4
1889,5.21046,,140,,370.4
1890,5.21198,,140,,370.6
1891,5.21345,,141,,371.2
1892,5.2149,,141,,371.2
1893,5.21623,,141,,371.4
1894,5.21746,,141,,371.6
1895,5.21882,,144,,371.8
1896,5.22009,,144,,371.8
1897,5.22147,,144,,371.8
1898,5.22311,,144,,372
1899,5.22407,,155,,372
1900,5.22451,,155,,372
1901,5.22464,,155,,372
1902,5.22468,,155,,372.2
1903,5.22503,,155,,372.2
1904,5.22571,,166,,372.2
1905,5.22681,,166,,372.4
1906,5.22787,,166,,372.6
1907,5.22892,,166,,373.2
1908,5.23007,,166,,373.4
1909,5.23141,,166,,373.2
1910,5.23273,,166,,373.4
1911,5.23403,,166,,373.8
1912,5.23534,,154,,373.8
1913,5.23671,,149,,374.2
1914,5.23788,,145,,374.2
1915,5.23904,,140,,374.2
1916,5.24046,,136,,374.4
1917,5.24173,,136,,374.8
1918,5.2431,,136,,375.2
1919,5.24458,,136,,375.2
1920,5.24587,,136,,375.2
1921,5.24714,,132,,375.6
1922,5.2483,,132,,375.8
1923,5.24966,,132,,376.2
1924,5.2511,,132,,376.2
1925,5.25259,,142,,376
1926,5.25386,,142,,375.8
1927,5.25514,,142,,375.8
1928,5.25666,,186,,375.8
1929,5.25811,,186,,375.8
1930,5.25951,,191,,376
1931,5.26102,,191,,376
1932,5.26254,,191,,376
1933,5.26388,,191,,376
1934,5.26517,,191,,376
1935,5.26649,,191,,376
1936,5.26782,,191,,376.2
1937,5.26929,,191,,375.8
1938,5.27086,,191,,375.6
1939,5.27289,,180,,375.6
1940,5.27547,,180,,375.4
1941,5.27824,,180,,375.4
1942,5.28115,,180,,375.2
1943,5.28428,,181,,375
1944,5.28757,,181,,375
1945,5.2906,,181,,375.2
1946,5.29342,,181,,375.2
1947,5.29621,,181,,375.4
1948,5.29878,,181,,375.8
1949,5.30123,,181,,376
1950,5.30367,,181,,376.4
1951,5.30601,,189,,376.8
1952,5.3083,,189,,377
1953,5.31055,,189,,377.6
1954,5.31276,,189,,378
1955,5.31507,,189,,378.2
1956,5.31718,,189,,378.6
1957,5.31943,,189,,378.6
1958,5.3218,,184,,378.8
1959,5.32433,,184,,378.6
1960,5.32693,,191,,378.2
1961,5.32966,,191,,378
1962,5.33271,,191,,377.6
1963,5.33592,,191,,377.2
1964,5.33912,,191,,377.2
1965,5.34238,,191,,377
1966,5.34557,,191,,376.8
1967,5.34869,,191,,376.6
1968,5.35164,,191,,376.4
1969,5.35466,,191,,376.2
1970,5.35766,,191,,376
1971,5.36072,,191,,375.8
1972,5.36376,,193,,376
1973,5.36681,,193,,376
1974,5.3697,,193,,376
1975,5.37245,,193,,376
1976,5.37527,,193,,375.8
1977,5.37849,,193,,375.6
1978,5.38159,,193,,376
1979,5.38473,,194,,376
1980,5.38773,,194,,375.8
1981,5.39065,,194,,375.8
1982,5.39365,,201,,375.8
1983,5.39655,,201,,376
1984,5.39943,,197,,376.2
1985,5.40217,,197,,376.2
1986,5.40478,,197,,376.4
1987,5.4073,,197,,376.6
1988,5.40968,,197,,376.8
1989,5.41196,,194,,377
1990,5.41428,,194,,377.2
1991,5.41648,,194,,377.4
1992,5.41875,,194,,377.4
1993,5.42139,,194,,377.6
1994,5.42433,,194,,377.6
1995,5.42738,,194,,377.4
1996,5.43067,,194,,377.4
1997,5.43357,,192,,377.6
1998,5.43646,,198,,377.6
1999,5.43933,,199,,377.4
2000,5.4422,,199,,377.4
2001,5.44522,,199,,377.4
2002,5.44798,,200,,377.4
2003,5.45086,,200,,377.4
2004,5.45349,,200,,377.4
2005,5.45629,,200,,377.6
2006,5.45924,,200,,377.6
2007,5.46197,,195,,377.8
2008,5.46444,,195,,378
2009,5.4672,,195,,378.2
2010,5.46997,,199,,378.2
2011,5.47273,,199,,378.4
2012,5.47548,,199,,378.6
2013,5.47828,,201,,378.8
2014,5.48118,,201,,379
2015,5.48388,,201,,379.2
2016,5.48657,,201,,379.6
2017,5.48923,,201,,379.8
2018,5.49177,,201,,380
2019,5.49435,,203,,380.2
2020,5.49706,,206,,380.6
2021,5.49975,,206,,381.2
2022,5.50245,,206,,381.4
2023,5.50475,,206,,381.6
2024,5.50719,,206,,381.8
2025,5.5097,,206,,381.8
2026,5.51213,,206,,382
2027,5.51446,,206,,382.2
2028,5.51704,,206,,382.4
2029,5.51938,,206,,382.8
2030,5.52202,,206,,383
2031,5.5245,,206,,383
2032,5.52692,,206,,382.8
2033,5.52956,,206,,382.8
2034,5.53198,,206,,383
2035,5.53454,,206,,383.2
2036,5.5371,,206,,383
2037,5.53975,,206,,382.8
2038,5.54255,,206,,382.8
2039,5.54532,,206,,382.8
2040,5.54803,,212,,382.8
2041,5.55075,,212,,382.6
2042,5.55345,,212,,382.6
2043,5.55647,,212,,382.6
2044,5.55947,,210,,382.6
2045,5.5621,,208,,382.6
2046,5.56486,,208,,382.4
2047,5.56788,,208,,382.4
2048,5.57095,,208,,382.6
2049,5.5742,,208,,382.4
2050,5.57749,,208,,382.2
2051,5.58072,,214,,382
2052,5.58395,,213,,381.8
2053,5.58722,,213,,381.6
2054,5.59018,,215,,381.4
2055,5.59314,,215,,381.2
2056,5.59621,,220,,381
2057,5.59948,,226,,380.6
2058,5.60291,,226,,380.2
2059,5.60609,,226,,380
2060,5.60928,,228,,379.8
2061,5.61218,,223,,379.6
2062,5.61511,,223,,379.2
2063,5.61818,,223,,379
2064,5.62111,,223,,378.8
2065,5.62411,,223,,378.6
2066,5.62695,,230,,378.6
2067,5.62958,,230,,378.4
2068,5.63226,,226,,378.2
2069,5.63499,,226,,378.2
2070,5.63766,,223,,378
2071,5.64054,,223,,377.8
2072,5.64359,,216,,377.6
2073,5.64637,,216,,377.4
2074,5.64945,,215,,377
2075,5.65279,,215,,376.8
2076,5.656,,216,,376.4
2077,5.65915,,216,,376.2
2078,5.66218,,216,,376
2079,5.66527,,216,,375.6
2080,5.66823,,216,,375.4
2081,5.67135,,210,,375.2
2082,5.67454,,206,,375
2083,5.67791,,206,,374.6
2084,5.68142,,206,,374.4
2085,5.68492,,206,,374.2
2086,5.6882,,206,,374
2087,5.69151,,204,,373.6
2088,5.69485,,204,,373.4
2089,5.69817,,202,,373.2
2090,5.7015,,202,,373
2091,5.7047,,210,,372.6
2092,5.70798,,210,,372.8
2093,5.71156,,210,,372.6
2094,5.71532,,210,,372.4
2095,5.71868,,210,,372.2
2096,5.72211,,210,,372.2
2097,5.72587,,210,,372
2098,5.72974,,210,,372
2099,5.73323,,210,,372.2
2100,5.73663,,210,,372.2
2101,5.73997,,205,,372.4
2102,5.7432,,205,,372.4
2103,5.74636,,205,,372.4
2104,5.7497,,205,,372.4
2105,5.75311,,205,,372.4
2106,5.75607,,205,,372.6
2107,5.75902,,205,,372.8
2108,5.76203,,205,,372.8
2109,5.76495,,217,,373
2110,5.76767,,217,,373.2
2111,5.7704,,217,,373.4
2112,5.77338,,211,,373.4
2113,5.77633,,211,,373.2
2114,5.77957,,211,,373.2
2115,5.78266,,205,,373
2116,5.78551,,202,,372.8
2117,5.78832,,206,,372.6
2118,5.79124,,206,,372.4
2119,5.79422,,211,,372.2
2120,5.79696,,205,,372
2121,5.79976,,208,,371.6
2122,5.80277,,208,,371.4
2123,5.80587,,211,,371.2
2124,5.80909,,210,,371
2125,5.81222,,210,,370.8
2126,5.81516,,214,,370.6
2127,5.81768,,217,,370
2128,5.81993,,215,,369.6
2129,5.822,,213,,369.2
2130,5.82408,,213,,369
2131,5.82596,,213,,368.8
2132,5.8277,,213,,368.6
2133,5.83023,,213,,368.6
2134,5.83293,,214,,368.6
2135,5.83596,,213,,368.4
2136,5.83877,,213,,368.4
2137,5.84179,,213,,368.2
2138,5.84502,,208,,368.2
2139,5.84812,,203,,368.2
2140,5.85136,,203,,368.2
2141,5.8543,,204,,368.4
2142,5.85718,,208,,368.6
2143,5.86024,,208,,368.6
2144,5.86295,,204,,368.6
2145,5.86568,,204,,368.6
2146,5.86855,,209,,368.6
2147,5.87153,,209,,368.8
2148,5.87441,,209,,368.8
2149,5.87677,,209,,369.2
2150,5.8792,,209,,369.2
2151,5.88137,,209,,368.8
2152,5.88375,,208,,369.2
2153,5.88603,,208,,369.4
2154,5.8885,,208,,369.6
2155,5.89117,,208,,369.6
2156,5.8942,,208,,369.6
2157,5.89691,,208,,369.8
2158,5.89945,,208,,369.8
2159,5.9022,,208,,370
2160,5.90488,,209,,369.8
2161,5.90765,,209,,370
2162,5.91055,,209,,370.2
2163,5.91354,,210,,370.4
2164,5.91685,,210,,370.6
2165,5.92005,,210,,370.4
2166,5.92284,,210,,370.2
2167,5.92602,,212,,369.8
2168,5.92929,,212,,369.6
2169,5.93255,,212,,369.2
2170,5.93555,,208,,369
2171,5.94178,,208,,368.8
2172,5.94178,,208,,368.4
2173,5.94483,,208,,368
2174,5.94766,,208,,367.8
2175,5.95083,,208,,367.6
2176,5.95391,,208,,367.4
2177,5.95678,,218,,367.2
2178,5.95939,,222,,367
2179,5.96208,,222,,366.6
2180,5.96524,,223,,366.2
2181,5.96844,,219,,366
2182,5.9713,,219,,365.8
2183,5.97408,,216,,365.6
2184,5.97724,,216,,365.4
2185,5.97999,,216,,364.8
2186,5.9828,,216,,364.4
2187,5.98608,,217,,364.2
2188,5.98939,,221,,363.8
2189,5.99262,,223,,363.4
2190,5.99605,,227,,363.2
2191,5.99934,,227,,362.8
2192,6.00263,,222,,362.4
2193,6.00605,,222,,362.4
2194,6.00942,,223,,361.8
2195,6.01259,,223,,361.4
2196,6.0155,,223,,361.4
2197,6.01824,,223,,361.4
2198,6.02111,,223,,361.2
2199,6.02436,,223,,361.2
2200,6.02798,,221,,360.6
2201,6.03131,,221,,360.4
2202,6.03424,,221,,360.2
2203,6.03741,,218,,359.8
2204,6.04079,,218,,359.6
2205,6.04406,,218,,359.4
2206,6.04725,,218,,358.8
2207,6.05006,,209,,358.4
2208,6.05297,,210,,358
2209,6.05565,,210,,357.2
2210,6.05796,,210,,356.8
2211,6.06052,,210,,356.4
2212,6.06327,,210,,356
2213,6.06622,,210,,355.8
2214,6.06979,,210,,355.4
2215,6.07355,,213,,355.2
2216,6.07701,,213,,354.8
2217,6.08027,,213,,354.6
2218,6.08388,,213,,354.2
2219,6.08721,,208,,353.8
2220,6.09092,,208,,353.6
2221,6.09478,,210,,353.6
2222,6.09821,,210,,353.6
2223,6.10109,,210,,353.6
2224,6.1037,,204,,354
2225,6.10673,,204,,354
2226,6.10898,,204,,354.2
2227,6.1111,,204,,354.6
2228,6.1129,,204,,354.8
2229,6.11526,,204,,354.8
2230,6.1177,,204,,355.2
2231,6.12028,,204,,355.4
2232,6.12255,,204,,355.4
2233,6.12483,,206,,355.8
2234,6.12672,,206,,355.8
2235,6.12906,,206,,356
2236,6.13126,,206,,356.2
2237,6.13346,,195,,356.2
2238,6.13578,,192,,356
2239,6.13878,,192,,355.8
2240,6.14171,,187,,355.8
2241,6.14486,,187,,355.6
2242,6.14812,,187,,355.4
2243,6.15141,,187,,355.2
2244,6.15452,,187,,355
2245,6.15756,,187,,354.8
2246,6.16085,,187,,354.8
2247,6.16409,,187,,354.8
2248,6.16732,,187,,354.6
2249,6.17034,,187,,354.6
2250,6.17335,,183,,354.2
2251,6.17642,,183,,354
2252,6.17944,,183,,353.8
2253,6.18249,,183,,353.4
2254,6.18593,,183,,353.2
2255,6.18961,,183,,353
2256,6.19318,,183,,353
2257,6.19688,,183,,352.8
2258,6.20066,,190,,352.6
2259,6.20435,,190,,352.4
2260,6.20796,,190,,352.2
2261,6.21137,,190,,352.2
2262,6.21482,,190,,352
2263,6.21801,,190,,351.8
2264,6.22144,,193,,351.8
2265,6.22466,,193,,351.8
2266,6.22787,,193,,351.6
2267,6.23103,,193,,351.4
2268,6.23433,,196,,351.4
2269,6.23765,,196,,351.4
2270,6.24045,,195,,351.6
2271,6.24323,,195,,351.4
2272,6.24627,,195,,351.4
2273,6.24878,,195,,351.4
2274,6.25135,,202,,351.4
2275,6.25363,,208,,351.2
2276,6.25633,,208,,351.2
2277,6.2592,,208,,351.2
2278,6.26194,,207,,351.2
2279,6.26434,,207,,351
2280,6.26693,,207,,350.8
2281,6.27014,,207,,350.8
2282,6.2733,,207,,350.8
2283,6.27633,,207,,350.8
2284,6.27923,,200,,350.8
2285,6.28232,,200,,350.8
2286,6.28482,,200,,351
2287,6.28734,,200,,351
2288,6.28984,,200,,351
2289,6.29251,,200,,351
2290,6.2952,,200,,351.2
2291,6.29757,,200,,351.4
2292,6.30013,,200,,351.4
2293,6.30298,,200,,351.4
2294,6.30565,,200,,351.4
2295,6.30816,,204,,351.6
2296,6.31073,,204,,351.6
2297,6.31322,,204,,351.6
2298,6.31591,,197,,351.8
2299,6.31848,,197,,352
2300,6.32099,,197,,352
2301,6.32319,,197,,352
2302,6.32525,,197,,352.2
2303,6.32668,,197,,352.2
2304,6.32818,,197,,352.4
2305,6.33012,,197,,352.4
2306,6.33192,,197,,352.6
2307,6.33331,,197,,352.8
2308,6.33502,,197,,353
2309,6.3365,,197,,353
2310,6.33809,,197,,353
2311,6.33966,,197,,353.4
2312,6.34122,,197,,353.6
2313,6.34272,,197,,353.4
2314,6.34422,,197,,353
2315,6.34552,,197,,352.8
2316,6.34659,,190,,352.6
2317,6.34788,,180,,352.4
2318,6.3492,,180,,352.2
2319,6.35053,,180,,352.4
2320,6.35182,,180,,352.8
2321,6.35335,,180,,352.2
2322,6.3551,,172,,352.2
2323,6.35695,,164,,352
2324,6.35924,,151,,351.6
2325,6.36209,,141,,351.8
2326,6.36564,,134,,351.2
2327,6.36955,,129,,351
2328,6.37327,,129,,351
2329,6.37718,,125,,350.8
2330,6.38117,,123,,350.8
2331,6.38494,,121,,350.8
2332,6.38843,,120,,350.8
2333,6.3919,,119,,350.8
2334,6.39555,,118,,350.6
2335,6.39904,,117,,350.4
2336,6.4027,,117,,350.6
2337,6.40642,,117,,350.2
2338,6.40993,,117,,349.6
2339,6.41324,,117,,349.4
2340,6.41654,,117,,349.2
2341,6.41975,,118,,349
2342,6.42304,,118,,349
2343,6.42642,,118,,348.8
2344,6.4297,,119,,348.6
2345,6.43296,,119,,348.4
2346,6.43627,,119,,348
2347,6.43971,,120,,347.8
2348,6.44306,,120,,347.4
2349,6.44644,,120,,347
2350,6.45,,120,,346.8
2351,6.4537,,120,,346.6
2352,6.45721,,121,,346
2353,6.46055,,121,,345.8
2354,6.46372,,121,,345.4
2355,6.46687,,121,,345.2
2356,6.47002,,121,,344.8
2357,6.47343,,121,,344.4
2358,6.47675,,121,,344.2
2359,6.48006,,122,,343.8
2360,6.48349,,122,,343.6
2361,6.487,,122,,343.2
2362,6.4907,,122,,342.8
2363,6.49409,,122,,342.4
2364,6.49754,,123,,342.2
2365,6.50092,,123,,342
2366,6.50471,,123,,341.6
2367,6.50841,,123,,341.4
2368,6.51244,,123,,341.2
2369,6.51625,,124,,341.2
2370,6.52035,,124,,340.8
2371,6.52401,,124,,340.6
2372,6.52772,,124,,340.4
2373,6.53179,,125,,340.2
2374,6.53581,,125,,340
2375,6.53966,,125,,339.6
2376,6.54341,,124,,339.4
2377,6.54716,,125,,339.2
2378,6.55066,,125,,339
2379,6.55404,,124,,338.8
2380,6.5576,,125,,338.6
2381,6.56128,,124,,338.4
2382,6.56487,,124,,338.2
2383,6.56821,,125,,338
2384,6.57162,,124,,338
2385,6.57477,,124,,337.6
2386,6.57804,,124,,337.4
2387,6.58137,,124,,337.2
2388,6.58461,,124,,337
2389,6.58784,,124,,336.6
2390,6.59096,,123,,336.2
2391,6.5941,,123,,336
2392,6.59731,,123,,335.6
2393,6.60031,,123,,335
2394,6.60329,,123,,334.4
2395,6.60645,,123,,334
2396,6.60977,,123,,333.6
2397,6.61321,,123,,333.4
2398,6.61658,,123,,333
2399,6.61985,,123,,332.6
2400,6.62338,,122,,332
2401,6.62713,,123,,331.6
2402,6.63072,,123,,331
2403,6.63424,,122,,330.6
2404,6.63769,,122,,330.4
2405,6.64143,,122,,330
2406,6.6453,,122,,329.6
2407,6.64921,,122,,329.4
2408,6.65286,,123,,329.2
2409,6.65636,,122,,329
2410,6.65989,,122,,328.6
2411,6.66342,,122,,328.4
2412,6.66689,,122,,328.2
2413,6.67033,,122,,328
2414,6.67372,,121,,327.8
2415,6.67721,,121,,327.4
2416,6.68065,,121,,327.2
2417,6.68419,,121,,327
2418,6.68767,,120,,326.6
2419,6.69108,,120,,326.2
2420,6.69464,,120,,326
2421,6.69811,,121,,325.6
2422,6.70147,,121,,325.2
2423,6.70472,,121,,325
2424,6.70795,,121,,324.8
2425,6.71123,,121,,324.4
2426,6.71428,,122,,323.8
2427,6.71692,,122,,323.4
2428,6.72007,,122,,322.8
2429,6.72325,,122,,322.6
2430,6.72631,,123,,322
2431,6.72914,,122,,321.6
2432,6.73224,,123,,321.2
2433,6.73577,,123,,321
2434,6.73934,,123,,320.6
2435,6.74315,,123,,320.2
2436,6.74667,,123,,319.8
2437,6.75,,123,,319.6
2438,6.75332,,124,,319.4
2439,6.757,,124,,319
2440,6.76064,,124,,318.6
2441,6.76434,,124,,318.4
2442,6.76802,,123,,318.2
2443,6.77172,,124,,317.6
2444,6.77535,,124,,317.2
2445,6.77926,,123,,316.6
2446,6.7829,,123,,316.2
2447,6.78638,,123,,316
2448,6.78981,,123,,315.8
2449,6.7929,,122,,315
2450,6.79593,,122,,314.4
2451,6.79915,,122,,313.8
2452,6.80265,,122,,313.4
2453,6.80639,,122,,313
2454,6.80999,,122,,312.4
2455,6.81346,,122,,312
2456,6.81726,,121,,311.6
2457,6.821,,121,,311.2
2458,6.82458,,121,,311
2459,6.82827,,121,,310.6
2460,6.83174,,121,,310.4
2461,6.83542,,121,,310
2462,6.83927,,121,,309.8
2463,6.8429,,121,,309.6
2464,6.84666,,121,,309.2
2465,6.85043,,121,,308.8
2466,6.85407,,122,,308.8
2467,6.85794,,122,,308.8
2468,6.86142,,122,,308.8
2469,6.86476,,121,,308.6
2470,6.86826,,121,,308.4
2471,6.87152,,121,,308.2
2472,6.87484,,121,,308
2473,6.87817,,121,,307.6
2474,6.88121,,121,,307.4
2475,6.88494,,121,,307.2
2476,6.88826,,121,,307.2
2477,6.89171,,122,,307.2
2478,6.89527,,122,,307
2479,6.89837,,122,,306.8
2480,6.90153,,121,,306.4
2481,6.9048,,122,,306.2
2482,6.90805,,122,,305.8
2483,6.9114,,121,,305.4
2484,6.91449,,121,,305
2485,6.91808,,121,,304.6
2486,6.9214,,121,,304
2487,6.92489,,121,,303.6
2488,6.92847,,121,,303.4
2489,6.93185,,121,,303
2490,6.93536,,120,,302.6
2491,6.93864,,120,,302.4
2492,6.94182,,120,,302
2493,6.94521,,120,,301.6
2494,6.94873,,120,,301.4
2495,6.95195,,120,,301.2
2496,6.95515,,120,,300.6
2497,6.95835,,120,,300.4
2498,6.96183,,120,,300
2499,6.96532,,120,,299.6
2500,6.9687,,120,,299.2
2501,6.97214,,120,,298.8
2502,6.9754,,120,,298.4
2503,6.97902,,119,,298
2504,6.98249,,119,,297.8
2505,6.98605,,119,,297.4
2506,6.98927,,119,,297.2
2507,6.99279,,119,,296.8
2508,6.99593,,119,,296.6
2509,6.99892,,119,,296.2
2510,7.00214,,119,,296
2511,7.0052,,119,,295.4
2512,7.00779,,119,,295.2
2513,7.01008,,119,,294.6
2514,7.01276,,119,,294.4
2515,7.01566,,120,,294.2
2516,7.01829,,119,,294
2517,7.02102,,120,,293.8
2518,7.02449,,120,,293.4
2519,7.02798,,120,,293.2
2520,7.03197,,120,,293.2
2521,7.03572,,120,,293
2522,7.03928,,120,,292.8
2523,7.04255,,120,,293.2
2524,7.04529,,120,,292.8
2525,7.04774,,120,,292.6
2526,7.0503,,120,,292.6
2527,7.05355,,121,,292.4
2528,7.05718,,121,,292.6
2529,7.0605,,121,,292.6
2530,7.06402,,121,,292.6
2531,7.06762,,121,,292.6
2532,7.07084,,122,,292.4
2533,7.07376,,123,,292.6
2534,7.07728,,124,,292.4
2535,7.08108,,124,,292.4
2536,7.08446,,124,,292.4
2537,7.08783,,124,,292.6
2538,7.09132,,126,,292.6
2539,7.09479,,126,,292.6
2540,7.09795,,126,,292.6
2541,7.101,,126,,292.8
2542,7.10387,,126,,292.6
2543,7.10658,,126,,292.6
2544,7.10965,,126,,292.6
2545,7.11334,,126,,292.6
2546,7.11661,,126,,292.6
2547,7.11953,,126,,292.6
2548,7.12253,,126,,292.6
2549,7.1255,,126,,292.8
2550,7.1283,,126,,292.8
2551,7.13136,,126,,292.8
2552,7.13438,,126,,292.8
2553,7.13721,,132,,293
2554,7.14017,,132,,293
2555,7.14297,,132,,293
2556,7.14576,,132,,293
2557,7.14894,,132,,293.2
2558,7.15202,,132,,293.2
2559,7.15512,,132,,293.2
2560,7.15807,,132,,293.4
2561,7.16088,,132,,293.4
2562,7.16366,,132,,293.4
2563,7.16695,,132,,293.4
2564,7.17029,,132,,293.6
2565,7.17342,,132,,293.8
2566,7.17623,,132,,293.8
2567,7.17935,,132,,294
2568,7.18262,,129,,294.2
2569,7.18546,,129,,294.4
2570,7.18844,,129,,294.6
2571,7.1915,,129,,294.8
2572,7.1944,,129,,295.2
2573,7.19732,,129,,295
2574,7.20044,,129,,295
2575,7.20331,,129,,295
2576,7.20631,,122,,295
2577,7.20973,,122,,295
2578,7.21285,,122,,295
2579,7.21577,,122,,295
2580,7.21893,,122,,295.2
2581,7.22208,,122,,295.2
2582,7.22533,,122,,295
2583,7.22846,,122,,295
2584,7.23175,,112,,295
2585,7.23511,,112,,294.8
2586,7.2386,,112,,294.6
2587,7.2423,,112,,294.4
2588,7.24592,,112,,294.2
2589,7.24949,,112,,294
2590,7.25314,,112,,293.8
2591,7.25667,,112,,293.6
2592,7.26056,,112,,293.4
2593,7.26444,,112,,293.4
2594,7.26862,,112,,293.4
2595,7.2723,,112,,293.2
2596,7.27589,,112,,293.2
2597,7.27957,,112,,293.2
2598,7.28313,,112,,293
2599,7.28651,,112,,292.8
2600,7.28998,,112,,292.8
2601,7.2933,,112,,292.6
2602,7.29635,,112,,292.8
2603,7.29963,,112,,292.8
2604,7.30267,,112,,293
2605,7.30619,,112,,293
2606,7.30975,,112,,293.4
2607,7.31335,,112,,293.4
2608,7.31668,,112,,293.2
2609,7.31979,,112,,293
2610,7.32282,,112,,293
2611,7.32572,,112,,293
2612,7.32888,,112,,292.8
2613,7.33192,,112,,293
2614,7.3351,,112,,292.8
2615,7.33824,,112,,292.8
2616,7.34119,,107,,292.8
2617,7.3439,,107,,292.6
2618,7.34667,,110,,292.6
2619,7.34981,,110,,292.6
2620,7.35317,,110,,292.8
2621,7.35611,,110,,293
2622,7.35874,,110,,293.2
2623,7.36159,,110,,293.2
2624,7.3644,,110,,293.2
2625,7.36743,,110,,293
2626,7.37079,,110,,293.2
2627,7.37393,,110,,293
2628,7.37711,,110,,292.8
2629,7.38019,,110,,292.6
2630,7.38312,,110,,292.4
2631,7.38613,,110,,292.2
2632,7.38913,,110,,292
2633,7.39212,,110,,291.8
2634,7.39497,,112,,291.6
2635,7.39753,,112,,291.2
2636,7.40045,,112,,291
2637,7.40367,,115,,290.6
2638,7.40659,,115,,290.4
2639,7.40926,,117,,290.2
2640,7.41221,,121,,290
2641,7.41475,,123,,289.6
2642,7.41734,,125,,289
2643,7.42021,,125,,289
2644,7.42313,,127,,288.6
2645,7.42643,,127,,288
2646,7.43013,,128,,288
2647,7.43391,,128,,287.8
2648,7.43746,,129,,287.6
2649,7.44082,,129,,287.2
2650,7.44434,,130,,287.6
2651,7.44823,,130,,287.6
2652,7.45182,,130,,287.6
2653,7.45502,,131,,287.4
2654,7.45812,,131,,287.4
2655,7.46128,,132,,287.4
2656,7.46465,,132,,287.6
2657,7.46799,,132,,287.4
2658,7.47133,,132,,287.2
2659,7.47483,,132,,287.2
2660,7.47842,,132,,287.2
2661,7.48221,,132,,287
2662,7.48543,,132,,287
2663,7.48848,,132,,287
2664,7.49188,,132,,286.8
2665,7.49512,,133,,286.8
2666,7.4983,,133,,286.6
2667,7.50172,,133,,286.4
2668,7.5057,,134,,286.2
2669,7.50973,,134,,286.4
2670,7.51399,,134,,286.4
2671,7.51827,,134,,286
2672,7.52225,,134,,285.6
2673,7.52633,,134,,285.4
2674,7.52977,,134,,285.2
2675,7.53274,,134,,285
2676,7.53591,,134,,284.6
2677,7.53938,,134,,284.2
2678,7.5423,,134,,284
2679,7.54585,,134,,283.6
2680,7.54967,,134,,283.4
2681,7.55285,,134,,283
2682,7.55593,,134,,283
2683,7.55848,,134,,283
2684,7.56159,,134,,283
2685,7.56415,,134,,282.6
2686,7.56666,,135,,283
2687,7.57008,,134,,282.8
2688,7.57326,,135,,283
2689,7.57653,,135,,283
2690,7.57947,,135,,283.2
2691,7.58225,,135,,283
2692,7.58458,,136,,283.2
2693,7.58748,,136,,283.2
2694,7.59076,,136,,283.4
2695,7.59386,,136,,283.4
2696,7.59719,,136,,283.2
2697,7.6009,,136,,283.2
2698,7.60391,,137,,283.2
2699,7.60625,,137,,283.2
2700,7.60882,,137,,283.4
2701,7.61188,,137,,283.6
2702,7.61486,,137,,283.8
2703,7.61772,,137,,283.8
2704,7.62071,,138,,284.2
2705,7.62355,,138,,284.4
2706,7.62671,,138,,284.2
2707,7.63012,,138,,284.4
2708,7.63384,,138,,284.4
2709,7.63751,,138,,284.6
2710,7.64131,,138,,284.6
2711,7.64524,,142,,284.8
2712,7.64894,,142,,285
2713,7.65235,,142,,285
2714,7.65583,,142,,285.2
2715,7.65884,,142,,285.2
2716,7.66204,,142,,285.6
2717,7.66536,,142,,285.4
2718,7.66879,,142,,285.8
2719,7.67239,,142,,285.6
2720,7.67552,,142,,285.8
2721,7.6786,,142,,285.8
2722,7.68159,,142,,285.8
2723,7.68465,,142,,285.8
2724,7.68779,,142,,285.6
2725,7.69053,,142,,285.8
2726,7.693,,142,,285.6
2727,7.69539,,142,,285.8
2728,7.69777,,142,,285.8
2729,7.70022,,142,,285.8
2730,7.70316,,142,,285.8
2731,7.70582,,143,,285.8
2732,7.70874,,142,,285.8
2733,7.71162,,142,,285.6
2734,7.71452,,142,,285.6
2735,7.7181,,143,,285.4
2736,7.72143,,142,,285.2
2737,7.72456,,142,,285.2
2738,7.72765,,141,,284.8
2739,7.73092,,141,,284.8
2740,7.73623,,141,,285
2741,7.73957,,141,,284.8
2742,7.7427,,141,,284.6
2743,7.74632,,141,,284.8
2744,7.74967,,141,,284.8
2745,7.75294,,141,,285
2746,7.75607,,141,,285.2
2747,7.75881,,141,,285.2
2748,7.7618,,141,,285.4
2749,7.76503,,141,,285.4
2750,7.76834,,141,,285.6
2751,7.77145,,141,,285.6
2752,7.77436,,141,,285.8
2753,7.77732,,141,,286
2754,7.77999,,141,,286.2
2755,7.78262,,141,,286
2756,7.78535,,141,,286.2
2757,7.788,,141,,286.4
2758,7.79065,,141,,286.4
2759,7.79295,,141,,286.6
2760,7.79568,,141,,286.8
2761,7.7986,,141,,287
2762,7.80172,,141,,287
2763,7.80518,,141,,286.8
2764,7.80851,,135,,287.2
2765,7.81194,,135,,287.2
2766,7.81542,,135,,287.4
2767,7.81856,,135,,287.6
2768,7.82126,,135,,287.6
2769,7.82385,,135,,287.6
2770,7.82694,,135,,287.4
2771,7.82989,,136,,287.4
2772,7.83295,,137,,287.4
2773,7.83608,,138,,287.4
2774,7.83927,,138,,287
2775,7.84235,,139,,286.6
2776,7.84544,,139,,286.4
2777,7.84916,,138,,286
2778,7.85312,,139,,285.8
2779,7.85676,,139,,285.6
2780,7.86,,139,,285.6
2781,7.86366,,139,,285.4
2782,7.86705,,139,,285.8
2783,7.87053,,139,,285.8
2784,7.87423,,139,,285.8
2785,7.87755,,139,,285.8
2786,7.88041,,139,,285.6
2787,7.88323,,139,,285.6
2788,7.88613,,139,,285.8
2789,7.8892,,139,,285.8
2790,7.89233,,139,,285.6
2791,7.89475,,138,,285.8
2792,7.89737,,138,,285.8
2793,7.9005,,138,,286.2
2794,7.90384,,138,,286
2795,7.90701,,138,,286.2
2796,7.90984,,138,,286.2
2797,7.91281,,137,,286.4
2798,7.91538,,137,,286.6
2799,7.91814,,137,,286.8
2800,7.92096,,137,,286.8
2801,7.92367,,137,,287
2802,7.92664,,137,,286.8
2803,7.92981,,137,,287
2804,7.93292,,137,,287.2
2805,7.93538,,137,,287.4
2806,7.93786,,138,,287.8
2807,7.94062,,138,,287.8
2808,7.94239,,138,,287.8
2809,7.94457,,138,,288.2
2810,7.94707,,138,,288.4
2811,7.94963,,138,,288.4
2812,7.95242,,138,,289
2813,7.95532,,138,,289
2814,7.9582,,138,,288.6
2815,7.96134,,137,,288.6
2816,7.96426,,137,,288
2817,7.96688,,137,,288
2818,7.96994,,137,,288
2819,7.97311,,137,,287.8
2820,7.97615,,136,,287.6
2821,7.97945,,136,,287.6
2822,7.98241,,136,,287.4
2823,7.98517,,135,,287.4
2824,7.98767,,135,,287.2
2825,7.99018,,135,,287
2826,7.99278,,134,,287
2827,7.99545,,134,,286.8
2828,7.99787,,133,,286.8
2829,8.00133,,133,,286.6
2830,8.0043,,133,,286
2831,8.00713,,132,,285.8
2832,8.01028,,132,,285.6
2833,8.01414,,131,,285.4
2834,8.01797,,131,,285.2
2835,8.02231,,130,,284.8
2836,8.02616,,130,,285
2837,8.02961,,129,,284.6
2838,8.03274,,129,,284.4
2839,8.03535,,128,,284.2
2840,8.03535,,127.067,,284.173
2841,8.03535,,126.133,,284.147
2842,8.03535,,125.2,,284.12
2843,8.03535,,124.267,,284.093
2844,8.03535,,123.333,,284.067
2845,8.03535,,122.4,,284.04
2846,8.03535,,121.467,,284.013
2847,8.03535,,120.533,,283.987
2848,8.03535,,119.6,,283.96
2849,8.03535,,118.667,,283.933
2850,8.03535,,117.733,,283.907
2851,8.03535,,116.8,,283.88
2852,8.03535,,115.867,,283.853
2853,8.03535,,114.933,,283.827
2854,8.03535,,114,,283.8
2855,8.03628,,113,,283.6
2856,8.03725,,114,,283.8
2857,8.03895,,114,,284
2858,8.0408,,114,,284.2
2859,8.04293,,114,,284.4
2860,8.04482,,114,,284.6
2861,8.04702,,114,,285
2862,8.04952,,114,,285.2
2863,8.05159,,114,,285.6
2864,8.05332,,114,,285.8
2865,8.05557,,114,,286
2866,8.05772,,114,,286.2
2867,8.05996,,114,,286.2
2868,8.06197,,114,,286.6
2869,8.064,,114,,286.6
2870,8.06604,,114,,286.8
2871,8.06812,,115,,287.2
2872,8.07019,,117,,287.4
2873,8.07217,,118,,287.6
2874,8.07462,,119,,287.6
2875,8.07709,,120,,287.8
2876,8.07996,,121,,288.2
2877,8.08201,,121,,288.4
2878,8.08353,,122,,288.6
2879,8.0855,,123,,288.6
2880,8.08713,,123,,288.6
2881,8.08938,,123,,289
2882,8.09198,,124,,289.2
2883,8.09455,,124,,289.2
2884,8.09687,,124,,289.4
2885,8.09908,,125,,289.4
2886,8.10108,,126,,289.4
2887,8.10354,,126,,289.4
2888,8.10648,,126,,289.2
2889,8.10905,,126,,289.2
2890,8.11173,,126,,289
2891,8.11448,,126,,289
2892,8.11755,,131,,288.8
2893,8.12065,,131,,289
2894,8.12395,,130,,288.8
2895,8.12738,,130,,288.4
2896,8.13097,,130,,288.4
2897,8.13437,,130,,288.2
2898,8.13743,,130,,288
2899,8.14039,,130,,287.6
2900,8.14305,,130,,287.4
2901,8.14626,,130,,287.4
2902,8.14919,,130,,287
2903,8.15217,,129,,287
2904,8.15548,,128,,286.8
2905,8.15854,,127,,286.8
2906,8.16198,,127,,286.8
2907,8.16549,,127,,286.8
2908,8.16999,,127,,286.6
2909,8.17439,,127,,287
2910,8.17855,,124,,286.6
2911,8.18258,,124,,286.4
2912,8.18638,,118,,286.6
2913,8.19002,,118,,286.4
2914,8.19338,,118,,286.2
2915,8.19635,,118,,286
2916,8.19962,,119,,285.8
2917,8.20375,,119,,286
2918,8.2073,,119,,285.8
2919,8.21079,,119,,286
2920,8.21412,,112,,286.2
2921,8.21714,,112,,286.4
2922,8.22001,,112,,286.4
2923,8.22299,,112,,286.8
2924,8.22573,,112,,286.8
2925,8.22795,,112,,286.8
2926,8.23022,,112,,287
2927,8.23271,,112,,287.2
2928,8.23539,,112,,287.2
2929,8.23762,,112,,287.2
2930,8.23967,,112,,287.2
2931,8.24218,,112,,287.2
2932,8.24482,,112,,287.4
2933,8.24748,,112,,287
2934,8.25008,,112,,287
2935,8.25307,,112,,286.8
2936,8.25598,,112,,287
2937,8.25912,,112,,287
2938,8.26213,,112,,286.8
2939,8.26497,,109,,286.8
2940,8.26773,,109,,286.6
2941,8.27086,,109,,286.6
2942,8.27428,,109,,286.4
2943,8.27776,,111,,286.4
2944,8.281,,118,,286.4
2945,8.28393,,121,,286
2946,8.28744,,123,,286
2947,8.29047,,125,,285.8
2948,8.29379,,126,,285.8
2949,8.29678,,127,,285.6
2950,8.3002,,127,,285.6
2951,8.30333,,128,,285.4
2952,8.30679,,128,,285.2
2953,8.31,,129,,285.2
2954,8.31345,,129,,285
2955,8.3167,,129,,285
2956,8.31976,,129,,285
2957,8.32288,,129,,285
2958,8.32593,,129,,285
2959,8.32909,,129,,285.4
2960,8.33163,,129,,285.4
2961,8.33477,,129,,285.4
2962,8.33764,,129,,285.6
2963,8.34053,,130,,285.6
2964,8.34407,,129,,285.6
2965,8.34667,,130,,285.8
2966,8.34943,,130,,285.6
2967,8.35183,,130,,285.8
2968,8.35516,,130,,285.8
2969,8.35789,,130,,285.6
2970,8.36091,,130,,285.6
2971,8.36303,,130,,285.6
2972,8.36633,,130,,285.6
2973,8.36952,,131,,285.6
2974,8.37282,,131,,285.6
2975,8.37657,,131,,285.6
2976,8.37992,,132,,285.6
2977,8.38334,,132,,285.6
2978,8.38708,,132,,285.4
2979,8.39097,,132,,285.4
2980,8.39522,,133,,285.4
2981,8.39838,,133,,285.2
2982,8.40202,,133,,285.6
2983,8.40595,,134,,285.8
2984,8.40991,,134,,285.4
2985,8.41426,,134,,285
2986,8.41855,,134,,284.8
2987,8.42253,,134,,284.6
2988,8.42621,,134,,284.4
2989,8.42976,,134,,284.4
2990,8.43303,,134,,284.2
2991,8.4357,,134,,284
2992,8.4391,,134,,283.8
2993,8.44211,,134,,283.6
2994,8.44518,,134,,283.2
2995,8.44828,,134,,283.2
2996,8.45113,,134,,282.8
2997,8.45395,,134,,283
2998,8.45754,,146,,282.6
2999,8.46123,,146,,282.6
3000,8.46542,,146,,282.8
3001,8.46923,,146,,282.8
3002,8.4728,,145,,282.6
3003,8.47683,,145,,282.8
3004,8.48038,,145,,282.8
3005,8.48409,,145,,282.6
3006,8.48694,,145,,282.4
3007,8.49006,,145,,282.4
3008,8.49281,,146,,282.4
3009,8.4963,,146,,282.2
3010,8.49916,,146,,282.4
3011,8.50185,,146,,282.2
3012,8.50432,,146,,282
3013,8.50698,,146,,282.2
3014,8.50941,,146,,282.2
3015,8.51178,,146,,282.2
3016,8.51456,,146,,282.4
3017,8.5171,,145,,282.6
3018,8.51968,,145,,282.4
3019,8.52207,,145,,282.8
3020,8.52414,,145,,283
3021,8.52627,,145,,283.4
3022,8.52862,,145,,283.2
3023,8.53117,,145,,283.8
3024,8.53349,,145,,284
3025,8.53597,,145,,284.2
3026,8.53924,,145,,284.4
3027,8.54209,,145,,284.6
3028,8.54484,,139,,284.8
3029,8.54754,,139,,284.8
3030,8.55014,,139,,285
3031,8.55276,,136,,285
3032,8.5555,,136,,284.8
3033,8.55819,,136,,285
3034,8.5609,,136,,285.2
3035,8.56364,,136,,285.2
3036,8.56598,,136,,285.2
3037,8.56838,,136,,285.2
3038,8.57093,,136,,285.4
3039,8.57406,,132,,285.4
3040,8.57682,,132,,285.4
3041,8.58007,,132,,285.6
3042,8.58327,,132,,286
3043,8.58633,,132,,285.6
3044,8.58942,,132,,285.6
3045,8.5927,,134,,285.8
3046,8.59591,,134,,285.8
3047,8.59921,,134,,285.8
3048,8.60224,,134,,285.8
3049,8.60517,,126,,285.6
3050,8.60791,,126,,286
3051,8.61073,,126,,286
3052,8.61318,,126,,285.8
3053,8.61578,,126,,285.8
3054,8.61834,,126,,285.6
3055,8.62095,,126,,285.6
3056,8.62352,,121,,285.8
3057,8.62624,,121,,286
3058,8.62934,,121,,286.2
3059,8.63251,,121,,286.2
3060,8.63558,,121,,286.4
3061,8.63854,,125,,286.4
3062,8.64115,,126,,286.8
3063,8.64361,,126,,287
3064,8.6458,,126,,287.2
3065,8.64774,,126,,287.4
3066,8.65078,,126,,287.6
3067,8.6539,,126,,287.8
3068,8.65679,,127,,288.4
3069,8.65932,,127,,288.4
3070,8.66173,,127,,288.6
3071,8.66424,,127,,289
3072,8.66695,,127,,289
3073,8.66926,,130,,289.2
3074,8.67163,,132,,289.6
3075,8.6742,,132,,289.6
3076,8.67679,,132,,289.8
3077,8.68021,,132,,290
3078,8.68338,,132,,290.4
3079,8.68644,,132,,290.6
3080,8.68968,,132,,290.8
3081,8.6925,,132,,290.8
3082,8.69505,,132,,291
3083,8.69724,,132,,291.2
3084,8.6993,,132,,291.2
3085,8.70137,,132,,291.2
3086,8.70304,,132,,291.2
3087,8.70439,,132,,291.4
3088,8.70596,,132,,291.6
3089,8.70763,,132,,291.6
3090,8.70929,,132,,291.6
3091,8.71134,,132,,291.8
3092,8.71353,,132,,291.8
3093,8.71591,,132,,291.8
3094,8.71837,,132,,291.8
3095,8.72056,,132,,291.8
3096,8.72262,,128,,291.8
3097,8.72476,,128,,291.6
3098,8.72697,,128,,291.8
3099,8.72903,,128,,291.6
3100,8.7312,,128,,291.8
3101,8.73379,,134,,291.6
3102,8.73648,,134,,291.6
3103,8.7393,,137,,291.6
3104,8.74221,,137,,291.4
3105,8.74517,,137,,291.4
3106,8.74793,,135,,291.2
3107,8.75075,,135,,291
3108,8.75362,,135,,291
3109,8.75679,,133,,290.8
3110,8.75986,,132,,290.8
3111,8.76324,,131,,291
3112,8.76666,,130,,291
3113,8.76979,,129,,290.8
3114,8.77307,,128,,290.8
3115,8.77653,,128,,290.8
3116,8.78004,,128,,291
3117,8.78353,,128,,291
3118,8.78713,,128,,291
3119,8.79045,,128,,290.8
3120,8.79369,,129,,290.8
3121,8.79699,,129,,290.8
3122,8.80034,,129,,290.8
3123,8.80364,,129,,290.8
3124,8.80681,,129,,290.8
3125,8.81009,,129,,291.2
3126,8.81303,,129,,291.2
3127,8.8157,,129,,291.2
3128,8.8182,,129,,291.4
3129,8.82059,,130,,291.4
3130,8.82297,,129,,291.6
3131,8.82532,,129,,291.8
3132,8.82759,,129,,291.8
3133,8.83006,,129,,292
3134,8.83253,,129,,292.2
3135,8.83499,,129,,292.6
3136,8.83764,,129,,292.8
3137,8.84023,,130,,293
3138,8.84274,,130,,293.2
3139,8.84536,,130,,293.4
3140,8.84786,,129,,293.2
3141,8.85041,,130,,293.4
3142,8.85312,,130,,293.4
3143,8.85583,,130,,293.4
3144,8.85874,,130,,293.2
3145,8.86154,,129,,293
3146,8.86447,,129,,293.2
3147,8.86749,,130,,293.2
3148,8.87039,,129,,293.2
3149,8.87329,,129,,293
3150,8.87609,,130,,293
3151,8.87859,,130,,293
3152,8.88096,,130,,293
3153,8.88339,,126,,292.8
3154,8.88563,,126,,292.6
3155,8.88823,,126,,292.6
3156,8.89095,,126,,292.4
3157,8.89387,,126,,292.4
3158,8.89704,,127,,292.2
3159,8.90019,,127,,292
3160,8.90298,,127,,291.8
3161,8.90621,,127,,291.8
3162,8.90916,,127,,291.8
3163,8.91233,,127,,291.6
3164,8.91568,,127,,291.6
3165,8.91842,,127,,291.6
3166,8.92124,,127,,291.6
3167,8.92413,,128,,291.4
3168,8.92736,,128,,291.4
3169,8.93041,,128,,291
3170,8.93366,,128,,291
3171,8.93704,,129,,290.8
3172,8.94059,,129,,290.6
3173,8.94437,,129,,290.4
3174,8.94815,,129,,290.4
3175,8.95179,,129,,290.2
3176,8.95524,,129,,290.2
3177,8.95872,,129,,290
3178,8.96143,,129,,290.2
3179,8.96453,,129,,290
3180,8.96755,,129,,290.2
3181,8.97061,,129,,290
3182,8.97349,,140,,289.8
3183,8.97616,,140,,289.8
3184,8.97878,,140,,290.2
3185,8.98164,,136,,290
3186,8.98484,,131,,290
3187,8.98812,,131,,290
3188,8.99087,,131,,290
3189,8.99331,,132,,289.8
3190,8.99568,,132,,289.8
3191,8.99859,,132,,290
3192,9.00167,,133,,290
3193,9.00476,,133,,290
3194,9.00817,,133,,290
3195,9.01202,,133,,290.4
3196,9.01549,,133,,290.2
3197,9.01864,,134,,290.2
3198,9.0222,,134,,290.4
3199,9.02563,,134,,290.2
3200,9.02957,,134,,290.2
3201,9.03338,,134,,290.2
3202,9.0367,,134,,290.2
3203,9.04036,,133,,290
3204,9.04363,,133,,289.8
3205,9.04696,,133,,289.6
3206,9.05004,,133,,289.6
3207,9.05319,,132,,289.6
3208,9.05649,,132,,289.6
3209,9.05959,,132,,289.2
3210,9.06263,,131,,288.8
3211,9.06567,,131,,288.2
3212,9.06866,,131,,288.2
3213,9.07212,,130,,287.8
3214,9.07579,,130,,287.8
3215,9.07949,,130,,287.4
3216,9.08299,,129,,287.4
3217,9.08631,,129,,287.2
3218,9.08954,,129,,287.2
3219,9.09281,,129,,286.6
3220,9.0961,,129,,286.4
3221,9.09935,,128,,286
3222,9.10277,,128,,285.6
3223,9.10637,,128,,285.4
3224,9.10988,,127,,285.6
3225,9.11363,,127,,285.2
3226,9.11748,,127,,284.8
3227,9.12126,,127,,284.6
3228,9.12512,,127,,284.6
3229,9.12874,,127,,284.4
3230,9.13234,,126,,284.4
3231,9.13549,,126,,284.4
3232,9.13847,,125,,284.4
3233,9.14155,,125,,284.6
3234,9.14424,,124,,284.4
3235,9.14651,,123,,284.2
3236,9.14877,,122,,284.2
3237,9.15069,,121,,284.2
