secs,km,power,hr,cad,alt
0,0,,81,,323.984
1,0,,81,,323.984
2,0,,81,,323.984
3,0,,82,,323.984
4,0,,83,,323.984
5,0,,83,,323.984
6,0,,83,,323.984
7,0,,83,,323.984
8,0.00091675,,83,,323.992
9,0.00192492,,83,,324
10,0.00293309,,83,,324.009
11,0.00394126,,87,,324.017
12,0.00494942,,87,,324.026
13,0.00595759,,95,,324.034
14,0.00763661,,95,,323.958
15,0.00938258,,99,,323.873
16,0.0111285,,104,,323.789
17,0.0128745,,104,,323.704
18,0.0147793,,104,,323.76
19,0.0166999,,104,,323.831
20,0.0186205,,104,,323.901
21,0.020217,,104,,323.633
22,0.0217811,,104,,323.331
23,0.0233452,,104,,323.029
24,0.0249093,,104,,322.727
25,0.0265974,,104,,322.716
26,0.0282979,,104,,322.734
27,0.0299984,,104,,322.752
28,0.0316712,,109,,322.759
29,0.0333413,,109,,322.765
30,0.0350113,,109,,322.77
31,0.0366813,,109,,322.776
32,0.03844,,109,,322.804
33,0.0402076,,109,,322.834
34,0.0419751,,109,,322.863
35,0.0434925,,109,,322.843
36,0.0449848,,109,,322.817
37,0.0464771,,109,,322.792
38,0.0479694,,109,,322.767
39,0.0494096,,109,,322.7
40,0.0508447,,109,,322.63
41,0.0522797,,109,,322.56
42,0.0537147,,109,,322.49
43,0.0552988,,109,,322.496
44,0.0568978,,112,,322.509
45,0.0584968,,112,,322.522
46,0.0600958,,113,,322.535
47,0.061245,,113,,322.461
48,0.0623491,,113,,322.379
49,0.0634532,,113,,322.297
50,0.0645573,,113,,322.215
51,0.0656614,,116,,322.133
52,0.0670543,,116,,322.316
53,0.0684761,,116,,322.526
54,0.069898,,117,,322.736
55,0.0713198,,124,,322.946
56,0.0725709,,124,,323.02
57,0.073805,,126,,323.08
58,0.075039,,126,,323.14
59,0.076273,,126,,323.2
60,0.077507,,126,,323.26
61,0.0787412,,126,,323.307
62,0.0799754,,126,,323.353
63,0.0812095,,126,,323.399
64,0.0824437,,126,,323.445
65,0.0836778,,126,,323.491
66,0.0853111,,126,,323.556
67,0.0869845,,126,,323.623
68,0.0886578,,126,,323.69
69,0.0903311,,126,,323.757
70,0.0920718,,125,,323.965
71,0.0938193,,131,,324.187
72,0.0955667,,130,,324.409
73,0.0966025,,130,,324.47
74,0.0975668,,131,,324.514
75,0.0985311,,133,,324.558
76,0.0994954,,133,,324.602
77,0.10046,,133,,324.646
78,0.101424,,133,,324.69
79,0.103227,,133,,324.71
80,0.105114,,133,,324.728
81,0.107001,,133,,324.746
82,0.108832,,133,,324.767
83,0.110657,,134,,324.788
84,0.112482,,135,,324.81
85,0.114365,,136,,324.832
86,0.116254,,136,,324.854
87,0.118143,,136,,324.875
88,0.119922,,136,,324.871
89,0.121689,,136,,324.864
90,0.123456,,136,,324.858
91,0.124879,,136,,324.77
92,0.126267,,138,,324.675
93,0.127656,,138,,324.58
94,0.129044,,138,,324.485
95,0.130113,,138,,324.573
96,0.13115,,138,,324.68
97,0.132187,,139,,324.787
98,0.133224,,139,,324.893
99,0.134261,,139,,325
100,0.135534,,139,,324.995
101,0.13683,,139,,324.978
102,0.138126,,139,,324.962
103,0.139423,,139,,324.946
104,0.140382,,139,,325.042
105,0.141306,,139,,325.15
106,0.142231,,139,,325.258
107,0.143156,,139,,325.366
108,0.144081,,139,,325.474
109,0.145006,,139,,325.582
110,0.146139,,139,,325.568
111,0.147293,,139,,325.542
112,0.148448,,139,,325.517
113,0.149602,,139,,325.491
114,0.150757,,139,,325.465
115,0.151897,,139,,325.477
116,0.153036,,139,,325.493
117,0.154176,,139,,325.509
118,0.155315,,140,,325.525
119,0.156454,,140,,325.542
120,0.157833,,140,,325.416
121,0.159237,,140,,325.276
122,0.160641,,140,,325.136
123,0.162044,,140,,324.996
124,0.163024,,141,,324.965
125,0.16396,,142,,324.946
126,0.164896,,140,,324.926
127,0.165833,,140,,324.907
128,0.166769,,140,,324.887
129,0.167706,,139,,324.868
130,0.168985,,140,,324.869
131,0.1703,,139,,324.871
132,0.171614,,139,,324.874
133,0.172929,,140,,324.877
134,0.174243,,139,,324.879
135,0.176139,,140,,325.003
136,0.178094,,140,,325.139
137,0.180048,,139,,325.275
138,0.181992,,139,,325.565
139,0.183935,,139,,325.871
140,0.185878,,139,,326.177
141,0.18725,,139,,326.372
142,0.188565,,139,,326.555
143,0.18988,,139,,326.738
144,0.191195,,139,,326.921
145,0.192127,,139,,327.048
146,0.19302,,139,,327.17
147,0.193913,,139,,327.292
148,0.194806,,140,,327.413
149,0.195699,,139,,327.535
150,0.196592,,142,,327.657
151,0.197587,,141,,328.023
152,0.198592,,142,,328.414
153,0.199598,,142,,328.805
154,0.200603,,140,,329.196
155,0.201608,,142,,329.587
156,0.203038,,142,,329.883
157,0.20451,,141,,330.169
158,0.205982,,142,,330.456
159,0.207455,,142,,330.742
160,0.208428,,141,,330.963
161,0.20935,,140,,331.177
162,0.210272,,140,,331.391
163,0.211195,,140,,331.606
164,0.212117,,140,,331.82
165,0.212972,,141,,331.976
166,0.213819,,142,,332.127
167,0.214667,,142,,332.278
168,0.215515,,142,,332.428
169,0.216363,,142,,332.579
170,0.217211,,142,,332.729
171,0.218518,,141,,332.868
172,0.219871,,141,,333.006
173,0.221224,,142,,333.144
174,0.222577,,142,,333.282
175,0.22455,,142,,333.117
176,0.226586,,142,,332.922
177,0.228622,,142,,332.727
178,0.230259,,142,,332.874
179,0.231856,,142,,333.056
180,0.233453,,142,,333.238
181,0.23505,,142,,333.42
182,0.236338,,142,,333.519
183,0.237595,,142,,333.609
184,0.238851,,142,,333.699
185,0.240107,,142,,333.79
186,0.241364,,142,,333.88
187,0.243133,,144,,333.752
188,0.244954,,142,,333.603
189,0.246775,,144,,333.453
190,0.248433,,144,,333.449
191,0.250073,,144,,333.459
192,0.251713,,144,,333.469
193,0.253354,,142,,333.479
194,0.255024,,141,,333.606
195,0.256697,,142,,333.744
196,0.258371,,142,,333.883
197,0.260162,,144,,334.183
198,0.261966,,144,,334.5
199,0.263769,,144,,334.817
200,0.265367,,144,,334.894
201,0.266944,,142,,334.948
202,0.268521,,142,,335.001
203,0.270098,,142,,335.054
204,0.271799,,142,,335.086
205,0.273514,,141,,335.115
206,0.275228,,142,,335.144
207,0.276795,,142,,334.935
208,0.278348,,140,,334.702
209,0.279901,,142,,334.468
210,0.281454,,142,,334.235
211,0.28312,,141,,334.347
212,0.284797,,142,,334.495
213,0.286475,,141,,334.642
214,0.287317,,140,,334.874
215,0.288074,,140,,335.115
216,0.288831,,141,,335.355
217,0.289589,,141,,335.596
218,0.290346,,140,,335.837
219,0.291371,,141,,335.822
220,0.292424,,142,,335.781
221,0.293477,,142,,335.741
222,0.29453,,142,,335.7
223,0.295584,,142,,335.659
224,0.296637,,142,,335.618
225,0.297718,,142,,335.674
226,0.298803,,142,,335.739
227,0.299887,,142,,335.805
228,0.300972,,142,,335.87
229,0.302056,,142,,335.935
230,0.303008,,142,,336.136
231,0.303946,,142,,336.35
232,0.304884,,142,,336.564
233,0.305822,,142,,336.778
234,0.306761,,142,,336.993
235,0.307699,,144,,337.207
236,0.308827,,144,,337.439
237,0.309974,,144,,337.672
238,0.311122,,144,,337.905
239,0.312269,,144,,338.139
240,0.313417,,144,,338.372
241,0.314446,,144,,338.854
242,0.315463,,144,,339.362
243,0.31648,,144,,339.869
244,0.317497,,145,,340.377
245,0.318514,,145,,340.885
246,0.319371,,145,,340.797
247,0.320213,,146,,340.649
248,0.321054,,146,,340.501
249,0.321896,,146,,340.352
250,0.322737,,146,,340.204
251,0.323579,,146,,340.056
252,0.324974,,146,,340.14
253,0.326426,,146,,340.247
254,0.327879,,146,,340.354
255,0.329331,,148,,340.462
256,0.329896,,148,,340.667
257,0.33037,,148,,340.882
258,0.330844,,148,,341.098
259,0.331319,,148,,341.313
260,0.331793,,148,,341.528
261,0.332267,,148,,341.743
262,0.332741,,148,,341.958
263,0.333215,,148,,342.174
264,0.33369,,147,,342.389
265,0.334164,,147,,342.604
266,0.334638,,148,,342.819
267,0.335847,,148,,343.155
268,0.337132,,148,,343.503
269,0.338416,,148,,343.852
270,0.339701,,148,,344.2
271,0.340985,,148,,344.548
272,0.342069,,148,,344.655
273,0.343131,,148,,344.737
274,0.344194,,148,,344.819
275,0.345256,,148,,344.901
276,0.346319,,148,,344.983
277,0.347041,,148,,345.222
278,0.347728,,148,,345.477
279,0.348415,,148,,345.732
280,0.349103,,148,,345.987
281,0.34979,,149,,346.242
282,0.350477,,149,,346.498
283,0.351164,,149,,346.753
284,0.351851,,149,,347.008
285,0.353147,,149,,347.302
286,0.354506,,149,,347.6
287,0.355864,,150,,347.899
288,0.357223,,151,,348.197
289,0.35817,,151,,348.467
290,0.359076,,150,,348.734
291,0.359981,,150,,349.002
292,0.360886,,149,,349.269
293,0.361791,,149,,349.536
294,0.362697,,151,,349.803
295,0.363691,,151,,350.041
296,0.364694,,151,,350.276
297,0.365697,,151,,350.511
298,0.3667,,150,,350.747
299,0.367704,,151,,350.982
300,0.368644,,150,,351.256
301,0.369577,,151,,351.534
302,0.370511,,150,,351.812
303,0.371445,,151,,352.091
304,0.372378,,151,,352.369
305,0.373177,,152,,352.589
306,0.373962,,152,,352.803
307,0.374747,,152,,353.017
308,0.375532,,152,,353.23
309,0.376316,,152,,353.444
310,0.377101,,151,,353.658
311,0.377886,,151,,353.872
312,0.37948,,151,,354.17
313,0.381157,,151,,354.477
314,0.382835,,151,,354.783
315,0.384243,,151,,355.001
316,0.385624,,151,,355.209
317,0.387005,,150,,355.417
318,0.388385,,151,,355.626
319,0.389464,,150,,355.759
320,0.390512,,151,,355.884
321,0.39156,,151,,356.01
322,0.392608,,151,,356.135
323,0.393656,,152,,356.261
324,0.394704,,152,,356.386
325,0.39643,,154,,356.691
326,0.398226,,154,,357.015
327,0.400022,,154,,357.338
328,0.401749,,155,,357.653
329,0.403469,,155,,357.967
330,0.405189,,155,,358.282
331,0.406382,,156,,358.532
332,0.407519,,155,,358.776
333,0.408656,,156,,359.02
334,0.409792,,155,,359.263
335,0.411482,,155,,359.326
336,0.41323,,155,,359.37
337,0.414978,,155,,359.414
338,0.416893,,155,,359.495
339,0.418826,,155,,359.58
340,0.420759,,155,,359.666
341,0.422289,,155,,359.985
342,0.423776,,155,,360.329
343,0.425263,,154,,360.674
344,0.42675,,154,,361.018
345,0.428232,,154,,361.211
346,0.429713,,154,,361.387
347,0.431194,,154,,361.563
348,0.432675,,154,,361.74
349,0.434307,,154,,361.576
350,0.435956,,154,,361.376
351,0.437605,,152,,361.176
352,0.439254,,151,,360.976
353,0.441683,,151,,361.049
354,0.444196,,151,,361.151
355,0.446444,,151,,361.167
356,0.448663,,151,,361.173
357,0.450883,,151,,361.18
358,0.452996,,151,,361.459
359,0.455099,,151,,361.766
360,0.457201,,151,,362.074
361,0.45891,,148,,362.189
362,0.460578,,148,,362.283
363,0.462245,,146,,362.377
364,0.464208,,144,,362.469
365,0.466202,,144,,362.561
366,0.468196,,144,,362.654
367,0.470052,,145,,362.791
368,0.471894,,145,,362.933
369,0.473736,,145,,363.075
370,0.475628,,146,,363.305
371,0.477525,,146,,363.544
372,0.479422,,145,,363.783
373,0.480964,,146,,363.944
374,0.482469,,146,,364.096
375,0.483973,,146,,364.249
376,0.485478,,146,,364.401
377,0.486383,,145,,364.524
378,0.487225,,145,,364.644
379,0.488066,,145,,364.763
380,0.488908,,145,,364.883
381,0.489749,,146,,365.003
382,0.49059,,146,,365.122
383,0.492605,,146,,365.295
384,0.494746,,146,,365.474
385,0.496887,,146,,365.653
386,0.498233,,146,,365.828
387,0.499494,,146,,366.002
388,0.500755,,146,,366.177
389,0.502016,,146,,366.351
390,0.503502,,145,,366.577
391,0.505012,,146,,366.808
392,0.506522,,146,,367.038
393,0.508033,,146,,367.269
394,0.509983,,146,,367.505
395,0.51198,,146,,367.741
396,0.513977,,145,,367.977
397,0.515761,,145,,368.125
398,0.517521,,145,,368.263
399,0.519282,,145,,368.402
400,0.520418,,145,,368.625
401,0.521487,,146,,368.857
402,0.522557,,148,,369.089
403,0.523626,,148,,369.321
404,0.524695,,148,,369.553
405,0.526106,,145,,369.604
406,0.527553,,145,,369.635
407,0.528999,,145,,369.667
408,0.530446,,145,,369.698
409,0.532161,,148,,370.055
410,0.533905,,148,,370.448
411,0.535649,,148,,370.84
412,0.537116,,148,,371.085
413,0.538553,,148,,371.315
414,0.539991,,148,,371.545
415,0.541428,,148,,371.775
416,0.543043,,148,,371.786
417,0.544676,,148,,371.774
418,0.54631,,146,,371.763
419,0.547943,,146,,371.751
420,0.549893,,146,,371.978
421,0.551877,,146,,372.231
422,0.55386,,145,,372.484
423,0.555389,,145,,372.678
424,0.556868,,145,,372.865
425,0.558347,,145,,373.052
426,0.559826,,145,,373.239
427,0.561262,,145,,373.446
428,0.562693,,145,,373.655
429,0.564125,,146,,373.865
430,0.565556,,146,,374.074
431,0.56689,,146,,374.26
432,0.568212,,146,,374.444
433,0.569535,,148,,374.627
434,0.570858,,148,,374.811
435,0.572471,,148,,374.944
436,0.574116,,148,,375.07
437,0.575761,,148,,375.197
438,0.577406,,148,,375.324
439,0.57897,,148,,375.537
440,0.580525,,148,,375.758
441,0.582081,,148,,375.98
442,0.583636,,148,,376.202
443,0.585308,,148,,376.508
444,0.586992,,149,,376.822
445,0.588676,,149,,377.137
446,0.589957,,149,,377.453
447,0.591193,,149,,377.769
448,0.59243,,149,,378.085
449,0.593667,,149,,378.401
450,0.594904,,151,,378.717
451,0.596588,,151,,379.089
452,0.59832,,151,,379.466
453,0.600052,,151,,379.843
454,0.601851,,151,,380.137
455,0.603658,,151,,380.422
456,0.605465,,151,,380.707
457,0.606934,,151,,380.959
458,0.608368,,151,,381.207
459,0.609801,,151,,381.455
460,0.611235,,151,,381.703
461,0.612227,,151,,381.824
462,0.613171,,152,,381.931
463,0.614116,,151,,382.039
464,0.61506,,151,,382.146
465,0.616004,,151,,382.253
466,0.616949,,151,,382.361
467,0.618559,,151,,382.49
468,0.62024,,151,,382.621
469,0.621922,,151,,382.752
470,0.62316,,151,,382.891
471,0.624349,,151,,383.032
472,0.625538,,151,,383.172
473,0.626727,,151,,383.313
474,0.627917,,151,,383.454
475,0.629134,,151,,383.617
476,0.630353,,151,,383.782
477,0.631573,,151,,383.947
478,0.632793,,151,,384.113
479,0.634013,,151,,384.278
480,0.634981,,151,,384.371
481,0.635922,,151,,384.456
482,0.636864,,152,,384.541
483,0.637805,,152,,384.626
484,0.638746,,152,,384.711
485,0.639687,,152,,384.796
486,0.640986,,152,,385.052
487,0.642323,,152,,385.327
488,0.643661,,151,,385.602
489,0.644999,,151,,385.876
490,0.645896,,152,,386.15
491,0.646745,,152,,386.424
492,0.647594,,152,,386.698
493,0.648442,,154,,386.971
494,0.649291,,154,,387.245
495,0.65014,,154,,387.519
496,0.651572,,154,,387.738
497,0.653066,,154,,387.951
498,0.654561,,154,,388.165
499,0.656055,,154,,388.378
500,0.657435,,154,,388.537
501,0.658802,,154,,388.689
502,0.660169,,154,,388.842
503,0.661536,,154,,388.995
504,0.663028,,155,,389.178
505,0.664535,,155,,389.364
506,0.666041,,155,,389.551
507,0.667547,,155,,389.737
508,0.669364,,155,,389.909
509,0.671215,,155,,390.08
510,0.673065,,155,,390.251
511,0.674618,,155,,390.34
512,0.676139,,155,,390.42
513,0.67766,,155,,390.499
514,0.679181,,155,,390.579
515,0.679968,,156,,390.791
516,0.680676,,156,,391.016
517,0.681384,,155,,391.242
518,0.682092,,155,,391.468
519,0.682676,,155,,391.75
520,0.683247,,155,,392.039
521,0.683818,,156,,392.327
522,0.68439,,156,,392.616
523,0.684961,,156,,392.905
524,0.685532,,155,,393.193
525,0.686103,,156,,393.482
526,0.686674,,156,,393.771
527,0.687245,,156,,394.059
528,0.687978,,156,,394.389
529,0.688729,,155,,394.723
530,0.689479,,156,,395.056
531,0.69023,,157,,395.39
532,0.69098,,157,,395.724
533,0.69173,,156,,396.058
534,0.692481,,155,,396.392
535,0.693064,,156,,396.573
536,0.693629,,156,,396.737
537,0.694195,,156,,396.901
538,0.69476,,157,,397.065
539,0.695325,,155,,397.229
540,0.69589,,156,,397.394
541,0.696455,,156,,397.558
542,0.69702,,155,,397.722
543,0.697586,,156,,397.886
544,0.698151,,155,,398.05
545,0.699301,,156,,398.374
546,0.700516,,156,,398.716
547,0.70173,,155,,399.057
548,0.702944,,156,,399.399
549,0.704159,,155,,399.74
550,0.705088,,155,,400.034
551,0.705987,,155,,400.322
552,0.706886,,155,,400.61
553,0.707785,,155,,400.899
554,0.708684,,155,,401.187
555,0.709582,,156,,401.475
556,0.710441,,155,,401.767
557,0.711296,,156,,402.058
558,0.712151,,156,,402.35
559,0.713006,,155,,402.641
560,0.71386,,157,,402.933
561,0.714715,,156,,403.224
562,0.71588,,157,,403.464
563,0.717079,,157,,403.698
564,0.718278,,156,,403.932
565,0.719477,,158,,404.166
566,0.720676,,158,,404.4
567,0.721561,,158,,404.756
568,0.722412,,159,,405.125
569,0.723263,,159,,405.495
570,0.724114,,158,,405.864
571,0.724965,,158,,406.233
572,0.725816,,158,,406.602
573,0.726828,,160,,406.947
574,0.727857,,160,,407.29
575,0.728886,,160,,407.632
576,0.729916,,160,,407.975
577,0.730945,,158,,408.317
578,0.731702,,158,,408.686
579,0.73243,,158,,409.059
580,0.733158,,158,,409.431
581,0.733885,,159,,409.803
582,0.734613,,159,,410.175
583,0.735341,,160,,410.547
584,0.736068,,160,,410.919
585,0.737057,,160,,411.039
586,0.738074,,160,,411.131
587,0.739091,,160,,411.224
588,0.740108,,160,,411.316
589,0.741125,,160,,411.408
590,0.742142,,160,,411.501
591,0.742836,,160,,411.737
592,0.743494,,160,,411.99
593,0.744152,,160,,412.243
594,0.74481,,160,,412.495
595,0.745468,,160,,412.748
596,0.746126,,158,,413
597,0.746784,,158,,413.253
598,0.747442,,158,,413.505
599,0.748444,,158,,413.767
600,0.749483,,158,,414.031
601,0.750522,,158,,414.294
602,0.751562,,158,,414.557
603,0.752601,,158,,414.82
604,0.753875,,160,,415.059
605,0.755175,,160,,415.295
606,0.756475,,160,,415.53
607,0.757775,,160,,415.766
608,0.758589,,160,,415.986
609,0.75935,,160,,416.205
610,0.76011,,160,,416.423
611,0.760871,,160,,416.641
612,0.761631,,160,,416.86
613,0.762392,,160,,417.078
614,0.763152,,160,,417.296
615,0.763753,,160,,417.452
616,0.764337,,160,,417.601
617,0.76492,,160,,417.749
618,0.765504,,160,,417.898
619,0.766088,,160,,418.047
620,0.766671,,160,,418.196
621,0.767255,,160,,418.344
622,0.767838,,160,,418.493
623,0.768422,,160,,418.642
624,0.769129,,160,,418.807
625,0.769849,,160,,418.973
626,0.770569,,160,,419.139
627,0.771289,,160,,419.306
628,0.772009,,160,,419.472
629,0.772729,,160,,419.639
630,0.773449,,160,,419.805
631,0.773888,,160,,419.911
632,0.774296,,160,,420.011
633,0.774704,,160,,420.11
634,0.775112,,160,,420.209
635,0.77552,,160,,420.309
636,0.775928,,160,,420.408
637,0.776336,,160,,420.507
638,0.776744,,160,,420.607
639,0.777152,,160,,420.706
640,0.777756,,160,,421.053
641,0.778383,,160,,421.426
642,0.779009,,160,,421.8
643,0.779635,,158,,422.174
644,0.780261,,158,,422.548
645,0.780887,,158,,422.921
646,0.781514,,158,,423.295
647,0.78214,,158,,423.669
648,0.782863,,158,,423.876
649,0.783597,,158,,424.066
650,0.784331,,159,,424.255
651,0.785066,,159,,424.444
652,0.7858,,158,,424.633
653,0.786534,,158,,424.822
654,0.787268,,160,,425.011
655,0.788516,,160,,425.695
656,0.78982,,160,,426.433
657,0.791124,,160,,427.172
658,0.792429,,160,,427.91
659,0.793529,,160,,427.884
660,0.794606,,160,,427.775
661,0.795683,,160,,427.665
662,0.79676,,160,,427.556
663,0.797837,,160,,427.446
664,0.798397,,160,,427.626
665,0.798898,,160,,427.838
666,0.7994,,160,,428.05
667,0.799902,,160,,428.262
668,0.800404,,160,,428.474
669,0.800906,,160,,428.686
670,0.801407,,160,,428.899
671,0.801909,,160,,429.111
672,0.802411,,160,,429.323
673,0.802913,,160,,429.535
674,0.803273,,160,,429.662
675,0.803617,,160,,429.779
676,0.803961,,160,,429.897
677,0.804306,,160,,430.014
678,0.80465,,160,,430.131
679,0.804995,,160,,430.249
680,0.805339,,161,,430.366
681,0.805683,,160,,430.484
682,0.806028,,160,,430.601
683,0.806788,,161,,430.871
684,0.807595,,160,,431.158
685,0.808401,,161,,431.445
686,0.809207,,161,,431.732
687,0.810014,,160,,432.019
688,0.81082,,160,,432.306
689,0.811627,,161,,432.593
690,0.812431,,160,,432.816
691,0.813235,,160,,433.033
692,0.814039,,161,,433.25
693,0.814843,,160,,433.466
694,0.815647,,160,,433.683
695,0.81645,,160,,433.899
696,0.817254,,160,,434.116
697,0.818142,,160,,434.415
698,0.81904,,160,,434.724
699,0.819937,,160,,435.033
700,0.820835,,160,,435.342
701,0.821733,,160,,435.65
702,0.82263,,160,,435.959
703,0.823327,,160,,436.096
704,0.824003,,161,,436.215
705,0.824678,,160,,436.333
706,0.825353,,160,,436.451
707,0.826028,,160,,436.569
708,0.826703,,160,,436.688
709,0.827379,,160,,436.806
710,0.828054,,160,,436.924
711,0.828803,,160,,437.242
712,0.829561,,160,,437.583
713,0.830318,,160,,437.923
714,0.831075,,160,,438.264
715,0.831833,,160,,438.605
716,0.83259,,160,,438.945
717,0.833348,,160,,439.286
718,0.834013,,160,,439.405
719,0.834668,,160,,439.499
720,0.835323,,160,,439.593
721,0.835978,,160,,439.687
722,0.836633,,160,,439.781
723,0.837288,,160,,439.876
724,0.837943,,160,,439.97
725,0.838598,,161,,440.064
726,0.839222,,162,,440.068
727,0.839842,,160,,440.062
728,0.840462,,161,,440.056
729,0.841083,,160,,440.05
730,0.841703,,160,,440.044
731,0.842323,,161,,440.038
732,0.842944,,160,,440.032
733,0.843564,,160,,440.026
734,0.844185,,161,,440.019
735,0.845189,,160,,440.296
736,0.846237,,160,,440.604
737,0.847285,,160,,440.912
738,0.848332,,160,,441.22
739,0.84938,,160,,441.528
740,0.850114,,160,,441.96
741,0.850813,,160,,442.405
742,0.851512,,160,,442.85
743,0.852211,,160,,443.295
744,0.85291,,160,,443.74
745,0.853609,,160,,444.185
746,0.854308,,160,,444.631
747,0.855007,,160,,445.076
748,0.855722,,160,,445.276
749,0.85644,,161,,445.449
750,0.857157,,160,,445.623
751,0.857875,,160,,445.796
752,0.858592,,161,,445.969
753,0.85931,,160,,446.142
754,0.860027,,160,,446.315
755,0.8606,,161,,446.433
756,0.861157,,160,,446.544
757,0.861713,,160,,446.655
758,0.86227,,161,,446.767
759,0.862827,,160,,446.878
760,0.863383,,160,,446.989
761,0.86394,,161,,447.101
762,0.864497,,160,,447.212
763,0.865053,,160,,447.323
764,0.866065,,160,,447.722
765,0.867129,,160,,448.155
766,0.868193,,160,,448.587
767,0.869258,,160,,449.019
768,0.870322,,160,,449.451
769,0.871522,,160,,449.825
770,0.872737,,161,,450.192
771,0.873953,,160,,450.559
772,0.875169,,160,,450.926
773,0.876384,,161,,451.293
774,0.877275,,160,,451.482
775,0.878128,,160,,451.649
776,0.878981,,161,,451.817
777,0.879833,,161,,451.985
778,0.880686,,160,,452.153
779,0.881539,,161,,452.321
780,0.882393,,162,,452.657
781,0.883247,,162,,453.012
782,0.8841,,162,,453.366
783,0.884954,,162,,453.721
784,0.885808,,160,,454.076
785,0.886662,,160,,454.431
786,0.887565,,161,,454.803
787,0.888474,,161,,455.176
788,0.889383,,162,,455.55
789,0.890292,,162,,455.923
790,0.8912,,162,,456.297
791,0.892109,,162,,456.67
792,0.892947,,162,,456.861
793,0.893777,,162,,457.031
794,0.894607,,162,,457.201
795,0.895437,,162,,457.372
796,0.896267,,162,,457.542
797,0.897096,,162,,457.712
798,0.897926,,162,,457.882
799,0.898952,,162,,458.402
800,0.899999,,162,,458.963
801,0.901047,,162,,459.523
802,0.902095,,162,,460.084
803,0.903143,,162,,460.645
804,0.903932,,162,,460.91
805,0.90469,,162,,461.141
806,0.905449,,162,,461.373
807,0.906208,,162,,461.604
808,0.906966,,162,,461.835
809,0.907725,,162,,462.066
810,0.908484,,162,,462.297
811,0.90918,,162,,462.453
812,0.90987,,162,,462.6
813,0.910559,,162,,462.746
814,0.911249,,162,,462.893
815,0.911938,,162,,463.039
816,0.912627,,162,,463.186
817,0.913317,,162,,463.333
818,0.914006,,162,,463.479
819,0.914589,,162,,463.76
820,0.915159,,162,,464.056
821,0.91573,,162,,464.351
822,0.9163,,162,,464.647
823,0.916871,,162,,464.943
824,0.917441,,162,,465.239
825,0.918012,,162,,465.535
826,0.918582,,162,,465.83
827,0.919152,,162,,466.126
828,0.919862,,160,,466.367
829,0.920589,,160,,466.601
830,0.921315,,160,,466.835
831,0.922041,,161,,467.07
832,0.922767,,161,,467.304
833,0.923493,,162,,467.538
834,0.92422,,162,,467.772
835,0.924946,,162,,468.007
836,0.925787,,162,,468.233
837,0.926642,,162,,468.459
838,0.927496,,162,,468.685
839,0.928351,,162,,468.91
840,0.929205,,162,,469.136
841,0.93006,,162,,469.362
842,0.930961,,162,,469.635
843,0.931867,,162,,469.914
844,0.932773,,160,,470.193
845,0.933679,,160,,470.472
846,0.934585,,160,,470.751
847,0.935492,,160,,471.03
848,0.936384,,160,,471.339
849,0.937274,,160,,471.651
850,0.938165,,160,,471.963
851,0.939055,,160,,472.275
852,0.939946,,160,,472.587
853,0.940836,,160,,472.9
854,0.941603,,160,,473.362
855,0.942355,,160,,473.842
856,0.943108,,160,,474.321
857,0.94386,,161,,474.801
858,0.944613,,161,,475.281
859,0.945365,,160,,475.761
860,0.946118,,160,,476.24
861,0.946794,,160,,476.686
862,0.947461,,160,,477.127
863,0.948128,,160,,477.568
864,0.948795,,160,,478.009
865,0.949463,,160,,478.451
866,0.95013,,160,,478.892
867,0.950797,,162,,479.333
868,0.951464,,162,,479.775
869,0.952408,,162,,479.887
870,0.953383,,162,,479.961
871,0.954359,,162,,480.035
872,0.955334,,162,,480.109
873,0.95631,,162,,480.183
874,0.957286,,162,,480.257
875,0.958097,,162,,480.623
876,0.958889,,162,,481.022
877,0.959682,,162,,481.422
878,0.960474,,162,,481.822
879,0.961266,,162,,482.221
880,0.962058,,162,,482.621
881,0.962851,,162,,483.02
882,0.963592,,162,,483.319
883,0.964326,,162,,483.606
884,0.965061,,162,,483.892
885,0.965796,,162,,484.179
886,0.96653,,162,,484.466
887,0.967265,,162,,484.753
888,0.968,,162,,485.04
889,0.968687,,160,,485.255
890,0.969369,,160,,485.462
891,0.970051,,160,,485.669
892,0.970733,,162,,485.876
893,0.971415,,162,,486.083
894,0.972098,,162,,486.289
895,0.97278,,160,,486.496
896,0.973462,,160,,486.703
897,0.974144,,160,,486.91
898,0.975182,,161,,487.115
899,0.976261,,160,,487.319
900,0.97734,,160,,487.523
901,0.97842,,160,,487.728
902,0.979499,,158,,487.932
903,0.980196,,158,,488.129
904,0.980849,,157,,488.326
905,0.981502,,157,,488.523
906,0.982156,,157,,488.719
907,0.982809,,157,,488.916
908,0.983462,,156,,489.113
909,0.984115,,157,,489.309
910,0.984768,,158,,489.506
911,0.985446,,158,,489.779
912,0.986128,,158,,490.061
913,0.986809,,160,,490.343
914,0.98749,,160,,490.626
915,0.988172,,160,,490.908
916,0.988853,,160,,491.19
917,0.989535,,160,,491.472
918,0.990216,,162,,491.754
919,0.991482,,162,,491.862
920,0.992815,,162,,491.951
921,0.994149,,162,,492.04
922,0.995482,,162,,492.128
923,0.996422,,162,,492.261
924,0.997316,,162,,492.398
925,0.99821,,162,,492.536
926,0.999103,,162,,492.674
927,0.999997,,162,,492.812
928,1.00089,,162,,492.949
929,1.00182,,162,,493.146
930,1.00275,,162,,493.35
931,1.00368,,162,,493.554
932,1.00462,,162,,493.758
933,1.00555,,162,,493.963
934,1.00648,,162,,494.167
935,1.00734,,162,,494.233
936,1.00818,,162,,494.284
937,1.00903,,162,,494.335
938,1.00987,,162,,494.386
939,1.01072,,162,,494.437
940,1.01156,,162,,494.488
941,1.01241,,162,,494.538
942,1.01324,,162,,494.809
943,1.01407,,162,,495.105
944,1.0149,,162,,495.401
945,1.01573,,162,,495.697
946,1.01657,,162,,495.993
947,1.0174,,162,,496.289
948,1.01823,,162,,496.585
949,1.01917,,162,,496.783
950,1.02012,,162,,496.971
951,1.02107,,162,,497.158
952,1.02202,,162,,497.345
953,1.02297,,161,,497.532
954,1.02391,,162,,497.72
955,1.02497,,162,,497.792
956,1.02604,,161,,497.851
957,1.02712,,162,,497.909
958,1.02819,,162,,497.968
959,1.02926,,162,,498.027
960,1.03031,,162,,498.281
961,1.03136,,162,,498.558
962,1.03241,,162,,498.835
963,1.03346,,162,,499.113
964,1.03451,,162,,499.39
965,1.0358,,162,,499.911
966,1.03712,,162,,500.46
967,1.03844,,162,,501.01
968,1.03976,,162,,501.559
969,1.04083,,162,,501.744
970,1.04186,,162,,501.886
971,1.04289,,162,,502.028
972,1.04392,,162,,502.17
973,1.04495,,162,,502.312
974,1.04582,,162,,502.462
975,1.04667,,162,,502.613
976,1.04752,,162,,502.764
977,1.04837,,162,,502.915
978,1.04922,,162,,503.065
979,1.05006,,162,,503.216
980,1.05087,,162,,503.502
981,1.05166,,162,,503.804
982,1.05246,,162,,504.105
983,1.05325,,162,,504.407
984,1.05405,,162,,504.708
985,1.05484,,162,,505.01
986,1.05564,,162,,505.311
987,1.05688,,162,,505.523
988,1.05818,,162,,505.724
989,1.05948,,161,,505.925
990,1.06078,,160,,506.127
991,1.06251,,160,,506.411
992,1.0643,,161,,506.704
993,1.0661,,160,,506.998
994,1.06705,,160,,507.223
995,1.06791,,161,,507.441
996,1.06877,,160,,507.658
997,1.06963,,160,,507.876
998,1.07049,,161,,508.093
999,1.07135,,160,,508.311
1000,1.07224,,160,,508.596
1001,1.07314,,161,,508.889
1002,1.07403,,160,,509.182
1003,1.07493,,160,,509.474
1004,1.07583,,161,,509.767
1005,1.07673,,160,,510.06
1006,1.07778,,160,,510.593
1007,1.07885,,161,,511.154
1008,1.07993,,160,,511.715
1009,1.081,,160,,512.276
1010,1.08207,,160,,512.837
1011,1.08336,,161,,512.922
1012,1.08468,,160,,512.95
1013,1.086,,162,,512.979
1014,1.08731,,162,,513.007
1015,1.08862,,162,,513.301
1016,1.08992,,162,,513.626
1017,1.09123,,162,,513.951
1018,1.09253,,162,,514.276
1019,1.09375,,162,,514.355
1020,1.09497,,162,,514.405
1021,1.09619,,162,,514.454
1022,1.0974,,162,,514.504
1023,1.09862,,162,,514.554
1024,1.10005,,162,,514.652
1025,1.10151,,162,,514.755
1026,1.10297,,162,,514.858
1027,1.10443,,162,,514.961
1028,1.10535,,162,,515.07
1029,1.1062,,162,,515.18
1030,1.10705,,162,,515.289
1031,1.1079,,162,,515.399
1032,1.10875,,162,,515.508
1033,1.1096,,162,,515.618
1034,1.11094,,162,,515.741
1035,1.11234,,162,,515.866
1036,1.11374,,162,,515.992
1037,1.11514,,162,,516.117
1038,1.11611,,162,,516.378
1039,1.11702,,162,,516.654
1040,1.11793,,162,,516.931
1041,1.11884,,162,,517.208
1042,1.11975,,162,,517.485
1043,1.12066,,162,,517.762
1044,1.12177,,162,,518.047
1045,1.12291,,162,,518.334
1046,1.12404,,162,,518.62
1047,1.12518,,162,,518.907
1048,1.12631,,162,,519.193
1049,1.12837,,162,,519.498
1050,1.13054,,162,,519.805
1051,1.1327,,162,,520.112
1052,1.13462,,162,,520.186
1053,1.13652,,162,,520.232
1054,1.13842,,162,,520.278
1055,1.14019,,162,,520.71
1056,1.14194,,162,,521.188
1057,1.14369,,162,,521.665
1058,1.14491,,162,,521.834
1059,1.14606,,162,,521.966
1060,1.14722,,162,,522.098
1061,1.14838,,162,,522.23
1062,1.14953,,162,,522.361
1063,1.1508,,162,,522.593
1064,1.15208,,162,,522.836
1065,1.15336,,162,,523.079
1066,1.15464,,162,,523.322
1067,1.15596,,162,,523.489
1068,1.1573,,162,,523.647
1069,1.15863,,162,,523.805
1070,1.15996,,162,,523.963
1071,1.1613,,162,,524.121
1072,1.16304,,162,,524.209
1073,1.16483,,162,,524.289
1074,1.16661,,160,,524.369
1075,1.16853,,160,,524.648
1076,1.17046,,160,,524.949
1077,1.17239,,158,,525.251
1078,1.1734,,158,,525.347
1079,1.17431,,158,,525.42
1080,1.17521,,157,,525.492
1081,1.17612,,156,,525.565
1082,1.17702,,157,,525.637
1083,1.17792,,156,,525.709
1084,1.17927,,158,,525.965
1085,1.18067,,158,,526.242
1086,1.18207,,158,,526.519
1087,1.18347,,158,,526.795
1088,1.18523,,158,,526.84
1089,1.18703,,158,,526.857
1090,1.18884,,160,,526.874
1091,1.19062,,160,,527.132
1092,1.19241,,160,,527.418
1093,1.19419,,160,,527.704
1094,1.19533,,160,,527.923
1095,1.1964,,161,,528.135
1096,1.19746,,160,,528.346
1097,1.19853,,160,,528.558
1098,1.19959,,160,,528.769
1099,1.20074,,158,,529.238
1100,1.20189,,158,,529.738
1101,1.20305,,156,,530.238
1102,1.20421,,157,,530.738
1103,1.20536,,156,,531.238
1104,1.20652,,157,,531.737
1105,1.20848,,157,,531.955
1106,1.21055,,156,,532.14
1107,1.21261,,157,,532.324
1108,1.21411,,156,,532.551
1109,1.21554,,157,,532.783
1110,1.21698,,157,,533.016
1111,1.21841,,156,,533.248
1112,1.2198,,157,,533.725
1113,1.22119,,158,,534.23
1114,1.22257,,158,,534.736
1115,1.22395,,158,,535.242
1116,1.22525,,158,,535.465
1117,1.22655,,158,,535.654
1118,1.22784,,158,,535.843
1119,1.22913,,158,,536.033
1120,1.23027,,158,,536.323
1121,1.23139,,158,,536.626
1122,1.23251,,158,,536.929
1123,1.23364,,158,,537.232
1124,1.23476,,158,,537.535
1125,1.23685,,158,,537.809
1126,1.23905,,158,,538.081
1127,1.24125,,158,,538.352
1128,1.24311,,158,,538.684
1129,1.24493,,158,,539.022
1130,1.24675,,158,,539.361
1131,1.24775,,158,,539.596
1132,1.24866,,158,,539.82
1133,1.24957,,158,,540.043
1134,1.25049,,158,,540.267
1135,1.2514,,158,,540.49
1136,1.25231,,158,,540.713
1137,1.25345,,158,,540.864
1138,1.25461,,158,,541.006
1139,1.25578,,158,,541.147
1140,1.25694,,158,,541.289
1141,1.25811,,158,,541.431
1142,1.25951,,158,,541.649
1143,1.26095,,159,,541.876
1144,1.26238,,159,,542.104
1145,1.26381,,158,,542.331
1146,1.26516,,158,,542.45
1147,1.2665,,158,,542.557
1148,1.26784,,158,,542.663
1149,1.26918,,158,,542.769
1150,1.27105,,158,,542.968
1151,1.27299,,160,,543.178
1152,1.27493,,160,,543.388
1153,1.27584,,160,,543.458
1154,1.27664,,160,,543.511
1155,1.27743,,160,,543.565
1156,1.27823,,160,,543.618
1157,1.27902,,160,,543.671
1158,1.27981,,160,,543.725
1159,1.28061,,160,,543.778
1160,1.28123,,160,,543.816
1161,1.28184,,160,,543.851
1162,1.28304,,160,,544.003
1163,1.28432,,160,,544.169
1164,1.28559,,160,,544.335
1165,1.28686,,160,,544.501
1166,1.28833,,160,,544.658
1167,1.28982,,160,,544.814
1168,1.29131,,160,,544.97
1169,1.2928,,160,,545.126
1170,1.29377,,160,,545.115
1171,1.29467,,160,,545.084
1172,1.29558,,160,,545.053
1173,1.29648,,160,,545.022
1174,1.29738,,160,,544.991
1175,1.29829,,160,,544.96
1176,1.29947,,160,,545.238
1177,1.30069,,160,,545.552
1178,1.3019,,160,,545.867
1179,1.30312,,160,,546.182
1180,1.30433,,160,,546.496
1181,1.30541,,160,,546.927
1182,1.30646,,161,,547.372
1183,1.30752,,160,,547.816
1184,1.30857,,160,,548.261
1185,1.30963,,161,,548.705
1186,1.31065,,160,,548.814
1187,1.31166,,160,,548.884
1188,1.31268,,160,,548.953
1189,1.3137,,160,,549.023
1190,1.31471,,160,,549.092
1191,1.31573,,160,,549.162
1192,1.31713,,160,,549.298
1193,1.31857,,160,,549.442
1194,1.32001,,161,,549.586
1195,1.32145,,160,,549.73
1196,1.32293,,160,,549.827
1197,1.32441,,161,,549.92
1198,1.32589,,160,,550.012
1199,1.32737,,160,,550.104
1200,1.32886,,162,,550.528
1201,1.33036,,162,,550.992
1202,1.33186,,162,,551.457
1203,1.33336,,162,,551.921
1204,1.33449,,162,,552.322
1205,1.33557,,162,,552.715
1206,1.33665,,162,,553.109
1207,1.33773,,162,,553.502
1208,1.33881,,162,,553.895
1209,1.33989,,162,,554.288
1210,1.34104,,162,,554.495
1211,1.3422,,162,,554.678
1212,1.34336,,162,,554.861
1213,1.34452,,162,,555.044
1214,1.34568,,162,,555.228
1215,1.34687,,162,,555.62
1216,1.34807,,162,,556.037
1217,1.34927,,162,,556.455
1218,1.35046,,162,,556.872
1219,1.35166,,162,,557.289
1220,1.35306,,162,,557.682
1221,1.35448,,160,,558.071
1222,1.3559,,160,,558.461
1223,1.35731,,161,,558.85
1224,1.35853,,160,,559.255
1225,1.35972,,160,,559.662
1226,1.36091,,160,,560.069
1227,1.3621,,160,,560.475
1228,1.36329,,160,,560.882
1229,1.36449,,160,,561.022
1230,1.36569,,160,,561.129
1231,1.3669,,160,,561.236
1232,1.3681,,160,,561.343
1233,1.3693,,160,,561.451
1234,1.37053,,160,,561.569
1235,1.37176,,160,,561.689
1236,1.373,,160,,561.809
1237,1.37424,,160,,561.929
1238,1.37547,,160,,562.049
1239,1.37608,,160,,562.338
1240,1.37662,,160,,562.649
1241,1.37715,,160,,562.96
1242,1.37769,,160,,563.27
1243,1.37822,,160,,563.581
1244,1.37876,,160,,563.891
1245,1.3793,,160,,564.202
1246,1.37983,,160,,564.512
1247,1.38037,,160,,564.823
1248,1.3809,,160,,565.133
1249,1.38148,,160,,565.318
1250,1.38207,,160,,565.488
1251,1.38266,,160,,565.657
1252,1.38359,,160,,565.911
1253,1.38456,,160,,566.175
1254,1.38552,,160,,566.439
1255,1.38649,,158,,566.704
1256,1.38746,,158,,566.968
1257,1.38842,,158,,567.232
1258,1.38971,,158,,567.425
1259,1.39104,,158,,567.609
1260,1.39237,,158,,567.793
1261,1.3937,,158,,567.978
1262,1.39559,,158,,568.249
1263,1.39754,,158,,568.531
1264,1.3995,,158,,568.812
1265,1.40132,,158,,568.959
1266,1.40312,,158,,569.09
1267,1.40493,,158,,569.22
1268,1.40635,,158,,569.544
1269,1.40773,,158,,569.891
1270,1.40911,,158,,570.239
1271,1.41049,,158,,570.586
1272,1.4115,,158,,570.831
1273,1.41246,,158,,571.063
1274,1.41342,,158,,571.296
1275,1.41438,,158,,571.528
1276,1.41535,,158,,571.761
1277,1.41631,,158,,571.993
1278,1.41759,,158,,572.393
1279,1.41892,,158,,572.813
1280,1.42024,,158,,573.233
1281,1.42156,,158,,573.653
1282,1.42263,,158,,574.282
1283,1.42367,,158,,574.936
1284,1.42471,,158,,575.59
1285,1.42575,,158,,576.245
1286,1.42679,,157,,576.899
1287,1.4283,,157,,577.007
1288,1.42987,,157,,577.049
1289,1.43144,,157,,577.09
1290,1.43301,,157,,577.132
1291,1.43401,,157,,577.443
1292,1.43494,,157,,577.786
1293,1.43587,,157,,578.13
1294,1.4368,,158,,578.474
1295,1.43773,,158,,578.818
1296,1.43866,,157,,579.162
1297,1.44039,,157,,579.271
1298,1.44222,,157,,579.352
1299,1.44404,,158,,579.433
1300,1.446,,158,,579.546
1301,1.44798,,158,,579.662
1302,1.44995,,157,,579.779
1303,1.45152,,156,,579.914
1304,1.45303,,157,,580.052
1305,1.45454,,157,,580.19
1306,1.45605,,157,,580.328
1307,1.45711,,157,,580.426
1308,1.45812,,158,,580.519
1309,1.45912,,158,,580.612
1310,1.46013,,158,,580.705
1311,1.46113,,158,,580.798
1312,1.46239,,158,,581.082
1313,1.46368,,158,,581.389
1314,1.46497,,158,,581.696
1315,1.46626,,158,,582.003
1316,1.46724,,158,,582.256
1317,1.46818,,158,,582.503
1318,1.46912,,158,,582.75
1319,1.47006,,159,,582.997
1320,1.47101,,159,,583.244
1321,1.47195,,158,,583.492
1322,1.47321,,158,,583.75
1323,1.47452,,158,,584.011
1324,1.47582,,158,,584.271
1325,1.47713,,160,,584.531
1326,1.47843,,158,,584.572
1327,1.47973,,158,,584.586
1328,1.48103,,158,,584.6
1329,1.48232,,160,,584.615
1330,1.48358,,160,,584.933
1331,1.48484,,160,,585.29
1332,1.48609,,160,,585.646
1333,1.48734,,160,,586.002
1334,1.48839,,160,,586.189
1335,1.48941,,160,,586.355
1336,1.49044,,160,,586.522
1337,1.49146,,160,,586.688
1338,1.49248,,160,,586.855
1339,1.49351,,160,,587.021
1340,1.49439,,160,,587.489
1341,1.49525,,160,,587.995
1342,1.49664,,160,,588.461
1343,1.4981,,161,,588.922
1344,1.49956,,160,,589.384
1345,1.50101,,160,,589.846
1346,1.50244,,162,,590.048
1347,1.50386,,162,,590.219
1348,1.50529,,162,,590.39
1349,1.50671,,162,,590.561
1350,1.50812,,162,,590.71
1351,1.50953,,162,,590.856
1352,1.51094,,162,,591.003
1353,1.51235,,162,,591.149
1354,1.51327,,162,,591.408
1355,1.51413,,162,,591.68
1356,1.51498,,162,,591.952
1357,1.51584,,162,,592.224
1358,1.51669,,162,,592.497
1359,1.51755,,162,,592.769
1360,1.51764,,162,,593.289
1361,1.51869,,162,,593.571
1362,1.51986,,163,,593.821
1363,1.52103,,163,,594.07
1364,1.52221,,163,,594.32
1365,1.52338,,163,,594.569
1366,1.52433,,163,,594.722
1367,1.52524,,163,,594.863
1368,1.52616,,163,,595.004
1369,1.52708,,163,,595.145
1370,1.52799,,162,,595.286
1371,1.52891,,162,,595.427
1372,1.52977,,162,,595.509
1373,1.53063,,162,,595.583
1374,1.53148,,162,,595.657
1375,1.53233,,163,,595.731
1376,1.53319,,163,,595.805
1377,1.53404,,163,,595.879
1378,1.53519,,163,,596.139
1379,1.53639,,163,,596.421
1380,1.53758,,163,,596.703
1381,1.53877,,163,,596.985
1382,1.53996,,163,,597.268
1383,1.54098,,164,,597.461
1384,1.54198,,164,,597.644
1385,1.54298,,164,,597.827
1386,1.54398,,164,,598.01
1387,1.54497,,164,,598.193
1388,1.54597,,166,,598.376
1389,1.54701,,166,,598.303
1390,1.54805,,165,,598.197
1391,1.54909,,164,,598.092
1392,1.55013,,163,,597.987
1393,1.55117,,163,,597.882
1394,1.55264,,164,,598.223
1395,1.55415,,164,,598.62
1396,1.55566,,164,,599.016
1397,1.55718,,164,,599.413
1398,1.55837,,164,,599.955
1399,1.55952,,164,,600.516
1400,1.56067,,164,,601.076
1401,1.56181,,164,,601.637
1402,1.56296,,164,,602.197
1403,1.56374,,164,,602.211
1404,1.56448,,164,,602.157
1405,1.56521,,164,,602.104
1406,1.56595,,164,,602.051
1407,1.56668,,164,,601.997
1408,1.56742,,164,,601.944
1409,1.56815,,164,,601.891
1410,1.56913,,164,,602.03
1411,1.57014,,163,,602.193
1412,1.57115,,163,,602.356
1413,1.57216,,163,,602.519
1414,1.57316,,163,,602.682
1415,1.57417,,163,,602.845
1416,1.57544,,163,,603.024
1417,1.57674,,163,,603.203
1418,1.57805,,163,,603.383
1419,1.57935,,163,,603.563
1420,1.58082,,163,,603.963
1421,1.58232,,163,,604.389
1422,1.58381,,163,,604.816
1423,1.58531,,162,,605.242
1424,1.58695,,162,,605.575
1425,1.58861,,162,,605.897
1426,1.59027,,162,,606.219
1427,1.59193,,162,,606.542
1428,1.59351,,162,,607.262
1429,1.59509,,162,,608.032
1430,1.59667,,162,,608.802
1431,1.59824,,162,,609.572
1432,1.60011,,162,,610.082
1433,1.60202,,161,,610.56
1434,1.60392,,160,,611.037
1435,1.60615,,160,,611.118
1436,1.60842,,161,,611.149
1437,1.61069,,160,,611.18
1438,1.61292,,160,,611.304
1439,1.61515,,160,,611.439
1440,1.61737,,160,,611.574
1441,1.61999,,160,,611.628
1442,1.62265,,160,,611.673
1443,1.62535,,160,,611.639
1444,1.62806,,160,,611.595
1445,1.63066,,158,,611.779
1446,1.63325,,158,,611.99
1447,1.63532,,158,,611.96
1448,1.63733,,158,,611.9
1449,1.63934,,157,,611.84
1450,1.64158,,156,,611.874
1451,1.64384,,157,,611.92
1452,1.6461,,157,,611.966
1453,1.64832,,155,,612.134
1454,1.65052,,156,,612.316
1455,1.65273,,155,,612.499
1456,1.65475,,155,,612.716
1457,1.65674,,155,,612.937
1458,1.65873,,155,,613.158
1459,1.66033,,154,,613.263
1460,1.66188,,154,,613.353
1461,1.66343,,154,,613.444
1462,1.66499,,154,,613.534
1463,1.66649,,154,,613.846
1464,1.66798,,154,,614.185
1465,1.66948,,154,,614.525
1466,1.67098,,154,,614.864
1467,1.67227,,152,,615.058
1468,1.67354,,152,,615.234
1469,1.67481,,152,,615.41
1470,1.67609,,152,,615.586
1471,1.67728,,151,,615.657
1472,1.67847,,151,,615.716
1473,1.67965,,151,,615.774
1474,1.68084,,151,,615.832
1475,1.68203,,151,,615.89
1476,1.68261,,151,,616.215
1477,1.68312,,150,,616.574
1478,1.68364,,151,,616.932
1479,1.68415,,149,,617.29
1480,1.68485,,149,,617.581
1481,1.68557,,149,,617.863
1482,1.6863,,149,,618.145
1483,1.68703,,149,,618.427
1484,1.68775,,149,,618.709
1485,1.68848,,149,,618.992
1486,1.6892,,149,,619.274
1487,1.69008,,150,,619.528
1488,1.69098,,151,,619.778
1489,1.69189,,150,,620.028
1490,1.69279,,151,,620.278
1491,1.69369,,151,,620.529
1492,1.69459,,151,,620.779
1493,1.6954,,151,,620.764
1494,1.69619,,151,,620.716
1495,1.69699,,152,,620.668
1496,1.69779,,152,,620.62
1497,1.69859,,152,,620.572
1498,1.69938,,152,,620.524
1499,1.70018,,152,,620.476
1500,1.70111,,152,,620.576
1501,1.70206,,152,,620.695
1502,1.703,,152,,620.813
1503,1.70395,,152,,620.932
1504,1.7049,,154,,621.05
1505,1.70584,,154,,621.168
1506,1.70595,,154,,621.421
1507,1.70661,,155,,621.673
1508,1.70735,,155,,621.922
1509,1.70809,,155,,622.171
1510,1.70883,,155,,622.421
1511,1.70958,,155,,622.67
1512,1.71032,,155,,622.919
1513,1.71106,,156,,623.169
1514,1.71171,,155,,623.223
1515,1.71234,,156,,623.252
1516,1.71297,,155,,623.282
1517,1.71361,,156,,623.311
1518,1.71424,,157,,623.341
1519,1.71488,,155,,623.37
1520,1.71551,,156,,623.4
1521,1.71614,,155,,623.429
1522,1.71678,,156,,623.459
1523,1.71779,,156,,623.501
1524,1.71885,,155,,623.545
1525,1.71991,,157,,623.589
1526,1.72097,,156,,623.633
1527,1.72203,,157,,623.677
1528,1.72282,,156,,623.664
1529,1.72357,,155,,623.644
1530,1.72432,,155,,623.624
1531,1.72507,,154,,623.604
1532,1.72582,,152,,623.585
1533,1.72658,,151,,623.565
1534,1.72733,,151,,623.545
1535,1.7283,,150,,623.693
1536,1.72931,,151,,623.861
1537,1.73031,,150,,624.03
1538,1.73131,,151,,624.198
1539,1.73232,,151,,624.366
1540,1.73332,,152,,624.535
1541,1.73409,,154,,624.706
1542,1.73482,,154,,624.878
1543,1.73556,,155,,625.049
1544,1.7363,,155,,625.221
1545,1.73703,,156,,625.392
1546,1.73777,,157,,625.564
1547,1.73851,,156,,625.735
1548,1.73942,,157,,625.682
1549,1.74036,,158,,625.602
1550,1.74129,,158,,625.521
1551,1.74223,,158,,625.44
1552,1.74317,,158,,625.359
1553,1.7441,,158,,625.279
1554,1.74503,,158,,625.404
1555,1.74596,,158,,625.556
1556,1.74689,,160,,625.707
1557,1.74782,,160,,625.858
1558,1.74874,,160,,626.009
1559,1.74967,,160,,626.16
1560,1.75072,,160,,626.268
1561,1.75179,,160,,626.369
1562,1.75286,,160,,626.471
1563,1.75393,,160,,626.573
1564,1.755,,160,,626.675
1565,1.75603,,160,,626.789
1566,1.75706,,160,,626.905
1567,1.75809,,160,,627.021
1568,1.75912,,160,,627.137
1569,1.76015,,160,,627.253
1570,1.76144,,160,,627.407
1571,1.76276,,160,,627.566
1572,1.76408,,160,,627.725
1573,1.7654,,160,,627.884
1574,1.76621,,160,,628.026
1575,1.76697,,160,,628.166
1576,1.76773,,160,,628.306
1577,1.76848,,160,,628.446
1578,1.76924,,161,,628.586
1579,1.76999,,160,,628.726
1580,1.77075,,160,,628.866
1581,1.77176,,161,,629.155
1582,1.7728,,160,,629.463
1583,1.77385,,160,,629.771
1584,1.77489,,161,,630.079
1585,1.77593,,160,,630.387
1586,1.77632,,160,,630.456
1587,1.77664,,160,,630.494
1588,1.77695,,161,,630.533
1589,1.77727,,160,,630.572
1590,1.77758,,160,,630.61
1591,1.7779,,161,,630.649
1592,1.77821,,160,,630.687
1593,1.77852,,162,,630.726
1594,1.77884,,162,,630.765
1595,1.77915,,162,,630.803
1596,1.77947,,162,,630.842
1597,1.77978,,162,,630.881
1598,1.7801,,162,,630.919
1599,1.78041,,162,,630.958
1600,1.78072,,162,,630.996
1601,1.78104,,162,,631.035
1602,1.78135,,162,,631.074
1603,1.78167,,162,,631.112
1604,1.7822,,162,,631.375
1605,1.78277,,162,,631.666
1606,1.78333,,162,,631.957
1607,1.7839,,162,,632.248
1608,1.78446,,162,,632.539
1609,1.78503,,162,,632.829
1610,1.78559,,162,,633.12
1611,1.78615,,162,,633.411
1612,1.78672,,160,,633.702
1613,1.78902,,160,,633.81
1614,1.79153,,160,,633.896
1615,1.79262,,160,,634.039
1616,1.79353,,160,,634.19
1617,1.79444,,160,,634.34
1618,1.79535,,162,,634.491
1619,1.79626,,162,,634.641
1620,1.79717,,161,,634.792
1621,1.79806,,160,,634.839
1622,1.79895,,160,,634.873
1623,1.79985,,161,,634.908
1624,1.80074,,162,,634.942
1625,1.80163,,162,,634.977
1626,1.80252,,162,,635.011
1627,1.80341,,162,,635.045
1628,1.805,,162,,635.174
1629,1.80669,,162,,635.314
1630,1.80837,,162,,635.455
1631,1.80923,,162,,635.705
1632,1.80999,,162,,635.968
1633,1.81075,,162,,636.232
1634,1.81151,,162,,636.495
1635,1.81227,,162,,636.759
1636,1.81303,,162,,637.022
1637,1.81379,,162,,637.286
1638,1.81418,,162,,637.555
1639,1.81451,,162,,637.824
1640,1.81485,,162,,638.094
1641,1.81519,,162,,638.364
1642,1.81553,,162,,638.634
1643,1.81587,,162,,638.903
1644,1.81621,,162,,639.173
1645,1.81655,,162,,639.443
1646,1.81689,,162,,639.713
1647,1.81723,,162,,639.983
1648,1.81757,,162,,640.252
1649,1.81791,,162,,640.522
1650,1.81825,,162,,640.792
1651,1.81859,,162,,641.062
1652,1.81893,,162,,641.331
1653,1.81927,,162,,641.601
1654,1.81931,,162,,641.721
1655,1.82007,,162,,641.864
1656,1.82093,,162,,642.012
1657,1.82179,,162,,642.161
1658,1.82265,,162,,642.31
1659,1.82351,,162,,642.458
1660,1.82437,,162,,642.607
1661,1.82562,,162,,642.67
1662,1.82693,,162,,642.722
1663,1.82823,,162,,642.774
1664,1.82953,,162,,642.826
1665,1.83027,,162,,642.88
1666,1.83093,,162,,642.933
1667,1.83159,,162,,642.986
1668,1.83225,,162,,643.04
1669,1.83291,,162,,643.093
1670,1.83357,,162,,643.146
1671,1.83423,,162,,643.2
1672,1.8349,,162,,643.253
1673,1.83588,,162,,643.479
1674,1.8369,,162,,643.726
1675,1.83792,,162,,643.973
1676,1.83895,,162,,644.221
1677,1.83997,,162,,644.468
1678,1.84099,,162,,644.715
1679,1.84148,,162,,645.182
1680,1.8419,,162,,645.677
1681,1.84233,,162,,646.172
1682,1.84275,,162,,646.667
1683,1.84317,,162,,647.162
1684,1.84359,,162,,647.656
1685,1.84401,,162,,648.151
1686,1.84443,,162,,648.646
1687,1.84485,,162,,649.141
1688,1.84527,,162,,649.636
1689,1.84569,,162,,650.131
1690,1.84612,,162,,650.626
1691,1.84671,,162,,650.994
1692,1.84732,,162,,651.346
1693,1.84793,,163,,651.698
1694,1.84854,,163,,652.05
1695,1.84915,,163,,652.402
1696,1.84976,,163,,652.754
1697,1.85037,,163,,653.106
1698,1.85098,,163,,653.458
1699,1.8516,,163,,653.81
1700,1.8528,,163,,654.13
1701,1.85408,,163,,654.446
1702,1.85536,,163,,654.761
1703,1.85663,,163,,655.077
1704,1.8577,,163,,655.257
1705,1.85874,,163,,655.42
1706,1.85978,,163,,655.583
1707,1.86082,,164,,655.746
1708,1.86186,,164,,655.909
1709,1.86241,,163,,656.084
1710,1.8629,,163,,656.26
1711,1.86338,,163,,656.436
1712,1.86386,,163,,656.612
1713,1.86435,,164,,656.788
1714,1.86483,,164,,656.964
1715,1.86532,,163,,657.14
1716,1.8658,,163,,657.316
1717,1.86629,,163,,657.491
1718,1.86677,,163,,657.667
1719,1.86725,,163,,657.843
1720,1.86774,,163,,658.019
1721,1.86895,,163,,658.185
1722,1.87026,,163,,658.349
1723,1.87157,,163,,658.513
1724,1.87288,,163,,658.677
1725,1.87405,,163,,658.993
1726,1.87521,,163,,659.33
1727,1.87637,,164,,659.667
1728,1.87753,,164,,660.003
1729,1.87868,,164,,660.34
1730,1.87964,,164,,660.558
1731,1.88058,,164,,660.761
1732,1.88151,,164,,660.965
1733,1.88245,,164,,661.168
1734,1.88338,,164,,661.371
1735,1.88432,,164,,661.575
1736,1.88487,,164,,661.771
1737,1.88538,,164,,661.967
1738,1.88589,,164,,662.162
1739,1.8864,,164,,662.357
1740,1.8869,,164,,662.553
1741,1.88741,,164,,662.748
1742,1.88792,,164,,662.944
1743,1.88843,,164,,663.139
1744,1.88894,,164,,663.335
1745,1.88944,,164,,663.53
1746,1.89018,,163,,663.75
1747,1.89094,,163,,663.973
1748,1.8917,,163,,664.196
1749,1.89246,,163,,664.418
1750,1.89322,,163,,664.641
1751,1.89398,,163,,664.864
1752,1.89474,,163,,665.087
1753,1.8952,,163,,665.306
1754,1.89563,,162,,665.524
1755,1.89605,,162,,665.742
1756,1.89647,,162,,665.96
1757,1.89689,,162,,666.178
1758,1.89731,,162,,666.396
1759,1.89773,,163,,666.614
1760,1.89815,,163,,666.832
1761,1.89858,,163,,667.05
1762,1.899,,163,,667.269
1763,1.89942,,163,,667.487
1764,1.89984,,163,,667.705
1765,1.90033,,163,,667.97
1766,1.90082,,163,,668.24
1767,1.90131,,163,,668.511
1768,1.90181,,163,,668.782
1769,1.9023,,163,,669.053
1770,1.90279,,163,,669.324
1771,1.90328,,163,,669.595
1772,1.90378,,163,,669.866
1773,1.90427,,163,,670.137
1774,1.90476,,163,,670.408
1775,1.90526,,163,,670.678
1776,1.90654,,163,,670.845
1777,1.90792,,163,,670.999
1778,1.90931,,163,,671.153
1779,1.91069,,163,,671.307
1780,1.91144,,163,,671.63
1781,1.91211,,163,,671.974
1782,1.91279,,163,,672.318
1783,1.91346,,162,,672.663
1784,1.91413,,162,,673.007
1785,1.9148,,162,,673.351
1786,1.91514,,162,,673.69
1787,1.91545,,162,,674.028
1788,1.91575,,162,,674.366
1789,1.91605,,162,,674.704
1790,1.91635,,162,,675.043
1791,1.91665,,162,,675.381
1792,1.91696,,162,,675.719
1793,1.91726,,160,,676.057
1794,1.91756,,161,,676.395
1795,1.91786,,160,,676.733
1796,1.91817,,160,,677.071
1797,1.91847,,158,,677.41
1798,1.91877,,158,,677.748
1799,1.91907,,158,,678.086
1800,1.91937,,158,,678.424
1801,1.91968,,158,,678.762
1802,1.91998,,158,,679.1
1803,1.92028,,160,,679.439
1804,1.92058,,160,,679.777
1805,1.92108,,160,,680.01
1806,1.92161,,160,,680.229
1807,1.92214,,160,,680.449
1808,1.92267,,160,,680.668
1809,1.9232,,162,,680.888
1810,1.92372,,162,,681.107
1811,1.92425,,162,,681.327
1812,1.92478,,162,,681.547
1813,1.92531,,162,,681.766
1814,1.92584,,162,,681.986
1815,1.92641,,162,,682.26
1816,1.92698,,162,,682.541
1817,1.92756,,162,,682.822
1818,1.92813,,162,,683.103
1819,1.92871,,162,,683.384
1820,1.92928,,162,,683.665
1821,1.92986,,162,,683.946
1822,1.93043,,162,,684.227
1823,1.93101,,163,,684.508
1824,1.93159,,163,,684.789
1825,1.93249,,163,,685.125
1826,1.93343,,163,,685.467
1827,1.93438,,163,,685.81
1828,1.93532,,163,,686.152
1829,1.93627,,163,,686.495
1830,1.93721,,163,,686.837
1831,1.93816,,163,,687.179
1832,1.93882,,162,,687.329
1833,1.93945,,162,,687.454
1834,1.94008,,162,,687.579
1835,1.94071,,162,,687.704
1836,1.94134,,162,,687.829
1837,1.94197,,162,,687.954
1838,1.94259,,162,,688.08
1839,1.94322,,162,,688.205
1840,1.9437,,162,,688.618
1841,1.94417,,162,,689.068
1842,1.94463,,162,,689.519
1843,1.94509,,162,,689.969
1844,1.94555,,162,,690.42
1845,1.94601,,162,,690.87
1846,1.94648,,162,,691.321
1847,1.94694,,162,,691.771
1848,1.9474,,162,,692.222
1849,1.94786,,162,,692.672
1850,1.94832,,162,,693.123
1851,1.94861,,162,,693.544
1852,1.94887,,162,,693.963
1853,1.94956,,162,,694.282
1854,1.9503,,162,,694.589
1855,1.95104,,162,,694.896
1856,1.95178,,162,,695.203
1857,1.95252,,162,,695.51
1858,1.95326,,162,,695.817
1859,1.954,,162,,696.124
1860,1.95474,,162,,696.431
1861,1.95512,,162,,696.725
1862,1.95545,,162,,697.017
1863,1.95578,,162,,697.309
1864,1.95611,,162,,697.601
1865,1.95644,,162,,697.894
1866,1.95677,,162,,698.186
1867,1.9571,,162,,698.478
1868,1.95743,,162,,698.771
1869,1.95776,,162,,699.063
1870,1.95809,,162,,699.355
1871,1.95842,,162,,699.647
1872,1.95875,,162,,699.94
1873,1.95908,,162,,700.232
1874,1.95941,,162,,700.524
1875,1.95974,,162,,700.817
1876,1.96007,,162,,701.109
1877,1.96058,,162,,701.399
1878,1.96111,,162,,701.688
1879,1.96165,,162,,701.977
1880,1.96218,,162,,702.266
1881,1.96272,,162,,702.556
1882,1.96325,,162,,702.845
1883,1.96378,,162,,703.134
1884,1.96432,,162,,703.424
1885,1.96485,,162,,703.713
1886,1.96539,,162,,704.002
1887,1.96592,,162,,704.291
1888,1.96646,,162,,704.678
1889,1.96699,,162,,705.078
1890,1.96753,,162,,705.478
1891,1.96807,,162,,705.877
1892,1.96861,,162,,706.277
1893,1.96914,,162,,706.677
1894,1.96968,,161,,706.961
1895,1.97022,,160,,707.231
1896,1.97076,,160,,707.5
1897,1.9713,,162,,707.77
1898,1.97184,,162,,708.04
1899,1.97238,,162,,708.31
1900,1.97292,,162,,708.579
1901,1.97346,,162,,708.849
1902,1.974,,162,,709.119
1903,1.97454,,162,,709.388
1904,1.97537,,162,,709.772
1905,1.97623,,162,,710.17
1906,1.97709,,162,,710.569
1907,1.97795,,162,,710.967
1908,1.97881,,162,,711.365
1909,1.97967,,162,,711.763
1910,1.98158,,162,,711.785
1911,1.98362,,162,,711.758
1912,1.98567,,162,,711.731
1913,1.98723,,162,,711.571
1914,1.98873,,162,,711.394
1915,1.99023,,162,,711.218
1916,1.99173,,162,,711.041
1917,1.99257,,162,,711.324
1918,1.99331,,162,,711.667
1919,1.99406,,162,,712.009
1920,1.99507,,162,,712.119
1921,1.99611,,162,,712.198
1922,1.99715,,162,,712.278
1923,1.99818,,162,,712.357
1924,1.99922,,162,,712.436
1925,1.99984,,162,,712.657
1926,2.00039,,162,,712.895
1927,2.00095,,162,,713.133
1928,2.00151,,162,,713.371
1929,2.00207,,162,,713.609
1930,2.00263,,162,,713.848
1931,2.00318,,162,,714.086
1932,2.00374,,162,,714.324
1933,2.0043,,162,,714.562
1934,2.00487,,162,,714.644
1935,2.00544,,162,,714.705
1936,2.006,,162,,714.766
1937,2.00657,,162,,714.828
1938,2.00714,,162,,714.889
1939,2.00771,,162,,714.95
1940,2.00828,,162,,715.012
1941,2.00884,,162,,715.073
1942,2.00941,,162,,715.134
1943,2.00983,,162,,715.331
1944,2.01023,,162,,715.544
1945,2.01063,,162,,715.758
1946,2.01103,,162,,715.971
1947,2.01143,,162,,716.185
1948,2.01183,,162,,716.399
1949,2.01223,,162,,716.612
1950,2.01263,,162,,716.826
1951,2.01303,,162,,717.04
1952,2.01342,,162,,717.253
1953,2.01382,,162,,717.467
1954,2.01422,,162,,717.681
1955,2.01462,,162,,717.894
1956,2.01563,,162,,718.302
1957,2.01671,,162,,718.734
1958,2.01779,,162,,719.167
1959,2.01887,,162,,719.599
1960,2.01995,,162,,720.032
1961,2.02146,,163,,720.408
1962,2.02303,,163,,720.778
1963,2.02459,,163,,721.148
1964,2.02616,,162,,721.517
1965,2.02817,,162,,721.866
1966,2.03025,,162,,722.212
1967,2.03232,,162,,722.558
1968,2.03331,,162,,722.952
1969,2.03416,,162,,723.352
1970,2.03501,,162,,723.753
1971,2.03586,,162,,724.153
1972,2.03671,,163,,724.554
1973,2.03756,,162,,724.954
1974,2.03811,,162,,725.093
1975,2.03862,,162,,725.197
1976,2.03913,,162,,725.302
1977,2.03964,,162,,725.407
1978,2.04014,,162,,725.512
1979,2.04065,,162,,725.616
1980,2.04116,,162,,725.721
1981,2.04167,,162,,725.826
1982,2.04218,,162,,725.93
1983,2.04269,,162,,726.035
1984,2.04303,,162,,726.191
1985,2.04335,,162,,726.353
1986,2.04367,,162,,726.515
1987,2.044,,162,,726.677
1988,2.04432,,162,,726.84
1989,2.04464,,162,,727.002
1990,2.04497,,162,,727.164
1991,2.04529,,162,,727.326
1992,2.04561,,162,,727.488
1993,2.04593,,163,,727.651
1994,2.04626,,163,,727.813
1995,2.04658,,163,,727.975
1996,2.0469,,163,,728.137
1997,2.04722,,163,,728.299
1998,2.04755,,163,,728.462
1999,2.04787,,163,,728.624
2000,2.04819,,163,,728.786
2001,2.04887,,162,,729.004
2002,2.04959,,162,,729.23
2003,2.05031,,162,,729.456
2004,2.05103,,162,,729.681
2005,2.05175,,162,,729.907
2006,2.05247,,162,,730.132
2007,2.05319,,162,,730.358
2008,2.05391,,162,,730.583
2009,2.05463,,162,,730.96
2010,2.05534,,162,,731.355
2011,2.05606,,162,,731.751
2012,2.05678,,163,,732.147
2013,2.0575,,162,,732.542
2014,2.05821,,162,,732.938
2015,2.05893,,162,,733.334
2016,2.05951,,163,,733.595
2017,2.06007,,163,,733.84
2018,2.06063,,163,,734.084
2019,2.06119,,163,,734.328
2020,2.06175,,163,,734.573
2021,2.06231,,163,,734.817
2022,2.06287,,163,,735.062
2023,2.06343,,163,,735.306
2024,2.06399,,163,,735.55
2025,2.06569,,163,,736.064
2026,2.06755,,163,,736.613
2027,2.0694,,162,,737.162
2028,2.07055,,162,,737.443
2029,2.0716,,162,,737.689
2030,2.07266,,162,,737.936
2031,2.07371,,162,,738.182
2032,2.07476,,162,,738.429
2033,2.07575,,162,,738.681
2034,2.07672,,162,,738.934
2035,2.0777,,162,,739.187
2036,2.07868,,162,,739.439
2037,2.07966,,162,,739.692
2038,2.08063,,160,,739.945
2039,2.08208,,160,,739.982
2040,2.08359,,160,,739.99
2041,2.0851,,158,,739.998
2042,2.0866,,158,,740.006
2043,2.08801,,158,,740.097
2044,2.08941,,158,,740.199
2045,2.09081,,158,,740.302
2046,2.09221,,158,,740.404
2047,2.09353,,158,,740.602
2048,2.09484,,158,,740.814
2049,2.09615,,158,,741.025
2050,2.09746,,158,,741.237
2051,2.09858,,158,,741.604
2052,2.09967,,158,,741.992
2053,2.10076,,160,,742.379
2054,2.10185,,160,,742.767
2055,2.10294,,160,,743.154
2056,2.10382,,160,,743.518
2057,2.10468,,160,,743.878
2058,2.10553,,160,,744.238
2059,2.10638,,160,,744.598
2060,2.10723,,160,,744.958
2061,2.10808,,160,,745.318
2062,2.10919,,160,,745.489
2063,2.11034,,160,,745.635
2064,2.11148,,160,,745.782
2065,2.11263,,158,,745.928
2066,2.11378,,158,,746.074
2067,2.11499,,159,,746.313
2068,2.11621,,158,,746.564
2069,2.11744,,158,,746.816
2070,2.11866,,158,,747.068
2071,2.11988,,158,,747.319
2072,2.12115,,158,,747.787
2073,2.12243,,158,,748.285
2074,2.1237,,158,,748.782
2075,2.12498,,157,,749.279
2076,2.12606,,156,,749.523
2077,2.12712,,156,,749.734
2078,2.12818,,157,,749.945
2079,2.12924,,157,,750.156
2080,2.1303,,157,,750.367
2081,2.13165,,157,,750.658
2082,2.13303,,157,,750.959
2083,2.13441,,158,,751.26
2084,2.13579,,158,,751.561
2085,2.13702,,158,,751.682
2086,2.13823,,158,,751.778
2087,2.13944,,158,,751.874
2088,2.14065,,158,,751.97
2089,2.14185,,158,,752.066
2090,2.14267,,158,,752.401
2091,2.14343,,158,,752.768
2092,2.14419,,158,,753.135
2093,2.14494,,158,,753.501
2094,2.1457,,158,,753.868
2095,2.14646,,158,,754.235
2096,2.14722,,158,,754.602
2097,2.14824,,158,,754.826
2098,2.14929,,158,,755.032
2099,2.15034,,158,,755.238
2100,2.15139,,158,,755.444
2101,2.15244,,158,,755.65
2102,2.15349,,158,,755.856
2103,2.15454,,158,,756.062
2104,2.15643,,158,,756.39
2105,2.15844,,158,,756.735
2106,2.16044,,158,,757.079
2107,2.16255,,158,,757.192
2108,2.16467,,158,,757.274
2109,2.16679,,158,,757.356
2110,2.16839,,158,,757.402
2111,2.16993,,160,,757.442
2112,2.17147,,160,,757.483
2113,2.17301,,160,,757.524
2114,2.17439,,160,,757.644
2115,2.17576,,160,,757.775
2116,2.17712,,160,,757.905
2117,2.17848,,160,,758.036
2118,2.17902,,160,,758.307
2119,2.17945,,160,,758.597
2120,2.18019,,160,,758.86
2121,2.18097,,160,,759.12
2122,2.18175,,160,,759.379
2123,2.18253,,160,,759.639
2124,2.18332,,160,,759.898
2125,2.1841,,160,,760.158
2126,2.18488,,160,,760.417
2127,2.18636,,160,,760.422
2128,2.18794,,160,,760.392
2129,2.18952,,160,,760.362
2130,2.1911,,160,,760.333
2131,2.19259,,160,,760.502
2132,2.19407,,160,,760.697
2133,2.19555,,160,,760.893
2134,2.19703,,160,,761.088
2135,2.19746,,160,,761.238
2136,2.19775,,161,,761.382
2137,2.19804,,160,,761.525
2138,2.19833,,160,,761.669
2139,2.20001,,160,,761.818
2140,2.20187,,160,,761.968
2141,2.20374,,160,,762.118
2142,2.20562,,160,,762.213
2143,2.20751,,160,,762.3
2144,2.20939,,160,,762.387
2145,2.21088,,160,,762.357
2146,2.21231,,160,,762.312
2147,2.21374,,160,,762.267
2148,2.21517,,160,,762.222
2149,2.21625,,160,,762.497
2150,2.21729,,160,,762.815
2151,2.21832,,160,,763.133
2152,2.21936,,160,,763.451
2153,2.22007,,160,,763.769
2154,2.22074,,160,,764.088
2155,2.22141,,160,,764.407
2156,2.22208,,160,,764.726
2157,2.22275,,160,,765.045
2158,2.22341,,160,,765.363
2159,2.22408,,160,,765.682
2160,2.22475,,160,,766.001
2161,2.22584,,160,,766.121
2162,2.22699,,160,,766.213
2163,2.22813,,160,,766.306
2164,2.22928,,160,,766.399
2165,2.23043,,160,,766.492
2166,2.23125,,160,,766.798
2167,2.23204,,158,,767.133
2168,2.23282,,159,,767.468
2169,2.23361,,159,,767.803
2170,2.23439,,158,,768.138
2171,2.23518,,158,,768.473
2172,2.23596,,158,,768.808
2173,2.23673,,158,,768.976
2174,2.23751,,160,,769.123
2175,2.23828,,160,,769.269
2176,2.23905,,158,,769.415
2177,2.23982,,158,,769.561
2178,2.2406,,158,,769.707
2179,2.24137,,158,,769.853
2180,2.24266,,158,,770.135
2181,2.24401,,158,,770.435
2182,2.24537,,158,,770.736
2183,2.24673,,158,,771.036
2184,2.24764,,158,,771.227
2185,2.24849,,158,,771.404
2186,2.24935,,158,,771.58
2187,2.2502,,158,,771.757
2188,2.25106,,158,,771.934
2189,2.25191,,158,,772.11
2190,2.25276,,158,,772.287
2191,2.25383,,158,,772.534
2192,2.25492,,158,,772.791
2193,2.256,,158,,773.048
2194,2.25709,,158,,773.305
2195,2.25818,,158,,773.562
2196,2.25911,,158,,773.786
2197,2.26001,,158,,774.006
2198,2.26091,,158,,774.225
2199,2.26181,,158,,774.445
2200,2.26271,,158,,774.664
2201,2.26361,,158,,774.884
2202,2.26501,,160,,775.225
2203,2.26648,,160,,775.582
2204,2.26795,,160,,775.939
2205,2.26942,,160,,776.297
2206,2.27061,,160,,776.736
2207,2.27176,,160,,777.187
2208,2.27291,,160,,777.637
2209,2.27405,,160,,778.088
2210,2.2752,,160,,778.539
2211,2.2764,,160,,778.57
2212,2.2776,,160,,778.546
2213,2.2788,,160,,778.522
2214,2.28,,160,,778.498
2215,2.2812,,160,,778.473
2216,2.28211,,158,,778.562
2217,2.28297,,158,,778.666
2218,2.28384,,158,,778.77
2219,2.28471,,158,,778.875
2220,2.28558,,158,,778.979
2221,2.28645,,158,,779.083
2222,2.28731,,158,,779.187
2223,2.28868,,158,,779.411
2224,2.2901,,159,,779.651
2225,2.29153,,159,,779.891
2226,2.29296,,158,,780.131
2227,2.29388,,158,,780.152
2228,2.29474,,158,,780.143
2229,2.29559,,158,,780.135
2230,2.29645,,158,,780.127
2231,2.2973,,158,,780.119
2232,2.29816,,158,,780.111
2233,2.29923,,158,,780.272
2234,2.30033,,158,,780.457
2235,2.30144,,157,,780.641
2236,2.30254,,156,,780.825
2237,2.30364,,157,,781.01
2238,2.30497,,156,,781.152
2239,2.30632,,156,,781.288
2240,2.30768,,157,,781.425
2241,2.30904,,156,,781.561
2242,2.31047,,157,,781.846
2243,2.3119,,156,,782.15
2244,2.31334,,157,,782.454
2245,2.31478,,157,,782.758
2246,2.31609,,156,,783.001
2247,2.31738,,158,,783.236
2248,2.31866,,158,,783.472
2249,2.31995,,158,,783.707
2250,2.32124,,158,,783.942
2251,2.32268,,158,,784.086
2252,2.32414,,158,,784.218
2253,2.32559,,158,,784.35
2254,2.32705,,158,,784.482
2255,2.32816,,158,,784.655
2256,2.32923,,158,,784.835
2257,2.3303,,158,,785.014
2258,2.33137,,158,,785.194
2259,2.33243,,158,,785.373
2260,2.33376,,158,,785.38
2261,2.33511,,157,,785.364
2262,2.33647,,156,,785.348
2263,2.33783,,157,,785.332
2264,2.33866,,157,,785.526
2265,2.33942,,156,,785.748
2266,2.34018,,157,,785.969
2267,2.34094,,156,,786.191
2268,2.3417,,157,,786.413
2269,2.34246,,157,,786.635
2270,2.34322,,156,,786.856
2271,2.3441,,157,,787.36
2272,2.345,,156,,787.902
2273,2.3459,,157,,788.444
2274,2.34681,,157,,788.985
2275,2.34771,,156,,789.527
2276,2.34861,,157,,790.069
2277,2.34936,,156,,790.081
2278,2.35009,,157,,790.023
2279,2.35082,,157,,789.964
2280,2.35156,,156,,789.906
2281,2.35229,,157,,789.847
2282,2.35302,,157,,789.789
2283,2.35375,,156,,789.731
2284,2.35465,,156,,789.984
2285,2.35558,,155,,790.28
2286,2.35651,,155,,790.575
2287,2.35743,,154,,790.871
2288,2.35836,,152,,791.166
2289,2.35928,,151,,791.462
2290,2.36085,,149,,791.513
2291,2.36251,,149,,791.531
2292,2.36417,,148,,791.55
2293,2.36582,,149,,791.568
2294,2.36751,,149,,791.874
2295,2.3692,,150,,792.218
2296,2.37088,,151,,792.563
2297,2.37191,,151,,792.779
2298,2.37284,,152,,792.978
2299,2.37377,,154,,793.177
2300,2.37471,,155,,793.376
2301,2.37564,,155,,793.575
2302,2.37657,,155,,793.774
2303,2.37751,,157,,793.927
2304,2.37845,,157,,794.073
2305,2.37939,,158,,794.22
2306,2.38033,,158,,794.366
2307,2.38127,,158,,794.512
2308,2.38221,,158,,794.659
2309,2.38333,,160,,794.971
2310,2.38446,,160,,795.306
2311,2.3856,,160,,795.64
2312,2.38674,,160,,795.975
2313,2.38788,,160,,796.31
2314,2.38903,,160,,796.507
2315,2.39018,,160,,796.687
2316,2.39133,,160,,796.866
2317,2.39249,,160,,797.046
2318,2.39364,,158,,797.225
2319,2.39471,,158,,797.472
2320,2.39577,,158,,797.727
2321,2.39683,,158,,797.983
2322,2.39789,,158,,798.238
2323,2.39895,,158,,798.494
2324,2.40011,,158,,798.858
2325,2.40129,,158,,799.236
2326,2.40246,,158,,799.614
2327,2.40364,,158,,799.993
2328,2.40481,,158,,800.371
2329,2.40586,,158,,800.51
2330,2.40689,,158,,800.616
2331,2.40791,,158,,800.723
2332,2.40894,,158,,800.83
2333,2.40997,,160,,800.937
2334,2.41128,,160,,801.129
2335,2.41263,,160,,801.332
2336,2.41398,,160,,801.536
2337,2.41533,,158,,801.74
2338,2.41673,,158,,802.018
2339,2.41813,,158,,802.306
2340,2.41954,,158,,802.595
2341,2.42095,,158,,802.883
2342,2.42252,,158,,802.98
2343,2.42411,,158,,803.052
2344,2.4257,,159,,803.123
2345,2.4273,,159,,803.195
2346,2.42795,,158,,803.434
2347,2.42847,,160,,803.695
2348,2.429,,160,,803.956
2349,2.42952,,160,,804.218
2350,2.43004,,160,,804.479
2351,2.43057,,160,,804.74
2352,2.43109,,160,,805.001
2353,2.43162,,160,,805.263
2354,2.43214,,160,,805.524
2355,2.43266,,160,,805.785
2356,2.43379,,161,,806.146
2357,2.43499,,160,,806.52
2358,2.4362,,160,,806.894
2359,2.4374,,160,,807.268
2360,2.43861,,160,,807.643
2361,2.43986,,160,,807.904
2362,2.44111,,160,,808.151
2363,2.44237,,160,,808.397
2364,2.44363,,160,,808.644
2365,2.44489,,160,,808.89
2366,2.44616,,160,,809.107
2367,2.44743,,160,,809.321
2368,2.44871,,160,,809.534
2369,2.44998,,160,,809.747
2370,2.45068,,160,,809.862
2371,2.45131,,160,,809.962
2372,2.45193,,160,,810.063
2373,2.45255,,160,,810.164
2374,2.45318,,160,,810.265
2375,2.4538,,160,,810.366
2376,2.45442,,160,,810.466
2377,2.45505,,160,,810.567
2378,2.45567,,160,,810.668
2379,2.45663,,160,,811.174
2380,2.45763,,160,,811.734
2381,2.45863,,160,,812.294
2382,2.45963,,160,,812.854
2383,2.46063,,160,,813.414
2384,2.46115,,160,,813.66
2385,2.4616,,160,,813.862
2386,2.46205,,160,,814.065
2387,2.46251,,160,,814.268
2388,2.46296,,160,,814.471
2389,2.46341,,160,,814.674
2390,2.46386,,160,,814.877
2391,2.46431,,160,,815.08
2392,2.46477,,161,,815.283
2393,2.46522,,160,,815.485
2394,2.46567,,160,,815.688
2395,2.46612,,162,,815.891
2396,2.46694,,162,,816.18
2397,2.4678,,162,,816.481
2398,2.46867,,162,,816.781
2399,2.46954,,162,,817.081
2400,2.47022,,162,,817.224
2401,2.47088,,162,,817.346
2402,2.47153,,162,,817.468
2403,2.47219,,162,,817.59
2404,2.47285,,162,,817.712
2405,2.47351,,162,,817.834
2406,2.47416,,162,,817.956
2407,2.47482,,162,,818.078
2408,2.47553,,162,,818.048
2409,2.47625,,162,,817.998
2410,2.47696,,162,,817.948
2411,2.47768,,162,,817.898
2412,2.47839,,162,,817.848
2413,2.47911,,162,,817.798
2414,2.47983,,162,,817.747
2415,2.48081,,162,,817.683
2416,2.48183,,162,,817.616
2417,2.48285,,162,,817.549
2418,2.48387,,162,,817.483
2419,2.48489,,162,,817.416
2420,2.48591,,162,,817.349
2421,2.48673,,162,,817.611
2422,2.48753,,162,,817.917
2423,2.48832,,162,,818.223
2424,2.48912,,162,,818.529
2425,2.48991,,162,,818.835
2426,2.49071,,162,,819.141
2427,2.4915,,162,,819.448
2428,2.49219,,162,,819.798
2429,2.49286,,162,,820.154
2430,2.49353,,162,,820.511
2431,2.49421,,162,,820.867
2432,2.49488,,162,,821.224
2433,2.49555,,162,,821.58
2434,2.49622,,162,,821.937
2435,2.4969,,162,,822.293
2436,2.49698,,162,,823.002
2437,2.49777,,162,,823.286
2438,2.49867,,162,,823.508
2439,2.49957,,162,,823.729
2440,2.50047,,162,,823.95
2441,2.50137,,162,,824.171
2442,2.50227,,162,,824.392
2443,2.50317,,162,,824.614
2444,2.5042,,162,,824.816
2445,2.50524,,162,,825.016
2446,2.50629,,162,,825.216
2447,2.50733,,162,,825.416
2448,2.50838,,162,,825.616
2449,2.50931,,162,,825.907
2450,2.51024,,162,,826.211
2451,2.51116,,162,,826.515
2452,2.51208,,162,,826.819
2453,2.513,,162,,827.123
2454,2.51393,,162,,827.427
2455,2.51479,,162,,827.748
2456,2.51565,,162,,828.072
2457,2.5165,,162,,828.396
2458,2.51736,,162,,828.719
2459,2.51821,,162,,829.043
2460,2.51907,,162,,829.367
2461,2.51993,,162,,829.473
2462,2.52079,,162,,829.551
2463,2.52166,,162,,829.628
2464,2.52252,,162,,829.705
2465,2.52338,,162,,829.783
2466,2.52425,,162,,829.86
2467,2.52483,,162,,829.905
2468,2.52537,,162,,829.946
2469,2.52591,,160,,829.987
2470,2.52645,,160,,830.028
2471,2.52699,,160,,830.069
2472,2.52754,,160,,830.111
2473,2.52808,,158,,830.152
2474,2.52862,,158,,830.193
2475,2.52916,,158,,830.234
2476,2.5297,,158,,830.275
2477,2.53029,,158,,830.484
2478,2.53089,,158,,830.715
2479,2.5315,,158,,830.946
2480,2.5321,,158,,831.177
2481,2.5327,,160,,831.409
2482,2.5333,,160,,831.64
2483,2.5339,,160,,831.871
2484,2.5345,,160,,832.103
2485,2.5351,,160,,832.334
2486,2.536,,160,,832.456
2487,2.53694,,160,,832.563
2488,2.53788,,160,,832.67
2489,2.53882,,160,,832.777
2490,2.53975,,162,,832.884
2491,2.54068,,162,,833.154
2492,2.54161,,161,,833.447
2493,2.54254,,160,,833.739
2494,2.54347,,160,,834.032
2495,2.54439,,160,,834.324
2496,2.54532,,160,,834.617
2497,2.54603,,160,,834.876
2498,2.54671,,160,,835.132
2499,2.54738,,160,,835.387
2500,2.54806,,160,,835.642
2501,2.54874,,160,,835.897
2502,2.54941,,160,,836.152
2503,2.55009,,160,,836.407
2504,2.55077,,160,,836.662
2505,2.55161,,160,,836.947
2506,2.55248,,160,,837.237
2507,2.55335,,160,,837.526
2508,2.55422,,160,,837.815
2509,2.55509,,161,,838.105
2510,2.55596,,160,,838.394
2511,2.55674,,160,,838.773
2512,2.55752,,160,,839.164
2513,2.55829,,160,,839.555
2514,2.55906,,160,,839.946
2515,2.55984,,160,,840.337
2516,2.56061,,158,,840.729
2517,2.56139,,158,,841.12
2518,2.56218,,158,,841.274
2519,2.56298,,158,,841.395
2520,2.56378,,158,,841.517
2521,2.56457,,158,,841.638
2522,2.56537,,158,,841.76
2523,2.56617,,158,,841.881
2524,2.56697,,158,,842.003
2525,2.56794,,158,,842.115
2526,2.56893,,158,,842.227
2527,2.56993,,158,,842.338
2528,2.57092,,158,,842.45
2529,2.57192,,158,,842.561
2530,2.57291,,158,,842.673
2531,2.57404,,158,,842.865
2532,2.57518,,160,,843.068
2533,2.57632,,160,,843.271
2534,2.57746,,160,,843.474
2535,2.57861,,160,,843.677
2536,2.58004,,160,,843.946
2537,2.58151,,160,,844.224
2538,2.58299,,160,,844.502
2539,2.58446,,160,,844.78
2540,2.58594,,160,,844.94
2541,2.58742,,160,,845.085
2542,2.58891,,160,,845.229
2543,2.59039,,160,,845.373
2544,2.59136,,160,,845.577
2545,2.59227,,160,,845.788
2546,2.59317,,158,,846
2547,2.59408,,158,,846.212
2548,2.59498,,158,,846.423
2549,2.59588,,158,,846.635
2550,2.59668,,158,,846.781
2551,2.59747,,156,,846.918
2552,2.59826,,157,,847.055
2553,2.59904,,156,,847.192
2554,2.59983,,157,,847.329
2555,2.60062,,157,,847.466
2556,2.6014,,158,,847.603
2557,2.6024,,158,,848.063
2558,2.60341,,158,,848.569
2559,2.60443,,158,,849.074
2560,2.60545,,158,,849.579
2561,2.60647,,158,,850.084
2562,2.60733,,158,,850.672
2563,2.60817,,158,,851.271
2564,2.60901,,158,,851.87
2565,2.60984,,158,,852.47
2566,2.61068,,158,,853.069
2567,2.61152,,158,,853.668
2568,2.61261,,158,,854.029
2569,2.61372,,158,,854.357
2570,2.61484,,158,,854.686
2571,2.61596,,158,,855.014
2572,2.61708,,158,,855.342
2573,2.6182,,158,,855.804
2574,2.61932,,158,,856.285
2575,2.62043,,156,,856.766
2576,2.62155,,157,,857.247
2577,2.62267,,157,,857.728
2578,2.62355,,156,,858.011
2579,2.6244,,157,,858.267
2580,2.62525,,157,,858.523
2581,2.6261,,156,,858.78
2582,2.62695,,157,,859.036
2583,2.6278,,156,,859.292
2584,2.62865,,157,,859.548
2585,2.62977,,158,,859.797
2586,2.63093,,158,,860.044
2587,2.63208,,158,,860.291
2588,2.63324,,158,,860.538
2589,2.63439,,158,,860.786
2590,2.63528,,158,,861.081
2591,2.63614,,158,,861.382
2592,2.63699,,158,,861.683
2593,2.63785,,158,,861.985
2594,2.6387,,158,,862.286
2595,2.63955,,158,,862.588
2596,2.6404,,158,,862.781
2597,2.64126,,158,,862.96
2598,2.64211,,158,,863.139
2599,2.64296,,158,,863.317
2600,2.64381,,158,,863.496
2601,2.64466,,157,,863.675
2602,2.64551,,156,,863.853
2603,2.64647,,157,,864.031
2604,2.64744,,156,,864.208
2605,2.64841,,158,,864.385
2606,2.64937,,158,,864.562
2607,2.65034,,158,,864.739
2608,2.65131,,158,,864.916
2609,2.65229,,158,,864.953
2610,2.65326,,158,,864.971
2611,2.65424,,158,,864.989
2612,2.65522,,158,,865.007
2613,2.65619,,158,,865.025
2614,2.65717,,158,,865.043
2615,2.65822,,158,,865.243
2616,2.65928,,158,,865.468
2617,2.66035,,158,,865.693
2618,2.66141,,158,,865.919
2619,2.66247,,158,,866.144
2620,2.66358,,158,,866.41
2621,2.66469,,158,,866.682
2622,2.66581,,157,,866.954
2623,2.66692,,156,,867.226
2624,2.66803,,156,,867.498
2625,2.66928,,156,,867.692
2626,2.67055,,155,,867.876
2627,2.67182,,156,,868.059
2628,2.6731,,155,,868.243
2629,2.67423,,155,,868.335
2630,2.67535,,155,,868.415
2631,2.67647,,154,,868.494
2632,2.67759,,152,,868.574
2633,2.67871,,151,,868.653
2634,2.67955,,151,,868.861
2635,2.68035,,149,,869.086
2636,2.68115,,148,,869.311
2637,2.68195,,148,,869.537
2638,2.68275,,148,,869.762
2639,2.68355,,148,,869.987
2640,2.68435,,148,,870.213
2641,2.6853,,148,,870.307
2642,2.68628,,148,,870.382
2643,2.68725,,149,,870.458
2644,2.68822,,150,,870.534
2645,2.68919,,150,,870.609
2646,2.69016,,150,,870.685
2647,2.69124,,151,,870.892
2648,2.69233,,152,,871.116
2649,2.69342,,152,,871.341
2650,2.69451,,154,,871.566
2651,2.69559,,155,,871.791
2652,2.69655,,156,,871.926
2653,2.69749,,156,,872.05
2654,2.69843,,157,,872.173
2655,2.69937,,157,,872.296
2656,2.70031,,158,,872.42
2657,2.70124,,158,,872.543
2658,2.70246,,158,,872.705
2659,2.70372,,158,,872.873
2660,2.70498,,158,,873.041
2661,2.70624,,158,,873.209
2662,2.70749,,158,,873.296
2663,2.70872,,158,,873.372
2664,2.70996,,158,,873.449
2665,2.7112,,158,,873.525
2666,2.71244,,158,,873.601
2667,2.71391,,158,,873.853
2668,2.71541,,158,,874.13
2669,2.71691,,158,,874.407
2670,2.71841,,158,,874.684
2671,2.71981,,158,,875.075
2672,2.7212,,156,,875.481
2673,2.72259,,157,,875.888
2674,2.72398,,157,,876.295
2675,2.72539,,156,,876.434
2676,2.7268,,157,,876.537
2677,2.72821,,157,,876.64
2678,2.72962,,156,,876.743
2679,2.73141,,157,,876.991
2680,2.73325,,156,,877.259
2681,2.73509,,157,,877.528
2682,2.73689,,157,,877.565
2683,2.73867,,155,,877.571
2684,2.74046,,156,,877.577
2685,2.74233,,155,,877.745
2686,2.74422,,156,,877.935
2687,2.74611,,155,,878.126
2688,2.74791,,155,,878.142
2689,2.74968,,155,,878.134
2690,2.75146,,155,,878.126
2691,2.75286,,155,,878
2692,2.75421,,155,,877.857
2693,2.75556,,154,,877.715
2694,2.75691,,154,,877.573
2695,2.75846,,154,,877.879
2696,2.76004,,152,,878.247
2697,2.76162,,152,,878.615
2698,2.7632,,152,,878.983
2699,2.76452,,151,,879.018
2700,2.76581,,151,,879.006
2701,2.7671,,151,,878.994
2702,2.76839,,151,,878.982
2703,2.76945,,150,,879.165
2704,2.77049,,151,,879.375
2705,2.77152,,150,,879.585
2706,2.77255,,149,,879.795
2707,2.77358,,149,,880.005
2708,2.77441,,149,,880.121
2709,2.77522,,149,,880.223
2710,2.77603,,149,,880.326
2711,2.77684,,149,,880.428
2712,2.77764,,150,,880.531
2713,2.77845,,150,,880.634
2714,2.77922,,151,,880.755
2715,2.77999,,150,,880.88
2716,2.78076,,151,,881.004
2717,2.78152,,151,,881.129
2718,2.78229,,151,,881.253
2719,2.78306,,151,,881.378
2720,2.78382,,152,,881.502
2721,2.78461,,152,,881.713
2722,2.78541,,151,,881.935
2723,2.7862,,151,,882.157
2724,2.78699,,151,,882.379
2725,2.78779,,151,,882.602
2726,2.78858,,150,,882.824
2727,2.78937,,151,,883.046
2728,2.79023,,150,,883.168
2729,2.79109,,149,,883.275
2730,2.79196,,149,,883.383
2731,2.79282,,149,,883.491
2732,2.79369,,149,,883.598
2733,2.79456,,149,,883.706
2734,2.79544,,149,,883.916
2735,2.79632,,149,,884.14
2736,2.79721,,150,,884.364
2737,2.79809,,151,,884.588
2738,2.79898,,151,,884.812
2739,2.79986,,151,,885.035
2740,2.80082,,151,,885.142
2741,2.80179,,152,,885.233
2742,2.80276,,152,,885.324
2743,2.80373,,152,,885.415
2744,2.80471,,152,,885.505
2745,2.80568,,152,,885.596
2746,2.80666,,152,,885.707
2747,2.80764,,152,,885.82
2748,2.80862,,152,,885.933
2749,2.80961,,152,,886.047
2750,2.81059,,152,,886.16
2751,2.81157,,152,,886.273
2752,2.81302,,152,,886.689
2753,2.81454,,152,,887.147
2754,2.81605,,152,,887.605
2755,2.81757,,152,,888.063
2756,2.81875,,151,,888.358
2757,2.81989,,151,,888.63
2758,2.82103,,151,,888.903
2759,2.82217,,149,,889.175
2760,2.82331,,148,,889.447
2761,2.82423,,148,,889.525
2762,2.82511,,148,,889.576
2763,2.82599,,148,,889.627
2764,2.82688,,148,,889.678
2765,2.82776,,148,,889.729
2766,2.82865,,148,,889.78
2767,2.82962,,148,,889.815
2768,2.8306,,149,,889.848
2769,2.83158,,149,,889.881
2770,2.83257,,151,,889.913
2771,2.83355,,151,,889.946
2772,2.83453,,152,,889.979
2773,2.83557,,152,,890.387
2774,2.83661,,154,,890.846
2775,2.83765,,154,,891.306
2776,2.83869,,154,,891.766
2777,2.83973,,154,,892.226
2778,2.84105,,155,,892.608
2779,2.8424,,155,,892.98
2780,2.84376,,155,,893.351
2781,2.84511,,155,,893.723
2782,2.84626,,155,,894.021
2783,2.84737,,155,,894.31
2784,2.84849,,156,,894.598
2785,2.84961,,155,,894.887
2786,2.85072,,156,,895.176
2787,2.85152,,155,,895.27
2788,2.85229,,156,,895.337
2789,2.85305,,156,,895.405
2790,2.85381,,155,,895.472
2791,2.85457,,156,,895.54
2792,2.85533,,155,,895.607
2793,2.85609,,156,,895.675
2794,2.85712,,156,,895.945
2795,2.85819,,156,,896.242
2796,2.85926,,156,,896.54
2797,2.86034,,155,,896.838
2798,2.86141,,156,,897.135
2799,2.86228,,156,,897.372
2800,2.86313,,156,,897.601
2801,2.86398,,157,,897.83
2802,2.86482,,156,,898.059
2803,2.86567,,156,,898.288
2804,2.86652,,156,,898.517
2805,2.8674,,156,,898.68
2806,2.86829,,156,,898.833
2807,2.86918,,155,,898.987
2808,2.87007,,155,,899.141
2809,2.87096,,155,,899.295
2810,2.87185,,155,,899.448
2811,2.87283,,155,,899.589
2812,2.87382,,155,,899.727
2813,2.87482,,154,,899.866
2814,2.87581,,154,,900.004
2815,2.8768,,154,,900.143
2816,2.87779,,152,,900.281
2817,2.87902,,152,,900.363
2818,2.88027,,152,,900.436
2819,2.88152,,152,,900.51
2820,2.88278,,152,,900.584
2821,2.88403,,152,,900.657
2822,2.88528,,152,,900.865
2823,2.88654,,152,,901.092
2824,2.88779,,152,,901.319
2825,2.88904,,152,,901.546
2826,2.89015,,152,,901.775
2827,2.89124,,152,,902.004
2828,2.89234,,152,,902.234
2829,2.89343,,154,,902.463
2830,2.89452,,154,,902.692
2831,2.89564,,154,,902.916
2832,2.89676,,154,,903.138
2833,2.89788,,154,,903.36
2834,2.899,,154,,903.583
2835,2.90012,,154,,903.805
2836,2.90109,,154,,903.971
2837,2.90205,,154,,904.129
2838,2.903,,154,,904.287
2839,2.90396,,154,,904.445
2840,2.90491,,154,,904.603
2841,2.90587,,154,,904.761
2842,2.90681,,154,,905.017
2843,2.90775,,154,,905.288
2844,2.9087,,154,,905.558
2845,2.90964,,152,,905.828
2846,2.91058,,152,,906.098
2847,2.91152,,152,,906.369
2848,2.91247,,152,,906.529
2849,2.91341,,154,,906.675
2850,2.91435,,154,,906.821
2851,2.91529,,154,,906.966
2852,2.91624,,154,,907.112
2853,2.91718,,154,,907.257
2854,2.91814,,154,,907.409
2855,2.91911,,154,,907.562
2856,2.92008,,154,,907.715
2857,2.92104,,154,,907.867
2858,2.92201,,154,,908.02
2859,2.92298,,154,,908.173
2860,2.92383,,154,,908.347
2861,2.92468,,154,,908.524
2862,2.92552,,154,,908.701
2863,2.92636,,154,,908.878
2864,2.9272,,154,,909.055
2865,2.92804,,154,,909.233
2866,2.9291,,154,,909.272
2867,2.93019,,154,,909.293
2868,2.93127,,155,,909.313
2869,2.93236,,155,,909.334
2870,2.93345,,155,,909.354
2871,2.93434,,155,,909.471
2872,2.9352,,155,,909.601
2873,2.93606,,155,,909.731
2874,2.93692,,155,,909.861
2875,2.93778,,155,,909.992
2876,2.93864,,155,,910.122
2877,2.93942,,155,,910.404
2878,2.94018,,155,,910.707
2879,2.94095,,155,,911.011
2880,2.94172,,156,,911.314
2881,2.94249,,156,,911.617
2882,2.94325,,156,,911.921
2883,2.94402,,156,,912.224
2884,2.94489,,156,,912.501
2885,2.94578,,156,,912.774
2886,2.94667,,156,,913.047
2887,2.94756,,156,,913.321
2888,2.94844,,156,,913.594
2889,2.94933,,156,,913.867
2890,2.95008,,156,,913.882
2891,2.95081,,156,,913.861
2892,2.95154,,155,,913.839
2893,2.95227,,155,,913.818
2894,2.953,,155,,913.797
2895,2.95373,,155,,913.776
2896,2.95446,,155,,913.755
2897,2.95532,,154,,913.929
2898,2.9562,,154,,914.131
2899,2.95708,,154,,914.333
2900,2.95796,,154,,914.535
2901,2.95884,,154,,914.736
2902,2.95972,,154,,914.938
2903,2.96081,,154,,915.026
2904,2.96192,,152,,915.097
2905,2.96304,,152,,915.169
2906,2.96415,,152,,915.24
2907,2.96526,,154,,915.312
2908,2.96634,,154,,915.504
2909,2.96742,,152,,915.714
2910,2.96849,,152,,915.923
2911,2.96956,,152,,916.132
2912,2.97063,,152,,916.342
2913,2.9718,,152,,916.664
2914,2.97297,,152,,917.003
2915,2.97414,,152,,917.341
2916,2.97532,,152,,917.68
2917,2.97649,,152,,918.018
2918,2.97772,,152,,918.359
2919,2.97896,,152,,918.701
2920,2.9802,,152,,919.042
2921,2.98145,,152,,919.384
2922,2.98269,,152,,919.725
2923,2.98373,,152,,919.814
2924,2.98475,,152,,919.867
2925,2.98577,,152,,919.92
2926,2.98679,,152,,919.973
2927,2.9878,,152,,920.026
2928,2.98903,,152,,920.21
2929,2.99029,,152,,920.411
2930,2.99155,,152,,920.613
2931,2.99282,,152,,920.815
2932,2.99408,,152,,921.017
2933,2.99506,,152,,921.263
2934,2.996,,152,,921.516
2935,2.99694,,152,,921.769
2936,2.99788,,152,,922.022
2937,2.99883,,152,,922.274
2938,2.99977,,151,,922.527
2939,3.00088,,151,,922.751
2940,3.00203,,151,,922.971
2941,3.00317,,151,,923.19
2942,3.00431,,150,,923.41
2943,3.00545,,151,,923.629
2944,3.00669,,150,,923.675
2945,3.00794,,149,,923.696
2946,3.00919,,149,,923.716
2947,3.01044,,148,,923.737
2948,3.01162,,148,,924.176
2949,3.01279,,148,,924.675
2950,3.01396,,148,,925.173
2951,3.01513,,148,,925.672
2952,3.0163,,149,,926.17
2953,3.01772,,149,,926.626
2954,3.01917,,149,,927.077
2955,3.02061,,149,,927.527
2956,3.02206,,149,,927.977
2957,3.02314,,149,,928.154
2958,3.02417,,150,,928.293
2959,3.02519,,151,,928.431
2960,3.02622,,150,,928.569
2961,3.02724,,151,,928.708
2962,3.02825,,150,,928.884
2963,3.02925,,151,,929.067
2964,3.03025,,150,,929.249
2965,3.03125,,151,,929.431
2966,3.03225,,150,,929.613
2967,3.03327,,151,,929.983
2968,3.03429,,150,,930.379
2969,3.03531,,151,,930.775
2970,3.03632,,151,,931.172
2971,3.03734,,151,,931.568
2972,3.03836,,150,,931.965
2973,3.03928,,151,,932.014
2974,3.0402,,150,,932.014
2975,3.04111,,151,,932.014
2976,3.04202,,151,,932.014
2977,3.04293,,151,,932.014
2978,3.04384,,151,,932.014
2979,3.0448,,151,,932.15
2980,3.04575,,151,,932.305
2981,3.04671,,151,,932.46
2982,3.04767,,151,,932.615
2983,3.04862,,151,,932.77
2984,3.04958,,151,,932.925
2985,3.05061,,151,,933.327
2986,3.05164,,151,,933.764
2987,3.05267,,151,,934.202
2988,3.05371,,151,,934.639
2989,3.05474,,151,,935.076
2990,3.05578,,151,,935.138
2991,3.05682,,151,,935.146
2992,3.05786,,151,,935.155
2993,3.0589,,152,,935.163
2994,3.05994,,152,,935.171
2995,3.06099,,152,,935.274
2996,3.06205,,152,,935.391
2997,3.0631,,154,,935.508
2998,3.06415,,154,,935.625
2999,3.0652,,154,,935.742
3000,3.06622,,154,,936.048
3001,3.06722,,154,,936.38
3002,3.06823,,154,,936.712
3003,3.06924,,154,,937.044
3004,3.07025,,154,,937.376
3005,3.07126,,154,,937.708
3006,3.07226,,154,,937.943
3007,3.07326,,154,,938.164
3008,3.07426,,154,,938.386
3009,3.07526,,154,,938.607
3010,3.07626,,154,,938.828
3011,3.07726,,154,,939.049
3012,3.07809,,155,,939.075
3013,3.0789,,155,,939.072
3014,3.07971,,156,,939.069
3015,3.08052,,156,,939.066
3016,3.08133,,155,,939.063
3017,3.08213,,156,,939.06
3018,3.08294,,155,,939.057
3019,3.08375,,156,,939.301
3020,3.08457,,156,,939.581
3021,3.08538,,155,,939.86
3022,3.08619,,156,,940.14
3023,3.087,,155,,940.419
3024,3.08782,,156,,940.699
3025,3.08863,,156,,940.978
3026,3.08944,,155,,941.241
3027,3.09024,,156,,941.502
3028,3.09105,,155,,941.762
3029,3.09186,,156,,942.023
3030,3.09267,,156,,942.283
3031,3.09347,,155,,942.544
3032,3.09428,,157,,942.805
3033,3.09519,,156,,942.948
3034,3.09612,,157,,943.074
3035,3.09704,,157,,943.199
3036,3.09797,,156,,943.325
3037,3.09889,,157,,943.451
3038,3.09981,,156,,943.577
3039,3.10071,,157,,943.68
3040,3.10161,,156,,943.78
3041,3.1025,,156,,943.88
3042,3.10339,,157,,943.98
3043,3.10429,,158,,944.08
3044,3.10518,,158,,944.179
3045,3.10614,,158,,944.34
3046,3.10712,,158,,944.51
3047,3.10809,,158,,944.68
3048,3.10907,,158,,944.85
3049,3.11004,,158,,945.02
3050,3.11102,,158,,945.19
3051,3.11198,,158,,945.517
3052,3.11294,,158,,945.868
3053,3.11389,,157,,946.218
3054,3.11485,,156,,946.569
3055,3.11581,,157,,946.919
3056,3.11677,,157,,947.27
3057,3.11755,,156,,947.454
3058,3.1183,,157,,947.615
3059,3.11905,,155,,947.775
3060,3.1198,,156,,947.935
3061,3.12056,,156,,948.096
3062,3.12131,,155,,948.256
3063,3.12206,,155,,948.417
3064,3.12296,,155,,948.625
3065,3.12389,,155,,948.839
3066,3.12481,,155,,949.054
3067,3.12574,,155,,949.269
3068,3.12667,,155,,949.484
3069,3.12759,,155,,949.699
3070,3.12872,,155,,950.004
3071,3.12988,,155,,950.322
3072,3.13104,,155,,950.64
3073,3.1322,,155,,950.959
3074,3.13336,,155,,951.277
3075,3.13441,,155,,951.42
3076,3.13544,,155,,951.538
3077,3.13647,,155,,951.656
3078,3.1375,,155,,951.774
3079,3.13853,,155,,951.893
3080,3.13956,,155,,952.025
3081,3.14058,,155,,952.16
3082,3.1416,,155,,952.294
3083,3.14262,,155,,952.429
3084,3.14364,,155,,952.563
3085,3.14501,,155,,952.813
3086,3.14643,,155,,953.079
3087,3.14785,,155,,953.345
3088,3.14927,,155,,953.611
3089,3.15029,,155,,953.703
3090,3.15125,,155,,953.77
3091,3.15221,,155,,953.837
3092,3.15317,,155,,953.904
3093,3.15414,,156,,953.971
3094,3.1551,,156,,954.039
3095,3.15609,,155,,954.384
3096,3.15709,,157,,954.768
3097,3.15809,,156,,955.153
3098,3.15908,,157,,955.538
3099,3.16008,,157,,955.923
3100,3.16108,,156,,956.307
3101,3.16201,,157,,956.503
3102,3.16293,,157,,956.67
3103,3.16385,,156,,956.838
3104,3.16477,,157,,957.006
3105,3.16569,,156,,957.174
3106,3.16661,,157,,957.342
3107,3.16747,,157,,957.425
3108,3.16833,,156,,957.496
3109,3.16918,,157,,957.567
3110,3.17004,,156,,957.638
3111,3.17089,,157,,957.709
3112,3.17175,,157,,957.78
3113,3.17267,,156,,958.21
3114,3.1736,,157,,958.693
3115,3.17453,,156,,959.175
3116,3.17546,,157,,959.657
3117,3.17639,,157,,960.139
3118,3.17732,,156,,960.621
3119,3.17838,,157,,960.897
3120,3.17947,,157,,961.145
3121,3.18056,,156,,961.392
3122,3.18165,,155,,961.639
3123,3.18273,,155,,961.886
3124,3.18376,,156,,962.129
3125,3.18478,,156,,962.371
3126,3.1858,,156,,962.613
3127,3.18682,,157,,962.855
3128,3.18783,,156,,963.097
3129,3.18907,,156,,963.225
3130,3.19033,,157,,963.337
3131,3.1916,,156,,963.448
3132,3.19287,,157,,963.56
3133,3.19413,,156,,963.888
3134,3.1954,,157,,964.246
3135,3.19667,,157,,964.605
3136,3.19793,,156,,964.964
3137,3.1993,,157,,965.208
3138,3.20068,,156,,965.435
3139,3.20206,,158,,965.663
3140,3.20344,,158,,965.89
3141,3.20461,,158,,966.398
3142,3.20575,,158,,966.945
3143,3.20689,,158,,967.493
3144,3.20803,,158,,968.04
3145,3.20918,,157,,968.588
3146,3.21056,,156,,969.311
3147,3.21197,,157,,970.059
3148,3.21339,,157,,970.807
3149,3.21481,,156,,971.555
3150,3.21633,,157,,971.686
3151,3.21786,,156,,971.727
3152,3.2194,,157,,971.769
3153,3.22094,,157,,971.81
3154,3.2221,,156,,971.893
3155,3.22321,,157,,971.981
3156,3.22431,,157,,972.07
3157,3.22542,,156,,972.158
3158,3.22653,,157,,972.247
3159,3.22809,,156,,972.315
3160,3.22972,,157,,972.38
3161,3.23135,,157,,972.445
3162,3.23298,,156,,972.51
3163,3.23473,,158,,972.678
3164,3.23649,,158,,972.859
3165,3.23825,,158,,973.041
3166,3.24,,157,,973.101
3167,3.24173,,156,,973.142
3168,3.24347,,157,,973.184
3169,3.24511,,157,,973.304
3170,3.24674,,158,,973.435
3171,3.24837,,157,,973.565
3172,3.25,,156,,973.696
3173,3.25144,,157,,973.882
3174,3.25286,,157,,974.075
3175,3.25428,,156,,974.269
3176,3.2557,,157,,974.463
3177,3.25717,,156,,974.758
3178,3.25864,,156,,975.068
3179,3.26012,,156,,975.377
3180,3.26159,,155,,975.687
3181,3.26313,,156,,975.881
3182,3.26467,,155,,976.058
3183,3.26622,,156,,976.235
3184,3.26776,,156,,976.412
3185,3.26933,,155,,976.815
3186,3.2709,,156,,977.25
3187,3.27247,,155,,977.685
3188,3.27404,,156,,978.121
3189,3.27544,,156,,978.271
3190,3.27681,,155,,978.381
3191,3.27818,,156,,978.49
3192,3.27955,,155,,978.6
3193,3.28096,,156,,978.751
3194,3.28238,,156,,978.908
3195,3.2838,,156,,979.065
3196,3.28521,,155,,979.222
3197,3.2867,,155,,979.496
3198,3.28819,,155,,979.787
3199,3.28969,,155,,980.078
3200,3.29118,,155,,980.369
3201,3.2926,,155,,980.589
3202,3.29401,,155,,980.799
3203,3.29542,,155,,981.008
3204,3.29683,,155,,981.218
3205,3.29829,,155,,981.531
3206,3.29976,,155,,981.859
3207,3.30123,,155,,982.187
3208,3.3027,,155,,982.515
3209,3.30436,,155,,982.742
3210,3.30603,,155,,982.956
3211,3.30771,,155,,983.169
3212,3.30936,,155,,983.266
3213,3.311,,155,,983.347
3214,3.31265,,155,,983.427
3215,3.31429,,155,,983.508
3216,3.31588,,155,,983.591
3217,3.31746,,155,,983.674
3218,3.31905,,155,,983.757
3219,3.32063,,155,,983.841
3220,3.32224,,154,,984.026
3221,3.32385,,154,,984.225
3222,3.32547,,154,,984.425
3223,3.32708,,154,,984.624
3224,3.32865,,154,,984.966
3225,3.33022,,154,,985.328
3226,3.33178,,154,,985.691
3227,3.33335,,154,,986.053
3228,3.33495,,154,,986.385
3229,3.33655,,154,,986.712
3230,3.33815,,154,,987.039
3231,3.33975,,154,,987.366
3232,3.34115,,154,,987.591
3233,3.34252,,154,,987.801
3234,3.34389,,152,,988.01
3235,3.34526,,152,,988.22
3236,3.34674,,151,,988.545
3237,3.34823,,151,,988.886
3238,3.34972,,151,,989.227
3239,3.35121,,151,,989.568
3240,3.35259,,151,,989.832
3241,3.35396,,151,,990.084
3242,3.35532,,151,,990.337
3243,3.35669,,151,,990.589
3244,3.35822,,151,,990.713
3245,3.35978,,151,,990.818
3246,3.36133,,151,,990.923
3247,3.36289,,152,,991.028
3248,3.36443,,152,,991.098
3249,3.36596,,152,,991.164
3250,3.3675,,152,,991.23
3251,3.36904,,154,,991.296
3252,3.37053,,154,,991.439
3253,3.37201,,154,,991.593
3254,3.3735,,155,,991.747
3255,3.37498,,155,,991.901
3256,3.3764,,155,,992.015
3257,3.37781,,155,,992.122
3258,3.37922,,155,,992.23
3259,3.38063,,155,,992.337
3260,3.38245,,155,,992.475
3261,3.38432,,155,,992.616
3262,3.3862,,155,,992.758
3263,3.38803,,154,,993.003
3264,3.38986,,154,,993.262
3265,3.39169,,154,,993.522
3266,3.39338,,154,,993.76
3267,3.39505,,154,,993.996
3268,3.39673,,154,,994.232
3269,3.3984,,154,,994.467
3270,3.4001,,155,,994.666
3271,3.4018,,155,,994.86
3272,3.40349,,155,,995.053
3273,3.40497,,155,,995.296
3274,3.40641,,155,,995.546
3275,3.40786,,154,,995.796
3276,3.4093,,154,,996.046
3277,3.41097,,154,,996.318
3278,3.41268,,154,,996.593
3279,3.41439,,154,,996.868
3280,3.41564,,154,,996.937
3281,3.41682,,154,,996.976
3282,3.418,,154,,997.015
3283,3.41918,,154,,997.054
3284,3.42035,,155,,997.093
3285,3.42177,,155,,997.494
3286,3.42321,,155,,997.947
3287,3.42466,,155,,998.4
3288,3.42611,,155,,998.853
3289,3.42753,,155,,999.378
3290,3.42895,,155,,999.913
3291,3.43037,,156,,1000.45
3292,3.43179,,156,,1000.98
3293,3.43277,,157,,1001.49
3294,3.4337,,157,,1001.99
3295,3.43462,,157,,1002.49
3296,3.43555,,157,,1002.99
3297,3.43647,,156,,1003.49
3298,3.4374,,157,,1004
3299,3.43867,,157,,1004.43
3300,3.43999,,157,,1004.85
3301,3.44132,,157,,1005.27
3302,3.44264,,156,,1005.7
3303,3.44403,,157,,1006.03
3304,3.44543,,157,,1006.35
3305,3.44684,,158,,1006.67
3306,3.44824,,158,,1007
3307,3.44943,,158,,1007.25
3308,3.45059,,158,,1007.5
3309,3.45176,,158,,1007.74
3310,3.45292,,158,,1007.99
3311,3.45409,,158,,1008.23
3312,3.45521,,160,,1008.49
3313,3.45632,,160,,1008.74
3314,3.45743,,160,,1009
3315,3.45854,,160,,1009.25
3316,3.45965,,158,,1009.51
3317,3.46094,,158,,1009.72
3318,3.46224,,158,,1009.93
3319,3.46355,,158,,1010.14
3320,3.46486,,157,,1010.34
3321,3.46616,,156,,1010.65
3322,3.46746,,156,,1010.97
3323,3.46876,,157,,1011.28
3324,3.47006,,156,,1011.6
3325,3.47112,,157,,1011.89
3326,3.47214,,158,,1012.16
3327,3.47316,,158,,1012.44
3328,3.47419,,158,,1012.72
3329,3.47521,,158,,1013
3330,3.47635,,158,,1013.22
3331,3.4775,,160,,1013.43
3332,3.47865,,160,,1013.65
3333,3.47981,,160,,1013.86
3334,3.48096,,160,,1014.07
3335,3.48198,,161,,1014.26
3336,3.48299,,160,,1014.45
3337,3.48399,,160,,1014.64
3338,3.48499,,160,,1014.83
3339,3.486,,162,,1015.02
3340,3.487,,162,,1015.2
3341,3.48831,,162,,1015.35
3342,3.48966,,162,,1015.48
3343,3.49101,,162,,1015.62
3344,3.49237,,162,,1015.75
3345,3.49352,,162,,1015.87
3346,3.49465,,162,,1015.98
3347,3.49578,,162,,1016.09
3348,3.4969,,162,,1016.2
3349,3.49803,,162,,1016.31
3350,3.49917,,162,,1016.55
3351,3.50031,,162,,1016.82
3352,3.50146,,162,,1017.08
3353,3.5026,,162,,1017.34
3354,3.50374,,162,,1017.61
3355,3.50498,,162,,1017.87
3356,3.50624,,162,,1018.13
3357,3.5075,,160,,1018.39
3358,3.50876,,161,,1018.66
3359,3.5099,,160,,1018.91
3360,3.51102,,162,,1019.15
3361,3.51214,,162,,1019.4
3362,3.51326,,162,,1019.65
3363,3.51438,,162,,1019.89
3364,3.51557,,161,,1020.06
3365,3.51677,,162,,1020.22
3366,3.51797,,162,,1020.37
3367,3.51916,,162,,1020.53
3368,3.52036,,162,,1020.69
3369,3.52151,,162,,1020.9
3370,3.52265,,162,,1021.13
3371,3.52379,,162,,1021.35
3372,3.52493,,162,,1021.57
3373,3.52607,,162,,1021.8
3374,3.52733,,162,,1021.87
3375,3.52861,,162,,1021.91
3376,3.52989,,162,,1021.96
3377,3.53117,,162,,1022.01
3378,3.53223,,162,,1022.02
3379,3.53326,,162,,1022.04
3380,3.5343,,162,,1022.05
3381,3.53533,,162,,1022.07
3382,3.53637,,162,,1022.08
3383,3.53728,,160,,1022.14
3384,3.53819,,161,,1022.2
3385,3.53909,,160,,1022.27
3386,3.53999,,160,,1022.33
3387,3.54089,,162,,1022.39
3388,3.54179,,162,,1022.45
3389,3.54286,,162,,1022.57
3390,3.54395,,161,,1022.7
3391,3.54503,,160,,1022.83
3392,3.54612,,160,,1022.95
3393,3.54721,,160,,1023.08
3394,3.54844,,160,,1023.08
3395,3.54969,,160,,1023.06
3396,3.55094,,160,,1023.04
3397,3.55219,,160,,1023.02
3398,3.55344,,160,,1023
3399,3.55503,,160,,1022.98
3400,3.55667,,160,,1022.95
3401,3.55832,,160,,1022.92
3402,3.55996,,160,,1022.89
3403,3.56146,,160,,1023.03
3404,3.56295,,158,,1023.19
3405,3.56444,,158,,1023.35
3406,3.56592,,158,,1023.52
3407,3.56743,,158,,1023.63
3408,3.56895,,158,,1023.74
3409,3.57047,,158,,1023.85
3410,3.57199,,158,,1023.95
3411,3.57367,,157,,1024.14
3412,3.57538,,157,,1024.33
3413,3.57708,,155,,1024.53
3414,3.57854,,156,,1024.57
3415,3.57996,,155,,1024.58
3416,3.58139,,154,,1024.6
3417,3.58281,,154,,1024.61
3418,3.58321,,154,,1024.6
3419,3.58347,,152,,1024.58
3420,3.58372,,152,,1024.56
3421,3.58414,,151,,1024.54
3422,3.58458,,150,,1024.53
3423,3.58502,,151,,1024.51
3424,3.58546,,149,,1024.5
3425,3.5859,,148,,1024.49
3426,3.58635,,148,,1024.47
3427,3.58679,,148,,1024.46
3428,3.58723,,146,,1024.44
3429,3.58767,,146,,1024.43
3430,3.58811,,146,,1024.42
3431,3.58856,,145,,1024.4
3432,3.589,,145,,1024.39
3433,3.59051,,145,,1024.41
3434,3.59219,,145,,1024.44
3435,3.59387,,144,,1024.47
3436,3.59545,,144,,1024.43
3437,3.59703,,144,,1024.36
3438,3.5986,,144,,1024.3
3439,3.60018,,142,,1024.24
3440,3.60139,,142,,1024.25
3441,3.60255,,140,,1024.27
3442,3.60371,,140,,1024.28
3443,3.60487,,138,,1024.3
3444,3.60603,,136,,1024.31
3445,3.60748,,135,,1024.31
3446,3.60899,,134,,1024.31
3447,3.61049,,134,,1024.31
3448,3.61199,,134,,1024.31
3449,3.61347,,134,,1024.25
3450,3.61494,,134,,1024.18
3451,3.61642,,135,,1024.12
3452,3.61789,,135,,1024.05
3453,3.62,,135,,1023.96
3454,3.6222,,135,,1023.87
3455,3.6244,,135,,1023.77
3456,3.62645,,135,,1023.68
3457,3.62847,,136,,1023.59
3458,3.63049,,136,,1023.5
3459,3.63258,,138,,1023.31
3460,3.63468,,138,,1023.11
3461,3.63678,,139,,1022.9
3462,3.63901,,139,,1022.75
3463,3.64125,,139,,1022.6
3464,3.64349,,139,,1022.45
3465,3.64556,,139,,1022.26
3466,3.64761,,139,,1022.07
3467,3.64966,,139,,1021.88
3468,3.65198,,139,,1021.78
3469,3.65434,,139,,1021.7
3470,3.6567,,140,,1021.62
3471,3.65934,,139,,1021.39
3472,3.66202,,139,,1021.14
3473,3.66428,,140,,1021.04
3474,3.66648,,139,,1020.96
3475,3.66869,,139,,1020.88
3476,3.67085,,139,,1020.7
3477,3.67302,,139,,1020.52
3478,3.67518,,139,,1020.34
3479,3.67768,,139,,1020.47
3480,3.68024,,139,,1020.66
3481,3.68313,,139,,1020.21
3482,3.68608,,139,,1019.66
3483,3.68848,,139,,1019.4
3484,3.6908,,139,,1019.17
3485,3.69312,,139,,1018.95
3486,3.69539,,139,,1018.67
3487,3.69764,,139,,1018.37
3488,3.69989,,139,,1018.08
3489,3.70238,,139,,1017.97
3490,3.7049,,139,,1017.89
3491,3.70737,,139,,1018.09
3492,3.70982,,139,,1018.33
3493,3.71228,,139,,1018.57
3494,3.71472,,139,,1018.13
3495,3.71715,,139,,1017.59
3496,3.71959,,139,,1017.05
3497,3.72199,,139,,1016.78
3498,3.72439,,139,,1016.55
3499,3.7268,,139,,1016.31
3500,3.72906,,138,,1016.14
3501,3.7313,,138,,1015.98
3502,3.73355,,138,,1015.81
3503,3.73562,,136,,1015.65
3504,3.73766,,136,,1015.49
3505,3.7397,,136,,1015.32
3506,3.74188,,138,,1015.11
3507,3.74409,,138,,1014.9
3508,3.74629,,138,,1014.68
3509,3.74843,,139,,1014.43
3510,3.75057,,139,,1014.17
3511,3.7527,,139,,1013.91
3512,3.75506,,140,,1014.05
3513,3.75746,,139,,1014.25
3514,3.75985,,139,,1014.46
3515,3.7621,,140,,1014.77
3516,3.76432,,139,,1015.09
3517,3.76654,,140,,1015.42
3518,3.76895,,140,,1015.38
3519,3.77139,,140,,1015.3
3520,3.77383,,140,,1015.22
3521,3.77641,,140,,1014.91
3522,3.77902,,140,,1014.57
3523,3.78166,,140,,1014.25
3524,3.7843,,140,,1013.92
3525,3.78683,,139,,1013.62
3526,3.78935,,139,,1013.32
3527,3.79187,,140,,1013.02
3528,3.79448,,139,,1012.78
3529,3.7971,,139,,1012.54
3530,3.79969,,140,,1010.79
3531,3.80227,,139,,1008.82
3532,3.80468,,139,,1008.37
3533,3.80707,,140,,1008.15
3534,3.80945,,139,,1007.93
3535,3.81174,,139,,1007.86
3536,3.81401,,140,,1007.8
3537,3.81627,,139,,1007.74
3538,3.81859,,139,,1007.56
3539,3.82092,,139,,1007.35
3540,3.82325,,140,,1007.15
3541,3.82558,,140,,1006.96
3542,3.82792,,140,,1006.77
3543,3.83025,,140,,1006.58
3544,3.8326,,142,,1006.48
3545,3.83496,,141,,1006.39
3546,3.83732,,142,,1006.3
3547,3.83973,,142,,1006.2
3548,3.84215,,142,,1006.08
3549,3.84456,,142,,1005.97
3550,3.8472,,144,,1005.88
3551,3.84987,,144,,1005.79
3552,3.85222,,144,,1005.58
3553,3.85453,,144,,1005.35
3554,3.85683,,144,,1005.11
3555,3.85912,,145,,1004.9
3556,3.86141,,145,,1004.68
3557,3.8637,,145,,1004.47
3558,3.86642,,145,,1004.56
3559,3.86922,,145,,1004.7
3560,3.87206,,145,,1004.52
3561,3.87492,,146,,1004.3
3562,3.87785,,146,,1003.42
3563,3.8808,,146,,1002.45
3564,3.88379,,146,,1002.05
3565,3.88679,,148,,1001.73
3566,3.8894,,148,,1001.41
3567,3.89196,,148,,1001.08
3568,3.89453,,148,,1000.88
3569,3.89711,,148,,1000.7
3570,3.89995,,148,,1000.7
3571,3.90284,,148,,1000.73
3572,3.90541,,148,,1000.47
3573,3.90794,,148,,1000.18
3574,3.91048,,148,,1000.03
3575,3.91302,,148,,999.914
3576,3.91557,,148,,999.795
3577,3.91812,,148,,999.605
3578,3.92068,,148,,999.404
3579,3.92307,,148,,999.284
3580,3.92544,,148,,999.176
3581,3.9278,,148,,999.068
3582,3.93036,,148,,999.06
3583,3.93295,,148,,999.067
3584,3.93552,,148,,998.905
3585,3.93809,,148,,998.719
3586,3.94066,,148,,998.533
3587,3.94323,,148,,998.39
3588,3.94581,,148,,998.252
3589,3.94837,,148,,998.236
3590,3.95092,,148,,998.238
3591,3.95354,,148,,998.097
3592,3.95616,,148,,997.934
3593,3.95876,,148,,997.853
3594,3.96135,,148,,997.783
3595,3.96435,,148,,997.745
3596,3.96742,,148,,997.713
3597,3.96987,,148,,997.676
3598,3.97223,,148,,997.638
3599,3.97459,,148,,997.6
3600,3.97727,,148,,997.483
3601,3.97999,,148,,997.354
3602,3.9824,,148,,997.208
3603,3.98478,,148,,997.06
3604,3.98715,,148,,996.912
3605,3.98933,,148,,996.893
3606,3.99147,,149,,996.893
3607,3.99362,,149,,996.893
3608,3.99566,,149,,996.857
3609,3.99768,,149,,996.815
3610,3.9997,,149,,996.773
3611,4.00154,,149,,996.787
3612,4.00337,,149,,996.808
3613,4.00519,,149,,996.83
3614,4.00705,,150,,996.83
3615,4.00893,,151,,996.826
3616,4.0108,,150,,996.822
3617,4.01271,,151,,996.897
3618,4.01463,,151,,996.983
3619,4.01655,,151,,997.07
3620,4.01853,,151,,997.197
3621,4.02051,,151,,997.33
3622,4.0225,,152,,997.463
3623,4.02439,,152,,997.506
3624,4.02628,,152,,997.536
3625,4.02816,,152,,997.567
3626,4.02976,,154,,997.578
3627,4.03133,,154,,997.586
3628,4.03289,,154,,997.594
3629,4.03446,,154,,997.603
3630,4.03641,,154,,997.697
3631,4.03841,,154,,997.804
3632,4.04042,,154,,997.912
3633,4.04228,,155,,998.041
3634,4.04412,,155,,998.174
3635,4.04596,,155,,998.307
3636,4.04801,,155,,998.286
3637,4.05008,,155,,998.242
3638,4.05216,,155,,998.198
3639,4.05439,,155,,998.091
3640,4.05664,,155,,997.976
3641,4.0589,,155,,997.861
3642,4.06104,,155,,997.709
3643,4.06317,,155,,997.552
3644,4.0653,,155,,997.395
3645,4.06768,,155,,997.455
3646,4.07009,,155,,997.546
3647,4.0725,,155,,997.637
3648,4.07503,,155,,997.656
3649,4.07758,,155,,997.665
3650,4.08017,,156,,997.705
3651,4.08277,,156,,997.749
3652,4.08515,,156,,997.731
3653,4.0875,,156,,997.703
3654,4.08985,,156,,997.675
3655,4.09244,,157,,997.853
3656,4.09507,,157,,998.062
3657,4.09743,,157,,998.165
3658,4.09974,,156,,998.252
3659,4.10206,,156,,998.339
3660,4.10439,,156,,998.326
3661,4.10672,,156,,998.297
3662,4.10905,,157,,998.268
3663,4.11123,,157,,998.226
3664,4.11339,,157,,998.183
3665,4.11554,,157,,998.139
3666,4.11761,,157,,997.958
3667,4.11967,,157,,997.757
3668,4.12173,,157,,997.555
3669,4.12393,,157,,997.352
3670,4.12614,,157,,997.149
3671,4.12835,,157,,996.945
3672,4.13062,,157,,996.874
3673,4.1329,,157,,996.822
3674,4.13517,,157,,996.77
3675,4.13758,,157,,996.691
3676,4.14,,157,,996.608
3677,4.14242,,157,,996.525
3678,4.14504,,157,,996.456
3679,4.14769,,157,,996.389
3680,4.14992,,157,,996.298
3681,4.15209,,157,,996.203
3682,4.15426,,157,,996.109
3683,4.15626,,156,,996.236
3684,4.15825,,155,,996.395
3685,4.16023,,156,,996.555
3686,4.16225,,156,,996.544
3687,4.16428,,156,,996.509
3688,4.16631,,155,,996.474
3689,4.16863,,155,,996.368
3690,4.17098,,155,,996.252
3691,4.17334,,155,,996.137
3692,4.17559,,155,,996
3693,4.17784,,155,,995.86
3694,4.18008,,155,,995.72
3695,4.18243,,154,,995.665
3696,4.1848,,154,,995.622
3697,4.18717,,152,,995.579
3698,4.18944,,152,,995.545
3699,4.1917,,152,,995.512
3700,4.19396,,152,,995.478
3701,4.19644,,152,,995.395
3702,4.19896,,152,,995.305
3703,4.20134,,152,,995.224
3704,4.2037,,152,,995.144
3705,4.20606,,152,,995.064
3706,4.20835,,152,,994.935
3707,4.21063,,152,,994.799
3708,4.21291,,151,,994.663
3709,4.2153,,151,,994.608
3710,4.21771,,151,,994.563
3711,4.22012,,151,,994.519
3712,4.22271,,151,,994.496
3713,4.22531,,150,,994.476
3714,4.22786,,151,,994.356
3715,4.23039,,150,,994.222
3716,4.2329,,150,,994.136
3717,4.2354,,151,,994.058
3718,4.23778,,151,,993.982
3719,4.24013,,149,,993.907
3720,4.24249,,149,,993.831
3721,4.24473,,149,,993.707
3722,4.24696,,149,,993.575
3723,4.24919,,149,,993.444
3724,4.25141,,149,,993.429
3725,4.25363,,149,,993.431
3726,4.25585,,149,,993.434
3727,4.25808,,149,,993.487
3728,4.26031,,149,,993.548
3729,4.26254,,149,,993.609
3730,4.26479,,149,,993.628
3731,4.26704,,149,,993.64
3732,4.26929,,149,,993.651
3733,4.27161,,149,,993.585
3734,4.27394,,148,,993.506
3735,4.27626,,148,,993.428
3736,4.27853,,148,,993.3
3737,4.28078,,148,,993.166
3738,4.28304,,148,,993.031
3739,4.28517,,148,,992.818
3740,4.28729,,148,,992.593
3741,4.2894,,148,,992.368
3742,4.29146,,148,,992.295
3743,4.29351,,148,,992.243
3744,4.29555,,148,,992.192
3745,4.29778,,148,,992.511
3746,4.30002,,148,,992.884
3747,4.30227,,148,,993.257
3748,4.30459,,148,,993.426
3749,4.30691,,148,,993.565
3750,4.30923,,148,,993.705
3751,4.31154,,148,,993.708
3752,4.31385,,148,,993.692
3753,4.31616,,148,,993.676
3754,4.31847,,148,,993.699
3755,4.32079,,148,,993.728
3756,4.3231,,148,,993.756
3757,4.32531,,149,,993.931
3758,4.32751,,149,,994.127
3759,4.3297,,149,,994.324
3760,4.33178,,149,,994.5
3761,4.33384,,149,,994.673
3762,4.33589,,149,,994.846
3763,4.33816,,151,,994.872
3764,4.34047,,150,,994.875
3765,4.34277,,151,,994.878
3766,4.34514,,150,,994.757
3767,4.34752,,151,,994.618
3768,4.34991,,150,,994.478
3769,4.3529,,151,,994.459
3770,4.35598,,150,,994.456
3771,4.3584,,151,,994.579
3772,4.36072,,150,,994.721
3773,4.36304,,150,,994.862
3774,4.36509,,150,,994.892
3775,4.36709,,151,,994.904
3776,4.3691,,150,,994.917
3777,4.37092,,151,,995.175
3778,4.37271,,151,,995.47
3779,4.3745,,151,,995.765
3780,4.37622,,151,,995.682
3781,4.37791,,151,,995.541
3782,4.37961,,151,,995.401
3783,4.38131,,152,,995.26
3784,4.38285,,152,,995.27
3785,4.38437,,152,,995.303
3786,4.38589,,152,,995.335
3787,4.3874,,152,,995.368
3788,4.38869,,154,,995.499
3789,4.38994,,154,,995.645
3790,4.3912,,154,,995.79
3791,4.39245,,154,,995.936
3792,4.39364,,155,,996.278
3793,4.39482,,155,,996.649
3794,4.396,,155,,997.02
3795,4.39719,,155,,997.391
3796,4.39837,,155,,997.762
3797,4.39967,,155,,997.987
3798,4.40099,,155,,998.19
3799,4.40231,,156,,998.393
3800,4.40363,,156,,998.596
3801,4.40519,,155,,998.864
3802,4.40678,,155,,999.141
3803,4.40837,,155,,999.419
3804,4.40996,,156,,999.696
3805,4.41162,,156,,999.863
3806,4.41329,,155,,1000.01
3807,4.41497,,156,,1000.16
3808,4.41657,,155,,1000.33
3809,4.41817,,156,,1000.5
3810,4.41976,,156,,1000.66
3811,4.42135,,155,,1000.83
3812,4.42297,,156,,1000.98
3813,4.4246,,155,,1001.12
3814,4.42622,,155,,1001.26
3815,4.42785,,155,,1001.41
3816,4.42946,,155,,1001.49
3817,4.43107,,155,,1001.55
3818,4.43268,,155,,1001.62
3819,4.43429,,155,,1001.69
3820,4.43592,,155,,1001.64
3821,4.43756,,155,,1001.57
3822,4.43919,,155,,1001.5
3823,4.44082,,155,,1001.43
3824,4.4426,,154,,1001.43
3825,4.4444,,154,,1001.44
3826,4.4462,,154,,1001.45
3827,4.44802,,154,,1001.41
3828,4.44986,,154,,1001.36
3829,4.45169,,152,,1001.31
3830,4.45342,,152,,1001.3
3831,4.45513,,152,,1001.3
3832,4.45685,,152,,1001.3
3833,4.4584,,152,,1001.3
3834,4.45992,,152,,1001.3
3835,4.46144,,151,,1001.31
3836,4.46296,,151,,1001.31
3837,4.46457,,151,,1001.27
3838,4.46619,,150,,1001.21
3839,4.4678,,151,,1001.16
3840,4.46942,,150,,1001.11
3841,4.47104,,149,,1001.07
3842,4.47265,,149,,1001.03
3843,4.47426,,148,,1000.99
3844,4.47588,,148,,1000.96
3845,4.47751,,148,,1000.86
3846,4.47915,,148,,1000.76
3847,4.48079,,148,,1000.65
3848,4.48243,,148,,1000.55
3849,4.48415,,148,,1000.51
3850,4.4859,,146,,1000.49
3851,4.48764,,146,,1000.46
3852,4.48946,,145,,1000.49
3853,4.49129,,145,,1000.52
3854,4.49312,,144,,1000.56
3855,4.49492,,144,,1000.56
3856,4.49672,,144,,1000.55
3857,4.49851,,144,,1000.55
3858,4.50035,,144,,1000.69
3859,4.50219,,142,,1000.86
3860,4.50403,,142,,1001.03
3861,4.50575,,142,,1001.05
3862,4.50745,,142,,1001.06
3863,4.50916,,142,,1001.06
3864,4.51091,,142,,1001.21
3865,4.51267,,142,,1001.39
3866,4.51443,,142,,1001.56
3867,4.51609,,141,,1001.64
3868,4.51773,,142,,1001.71
3869,4.51937,,142,,1001.78
3870,4.52102,,141,,1001.84
3871,4.52269,,142,,1001.87
3872,4.52438,,142,,1001.9
3873,4.52606,,141,,1001.93
3874,4.52769,,142,,1001.93
3875,4.5293,,142,,1001.93
3876,4.53092,,142,,1001.93
3877,4.53253,,142,,1001.93
3878,4.53415,,142,,1001.91
3879,4.53576,,142,,1001.89
3880,4.53738,,142,,1001.87
3881,4.53899,,142,,1001.84
3882,4.54053,,142,,1001.8
3883,4.54205,,142,,1001.76
3884,4.54358,,142,,1001.72
3885,4.5451,,142,,1001.68
3886,4.54681,,142,,1001.81
3887,4.54854,,142,,1001.98
3888,4.55027,,142,,1002.14
3889,4.55205,,142,,1002.18
3890,4.55384,,142,,1002.2
3891,4.55562,,142,,1002.22
3892,4.55721,,142,,1002.32
3893,4.55878,,142,,1002.43
3894,4.56034,,142,,1002.54
3895,4.5619,,142,,1002.65
3896,4.56364,,142,,1002.68
3897,4.5654,,142,,1002.7
3898,4.56716,,142,,1002.72
3899,4.56905,,142,,1002.66
3900,4.57094,,142,,1002.58
3901,4.57284,,142,,1002.5
3902,4.57458,,142,,1002.56
3903,4.57629,,142,,1002.65
3904,4.578,,142,,1002.73
3905,4.57951,,144,,1002.84
3906,4.58099,,144,,1002.96
3907,4.58246,,144,,1003.08
3908,4.58394,,144,,1003.2
3909,4.58533,,144,,1003.59
3910,4.5867,,144,,1004.02
3911,4.58808,,144,,1004.46
3912,4.58945,,144,,1004.89
3913,4.59077,,144,,1005.03
3914,4.59209,,144,,1005.13
3915,4.59341,,144,,1005.23
3916,4.59473,,144,,1005.33
3917,4.59636,,144,,1005.2
3918,4.59805,,144,,1005.03
3919,4.59973,,144,,1004.86
3920,4.60143,,144,,1004.85
3921,4.60312,,144,,1004.85
3922,4.60482,,144,,1004.86
3923,4.60638,,144,,1004.74
3924,4.60792,,144,,1004.6
3925,4.60946,,144,,1004.47
3926,4.61101,,144,,1004.33
3927,4.61251,,144,,1004.34
3928,4.614,,144,,1004.36
3929,4.61549,,144,,1004.39
3930,4.61699,,144,,1004.42
3931,4.61841,,144,,1004.39
3932,4.61983,,144,,1004.35
3933,4.62125,,144,,1004.31
3934,4.62266,,144,,1004.27
3935,4.62433,,144,,1004.24
3936,4.62604,,144,,1004.2
3937,4.62774,,144,,1004.16
3938,4.62985,,144,,1004.15
3939,4.63202,,144,,1004.14
3940,4.63419,,144,,1004.13
3941,4.63643,,144,,1004.03
3942,4.63868,,145,,1003.92
3943,4.64094,,145,,1003.8
3944,4.64303,,146,,1003.96
3945,4.6451,,148,,1004.17
3946,4.64717,,148,,1004.37
3947,4.64924,,148,,1004.59
3948,4.65131,,148,,1004.81
3949,4.65339,,149,,1005.04
3950,4.65568,,149,,1005.16
3951,4.658,,150,,1005.27
3952,4.66032,,150,,1005.38
3953,4.66264,,150,,1005.4
3954,4.66495,,151,,1005.41
3955,4.66727,,151,,1005.42
3956,4.66931,,151,,1005.45
3957,4.67131,,152,,1005.49
3958,4.6733,,152,,1005.52
3959,4.6758,,152,,1005.72
3960,4.67838,,152,,1005.94
3961,4.68071,,154,,1005.82
3962,4.683,,154,,1005.65
3963,4.68529,,155,,1005.47
3964,4.6877,,155,,1005.47
3965,4.69013,,155,,1005.5
3966,4.69256,,155,,1005.53
3967,4.69513,,155,,1005.75
3968,4.69772,,155,,1005.99
3969,4.70002,,156,,1005.97
3970,4.70226,,156,,1005.91
3971,4.70451,,155,,1005.84
3972,4.70663,,157,,1005.78
3973,4.70873,,156,,1005.72
3974,4.71082,,157,,1005.65
3975,4.71312,,157,,1005.68
3976,4.71544,,156,,1005.71
3977,4.71777,,157,,1005.75
3978,4.71986,,156,,1005.95
3979,4.72193,,157,,1006.17
3980,4.72399,,157,,1006.4
3981,4.72613,,156,,1006.66
3982,4.72828,,157,,1006.93
3983,4.73043,,156,,1007.2
3984,4.73269,,157,,1007.37
3985,4.73496,,156,,1007.53
3986,4.73724,,155,,1007.69
3987,4.73961,,156,,1007.91
3988,4.74199,,155,,1008.15
3989,4.74437,,156,,1008.39
3990,4.74664,,156,,1008.31
3991,4.74889,,155,,1008.18
3992,4.75114,,155,,1008.05
3993,4.75328,,155,,1008.2
3994,4.75539,,155,,1008.39
3995,4.75751,,155,,1008.58
3996,4.75974,,155,,1008.8
3997,4.76199,,155,,1009.03
3998,4.76425,,155,,1009.26
3999,4.76625,,155,,1009.24
4000,4.76822,,155,,1009.17
4001,4.77019,,155,,1009.11
4002,4.77197,,155,,1009.11
4003,4.77373,,155,,1009.12
4004,4.77549,,154,,1009.13
4005,4.77738,,154,,1009.11
4006,4.77929,,154,,1009.08
4007,4.78121,,154,,1009.06
4008,4.78316,,154,,1009.13
4009,4.78512,,154,,1009.22
4010,4.78709,,154,,1009.31
4011,4.78882,,152,,1009.34
4012,4.79052,,152,,1009.37
4013,4.79221,,152,,1009.39
4014,4.79383,,152,,1009.26
4015,4.79544,,152,,1009.1
4016,4.79704,,151,,1008.93
4017,4.79865,,151,,1008.77
4018,4.80021,,151,,1008.55
4019,4.80176,,151,,1008.33
4020,4.80331,,151,,1008.1
4021,4.80487,,151,,1007.87
4022,4.80628,,149,,1007.69
4023,4.80767,,149,,1007.52
4024,4.80906,,149,,1007.34
4025,4.81045,,149,,1007.17
4026,4.81158,,149,,1007.1
4027,4.81268,,149,,1007.05
4028,4.81378,,148,,1007
4029,4.81488,,148,,1006.95
4030,4.81598,,148,,1006.9
4031,4.81683,,148,,1006.69
4032,4.81764,,148,,1006.45
4033,4.81846,,148,,1006.22
4034,4.81927,,148,,1005.98
4035,4.82008,,148,,1005.74
4036,4.8209,,148,,1005.51
4037,4.82171,,148,,1005.27
4038,4.82362,,148,,1004.89
4039,4.82571,,148,,1004.48
4040,4.82779,,148,,1004.08
4041,4.83027,,148,,1003.94
4042,4.83282,,148,,1003.84
4043,4.83481,,146,,1003.39
4044,4.83671,,146,,1002.89
4045,4.83861,,145,,1002.39
4046,4.84011,,145,,1002.19
4047,4.84155,,145,,1002.04
4048,4.84299,,145,,1001.88
4049,4.84443,,145,,1001.73
4050,4.84529,,144,,1001.58
4051,4.84606,,144,,1001.43
4052,4.84683,,144,,1001.28
4053,4.84761,,144,,1001.13
4054,4.84838,,144,,1000.97
4055,4.84915,,142,,1000.82
4056,4.84993,,142,,1000.67
4057,4.8507,,143,,1000.52
4058,4.85206,,143,,1000.34
4059,4.85352,,143,,1000.15
4060,4.85497,,142,,999.963
4061,4.85643,,142,,999.775
4062,4.85792,,142,,999.391
4063,4.85942,,142,,998.977
4064,4.86093,,142,,998.563
4065,4.86243,,143,,998.149
4066,4.86387,,143,,997.853
4067,4.8653,,143,,997.576
4068,4.86673,,142,,997.298
4069,4.86817,,142,,997.021
4070,4.86945,,142,,996.723
4071,4.87071,,142,,996.423
4072,4.87197,,142,,996.122
4073,4.87324,,142,,995.822
4074,4.87465,,142,,995.72
4075,4.87608,,142,,995.649
4076,4.87752,,142,,995.578
4077,4.87895,,142,,995.507
4078,4.88001,,142,,995.31
4079,4.88101,,142,,995.093
4080,4.882,,142,,994.876
4081,4.883,,142,,994.66
4082,4.884,,142,,994.443
4083,4.885,,142,,994.226
4084,4.88595,,141,,993.885
4085,4.8869,,141,,993.524
4086,4.88785,,142,,993.163
4087,4.88879,,140,,992.802
4088,4.88974,,140,,992.441
4089,4.89068,,140,,992.081
4090,4.89205,,140,,991.65
4091,4.89348,,140,,991.208
4092,4.89491,,139,,990.766
4093,4.89634,,140,,990.325
4094,4.89741,,140,,990.025
4095,4.89843,,139,,989.746
4096,4.89944,,140,,989.468
4097,4.90045,,140,,989.189
4098,4.90146,,139,,988.911
4099,4.90256,,140,,988.46
4100,4.90368,,140,,987.982
4101,4.90479,,139,,987.504
4102,4.9059,,139,,987.026
4103,4.90701,,139,,986.549
4104,4.90812,,138,,986.113
4105,4.90923,,138,,985.684
4106,4.91033,,138,,985.255
4107,4.91144,,139,,984.826
4108,4.91255,,139,,984.397
4109,4.91419,,140,,983.777
4110,4.91591,,140,,983.128
4111,4.91763,,140,,982.479
4112,4.91881,,140,,982.134
4113,4.9199,,142,,981.837
4114,4.921,,141,,981.539
4115,4.92209,,141,,981.241
4116,4.92318,,142,,980.943
4117,4.9241,,144,,980.538
4118,4.925,,144,,980.115
4119,4.92589,,144,,979.693
4120,4.92678,,144,,979.271
4121,4.92768,,144,,978.849
4122,4.92857,,144,,978.427
4123,4.92946,,144,,977.933
4124,4.93036,,142,,977.429
4125,4.93125,,142,,976.924
4126,4.93214,,144,,976.42
4127,4.93303,,144,,975.916
4128,4.93393,,145,,975.411
4129,4.93604,,145,,975.11
4130,4.93835,,144,,974.84
4131,4.94066,,145,,974.57
4132,4.94213,,145,,974.139
4133,4.94348,,145,,973.684
4134,4.94483,,146,,973.229
4135,4.94617,,146,,972.773
4136,4.94727,,146,,972.346
4137,4.94834,,146,,971.922
4138,4.9494,,146,,971.498
4139,4.95046,,146,,971.075
4140,4.95153,,146,,970.651
4141,4.95323,,146,,970.131
4142,4.95503,,146,,969.597
4143,4.95684,,146,,969.063
4144,4.9582,,145,,968.482
4145,4.9595,,145,,967.895
4146,4.9608,,145,,967.307
4147,4.9621,,145,,966.72
4148,4.9629,,145,,966.346
4149,4.96362,,145,,966.005
4150,4.96435,,144,,965.664
4151,4.96507,,144,,965.324
4152,4.96579,,144,,964.983
4153,4.96651,,144,,964.642
4154,4.96723,,144,,964.301
4155,4.96803,,144,,963.896
4156,4.96884,,142,,963.481
4157,4.96965,,142,,963.066
4158,4.97046,,140,,962.651
4159,4.97126,,140,,962.236
4160,4.97207,,140,,961.821
4161,4.97288,,140,,961.407
4162,4.97375,,140,,960.958
4163,4.97463,,139,,960.504
4164,4.97551,,139,,960.05
4165,4.97639,,138,,959.596
4166,4.97726,,136,,959.142
4167,4.97814,,135,,958.688
4168,4.97919,,135,,958.341
4169,4.98026,,135,,958.011
4170,4.98133,,136,,957.681
4171,4.9824,,138,,957.351
4172,4.98347,,138,,957.021
4173,4.98442,,139,,956.598
4174,4.98536,,140,,956.16
4175,4.9863,,139,,955.722
4176,4.98724,,140,,955.284
4177,4.98817,,140,,954.846
4178,4.98911,,142,,954.408
4179,4.99022,,141,,954.13
4180,4.99136,,142,,953.876
4181,4.99249,,142,,953.623
4182,4.99363,,142,,953.369
4183,4.99477,,142,,953.116
4184,4.99622,,142,,952.737
4185,4.99772,,141,,952.34
4186,4.99922,,142,,951.942
4187,5.00072,,142,,951.545
4188,5.00203,,141,,951.174
4189,5.00331,,142,,950.807
4190,5.00459,,142,,950.44
4191,5.00587,,141,,950.073
4192,5.00706,,141,,949.805
4193,5.00823,,141,,949.553
4194,5.0094,,142,,949.301
4195,5.01057,,142,,949.049
4196,5.01175,,141,,948.797
4197,5.01272,,142,,948.022
4198,5.01366,,142,,947.167
4199,5.0146,,142,,946.313
4200,5.01554,,142,,945.458
4201,5.01648,,142,,944.603
4202,5.01742,,142,,943.749
4203,5.01863,,142,,942.749
4204,5.01989,,142,,941.727
4205,5.02114,,142,,940.704
4206,5.0224,,142,,939.682
4207,5.02354,,141,,938.83
4208,5.02468,,141,,938.004
4209,5.02581,,142,,937.178
4210,5.02694,,141,,936.352
4211,5.02807,,142,,935.526
4212,5.02942,,142,,935.358
4213,5.0308,,141,,935.294
4214,5.03218,,141,,935.229
4215,5.03356,,141,,935.165
4216,5.03487,,142,,935.013
4217,5.03617,,142,,934.847
4218,5.03747,,141,,934.681
4219,5.03877,,142,,934.515
4220,5.0405,,142,,934.37
4221,5.04229,,141,,934.229
4222,5.04408,,142,,934.088
4223,5.04587,,142,,933.947
4224,5.04841,,141,,933.796
4225,5.05107,,142,,933.643
4226,5.05373,,141,,933.49
4227,5.05694,,142,,932.829
4228,5.06024,,142,,932.088
4229,5.06354,,143,,931.937
4230,5.06684,,143,,931.88
4231,5.07033,,144,,931.688
4232,5.07385,,144,,931.474
4233,5.07733,,144,,931.292
4234,5.0808,,144,,931.114
4235,5.08419,,144,,931.149
4236,5.08757,,144,,931.217
4237,5.09028,,144,,931.395
4238,5.09289,,145,,931.59
4239,5.09463,,145,,931.451
4240,5.09623,,146,,931.261
4241,5.09783,,146,,931.07
4242,5.09943,,146,,930.88
4243,5.10159,,148,,930.838
4244,5.10384,,148,,930.819
4245,5.10608,,148,,930.8
4246,5.10859,,146,,930.681
4247,5.11114,,146,,930.545
4248,5.11373,,146,,930.368
4249,5.11633,,145,,930.184
4250,5.1194,,145,,930.206
4251,5.12253,,145,,930.26
4252,5.12564,,146,,930.049
4253,5.12875,,146,,929.797
4254,5.13154,,146,,929.863
4255,5.13429,,146,,929.979
4256,5.13654,,147,,929.802
4257,5.13872,,147,,929.58
4258,5.14089,,148,,929.358
4259,5.1421,,148,,929.231
4260,5.14316,,148,,929.119
4261,5.14421,,148,,929.007
4262,5.14527,,148,,928.895
4263,5.14633,,148,,928.783
4264,5.14714,,148,,928.44
4265,5.14791,,148,,928.06
4266,5.14868,,148,,927.681
4267,5.14945,,148,,927.301
4268,5.15022,,148,,926.921
4269,5.15099,,148,,926.542
4270,5.15176,,148,,926.162
4271,5.15266,,146,,925.841
4272,5.15358,,146,,925.529
4273,5.15451,,146,,925.217
4274,5.15543,,146,,924.905
4275,5.15636,,146,,924.593
4276,5.15728,,146,,924.281
4277,5.15843,,146,,924.175
4278,5.15962,,146,,924.101
4279,5.1608,,146,,924.027
4280,5.16199,,145,,923.953
4281,5.16318,,145,,923.879
4282,5.16385,,145,,923.774
4283,5.16443,,145,,923.664
4284,5.16502,,145,,923.554
4285,5.16561,,145,,923.444
4286,5.16619,,144,,923.334
4287,5.16678,,144,,923.224
4288,5.16706,,144,,923.23
4289,5.16729,,144,,923.254
4290,5.16752,,142,,923.278
4291,5.16775,,142,,923.303
4292,5.16797,,142,,923.327
4293,5.1682,,139,,923.351
4294,5.16843,,139,,923.375
4295,5.16866,,139,,923.399
4296,5.16889,,138,,923.424
4297,5.16912,,135,,923.448
4298,5.16935,,135,,923.472
4299,5.16958,,134,,923.496
4300,5.16981,,133,,923.521
4301,5.17004,,133,,923.545
4302,5.17027,,132,,923.569
4303,5.1705,,132,,923.593
4304,5.17073,,131,,923.618
4305,5.17096,,131,,923.642
4306,5.17119,,130,,923.666
4307,5.17142,,131,,923.69
4308,5.17165,,131,,923.714
4309,5.17188,,131,,923.739
4310,5.17211,,131,,923.763
4311,5.17233,,131,,923.787
4312,5.17333,,130,,923.586
4313,5.17445,,131,,923.349
4314,5.17557,,131,,923.112
4315,5.17669,,131,,922.875
4316,5.17781,,131,,922.638
4317,5.17928,,131,,922.456
4318,5.1808,,130,,922.282
4319,5.18232,,131,,922.109
4320,5.18384,,131,,921.935
4321,5.18555,,129,,921.95
4322,5.1873,,129,,921.995
4323,5.18904,,129,,922.04
4324,5.19079,,128,,922.085
4325,5.19292,,128,,921.975
4326,5.19511,,128,,921.841
4327,5.1973,,128,,921.706
4328,5.19955,,128,,921.23
4329,5.20181,,128,,920.7
4330,5.20407,,129,,920.169
4331,5.20614,,130,,919.733
4332,5.20818,,131,,919.312
4333,5.21022,,131,,918.891
4334,5.21227,,131,,918.523
4335,5.21432,,131,,918.163
4336,5.21637,,131,,917.803
4337,5.21839,,131,,917.469
4338,5.22042,,131,,917.138
4339,5.22244,,131,,916.808
4340,5.22457,,131,,916.414
4341,5.22673,,131,,916.011
4342,5.22888,,131,,915.607
4343,5.23124,,131,,915.035
4344,5.23362,,131,,914.435
4345,5.23601,,131,,913.836
4346,5.23832,,131,,913.722
4347,5.24063,,131,,913.684
4348,5.24293,,131,,913.647
4349,5.24564,,131,,913.656
4350,5.24841,,132,,913.674
4351,5.25078,,132,,913.46
4352,5.25309,,131,,913.211
4353,5.2554,,131,,912.961
4354,5.25744,,131,,912.847
4355,5.25945,,131,,912.755
4356,5.26145,,132,,912.663
4357,5.26289,,132,,911.984
4358,5.26423,,132,,911.214
4359,5.26558,,133,,910.443
4360,5.26692,,133,,909.673
4361,5.26895,,134,,909.069
4362,5.27109,,134,,908.491
4363,5.27323,,134,,907.913
4364,5.27612,,134,,907.589
4365,5.27912,,134,,907.304
4366,5.28186,,134,,907.154
4367,5.28456,,134,,907.026
4368,5.28769,,134,,906.803
4369,5.29087,,135,,906.566
4370,5.29404,,135,,906.708
4371,5.29721,,136,,906.91
4372,5.29986,,136,,906.374
4373,5.30243,,136,,905.722
4374,5.30478,,138,,905.032
4375,5.30709,,138,,904.336
4376,5.30941,,138,,903.64
4377,5.31134,,138,,902.887
4378,5.31321,,138,,902.126
4379,5.31508,,139,,901.365
4380,5.31656,,139,,901.109
4381,5.31798,,139,,900.932
4382,5.3194,,140,,900.755
4383,5.32081,,140,,900.578
4384,5.32284,,139,,900.051
4385,5.32496,,139,,899.468
4386,5.32708,,139,,898.885
4387,5.32888,,139,,898.776
4388,5.33062,,139,,898.74
4389,5.33237,,139,,898.705
4390,5.33476,,139,,898.197
4391,5.33726,,139,,897.614
4392,5.33976,,139,,897.031
4393,5.34259,,139,,897.146
4394,5.34548,,139,,897.37
4395,5.34871,,140,,896.791
4396,5.352,,139,,896.086
4397,5.35431,,140,,895.718
4398,5.35646,,140,,895.404
4399,5.35862,,140,,895.089
4400,5.36053,,140,,894.793
4401,5.36241,,140,,894.499
4402,5.36428,,140,,894.205
4403,5.36613,,141,,893.862
4404,5.36798,,141,,893.512
4405,5.36983,,141,,893.162
4406,5.37165,,140,,891.961
4407,5.37346,,140,,890.626
4408,5.37528,,140,,889.291
4409,5.37709,,140,,887.956
4410,5.37879,,140,,887.16
4411,5.38047,,139,,886.45
4412,5.38215,,140,,885.739
4413,5.38362,,140,,885.413
4414,5.38506,,139,,885.147
4415,5.38651,,140,,884.881
4416,5.38795,,140,,884.615
4417,5.39044,,139,,883.652
4418,5.3931,,139,,882.58
4419,5.3952,,139,,881.996
4420,5.39722,,139,,881.489
4421,5.39923,,139,,880.982
4422,5.40115,,139,,880.04
4423,5.40305,,139,,879.03
4424,5.40496,,139,,878.019
4425,5.40706,,139,,877.286
4426,5.40919,,139,,876.597
4427,5.41132,,139,,875.907
4428,5.41371,,139,,875.565
4429,5.41614,,139,,875.277
4430,5.41857,,139,,874.989
4431,5.42057,,138,,874.482
4432,5.4225,,138,,873.94
4433,5.42443,,138,,873.398
4434,5.42537,,138,,873.071
4435,5.42617,,136,,872.778
4436,5.42696,,136,,872.485
4437,5.42776,,136,,872.192
4438,5.42855,,138,,871.899
4439,5.42935,,138,,871.607
4440,5.43014,,138,,871.314
4441,5.43135,,138,,870.652
4442,5.43262,,138,,869.932
4443,5.4339,,138,,869.212
4444,5.43517,,136,,868.492
4445,5.43694,,136,,867.913
4446,5.43878,,136,,867.357
4447,5.44063,,136,,866.801
4448,5.44262,,136,,866.207
4449,5.44464,,136,,865.608
4450,5.44666,,136,,865.009
4451,5.44948,,136,,864.395
4452,5.45242,,138,,863.779
4453,5.45519,,138,,863.577
4454,5.45792,,138,,863.44
4455,5.45976,,138,,863.044
4456,5.46146,,138,,862.607
4457,5.46316,,139,,862.17
4458,5.4646,,139,,861.861
4459,5.46599,,139,,861.572
4460,5.46739,,139,,861.283
4461,5.46879,,139,,860.995
4462,5.47018,,140,,860.706
4463,5.47255,,140,,860.389
4464,5.47507,,140,,860.067
4465,5.47759,,140,,859.745
4466,5.47998,,140,,859.314
4467,5.48235,,142,,858.867
4468,5.48471,,141,,858.42
4469,5.48707,,141,,858.318
4470,5.48943,,142,,858.27
4471,5.49178,,141,,858.223
4472,5.49431,,141,,858.16
4473,5.49687,,140,,858.094
4474,5.49935,,140,,857.791
4475,5.50183,,140,,857.451
4476,5.5043,,140,,857.11
4477,5.50755,,140,,856.89
4478,5.51092,,140,,856.689
4479,5.51434,,140,,856.394
4480,5.51776,,140,,856.085
4481,5.52075,,140,,856.076
4482,5.52367,,140,,856.114
4483,5.52677,,140,,856.294
4484,5.5299,,140,,856.497
4485,5.53296,,140,,856.566
4486,5.53601,,140,,856.614
4487,5.53867,,139,,856.443
4488,5.54125,,139,,856.236
4489,5.54328,,139,,856.311
4490,5.54521,,139,,856.429
4491,5.54714,,139,,856.548
4492,5.54839,,139,,856.376
4493,5.54953,,139,,856.157
4494,5.55067,,140,,855.938
4495,5.55181,,140,,855.72
4496,5.55295,,140,,855.501
4497,5.55409,,141,,855.282
4498,5.55626,,141,,854.778
4499,5.55859,,142,,854.228
4500,5.56093,,142,,853.679
4501,5.56347,,144,,853.034
4502,5.56604,,144,,852.374
4503,5.56825,,144,,851.634
4504,5.57041,,144,,850.883
4505,5.57256,,144,,850.131
4506,5.5747,,144,,849.688
4507,5.57684,,144,,849.293
4508,5.57898,,144,,848.899
4509,5.58118,,144,,848.375
4510,5.58338,,144,,847.83
4511,5.58558,,144,,847.285
4512,5.58744,,144,,846.93
4513,5.58925,,144,,846.605
4514,5.59106,,144,,846.28
4515,5.59322,,144,,845.593
4516,5.59543,,144,,844.849
4517,5.59764,,144,,844.105
4518,5.59988,,144,,843.536
4519,5.60212,,144,,842.994
4520,5.60436,,144,,842.452
4521,5.60631,,144,,842.134
4522,5.60821,,144,,841.851
4523,5.61012,,142,,841.568
4524,5.61187,,142,,841.361
4525,5.61361,,142,,841.165
4526,5.61535,,142,,840.97
4527,5.61708,,143,,840.775
4528,5.61962,,143,,840.491
4529,5.62227,,142,,840.193
4530,5.62459,,144,,840.05
4531,5.62685,,142,,839.931
4532,5.6291,,142,,839.812
4533,5.63094,,142,,839.737
4534,5.6327,,142,,839.669
4535,5.63447,,142,,839.601
4536,5.6365,,142,,839.461
4537,5.63857,,142,,839.31
4538,5.64064,,142,,839.16
4539,5.64287,,142,,838.926
4540,5.64512,,142,,838.68
4541,5.64737,,142,,838.433
4542,5.64971,,144,,838.265
4543,5.65206,,144,,838.109
4544,5.65442,,144,,837.953
4545,5.65621,,144,,837.756
4546,5.65791,,144,,837.552
4547,5.65962,,144,,837.349
4548,5.66156,,144,,836.872
4549,5.66355,,144,,836.352
4550,5.66553,,144,,835.832
4551,5.66744,,144,,834.939
4552,5.66934,,144,,833.987
4553,5.67124,,144,,833.035
4554,5.67378,,144,,832.174
4555,5.67642,,144,,831.328
4556,5.67867,,144,,830.785
4557,5.68085,,144,,830.29
4558,5.68303,,144,,829.794
4559,5.6852,,142,,829.063
4560,5.68736,,142,,828.295
4561,5.68952,,142,,827.526
4562,5.69133,,142,,826.544
4563,5.69308,,142,,825.527
4564,5.69483,,142,,824.511
4565,5.69645,,142,,823.841
4566,5.69806,,142,,823.225
4567,5.69966,,141,,822.61
4568,5.70126,,142,,821.995
4569,5.70334,,141,,821.354
4570,5.70549,,142,,820.709
4571,5.70765,,140,,820.065
4572,5.71026,,140,,819.53
4573,5.71295,,142,,819.012
4574,5.71497,,142,,818.589
4575,5.71689,,141,,818.18
4576,5.71881,,142,,817.772
4577,5.72032,,142,,817.558
4578,5.72177,,141,,817.375
4579,5.72321,,142,,817.192
4580,5.72466,,140,,817.009
4581,5.72579,,140,,816.687
4582,5.72687,,140,,816.344
4583,5.72795,,141,,816.001
4584,5.72903,,142,,815.658
4585,5.73011,,142,,815.315
4586,5.73082,,141,,814.773
4587,5.73147,,141,,814.201
4588,5.73213,,141,,813.628
4589,5.73278,,142,,813.055
4590,5.73343,,142,,812.483
4591,5.73408,,142,,811.91
4592,5.73473,,141,,811.337
4593,5.73539,,142,,810.765
4594,5.73751,,142,,810.15
4595,5.73988,,141,,809.528
4596,5.74224,,142,,808.907
4597,5.74566,,141,,808.191
4598,5.74925,,142,,807.461
4599,5.75137,,142,,806.967
4600,5.75326,,141,,806.511
4601,5.75516,,142,,806.055
4602,5.75723,,142,,805.8
4603,5.75933,,141,,805.577
4604,5.76144,,142,,805.355
4605,5.76369,,142,,804.76
4606,5.76597,,140,,804.107
4607,5.76825,,140,,803.453
4608,5.77039,,140,,803.111
4609,5.7725,,140,,802.819
4610,5.77462,,140,,802.527
4611,5.77588,,140,,802.151
4612,5.77699,,140,,801.762
4613,5.77811,,140,,801.373
4614,5.77923,,141,,800.984
4615,5.78034,,141,,800.595
4616,5.78176,,140,,800.35
4617,5.78323,,140,,800.129
4618,5.78469,,140,,799.908
4619,5.78616,,140,,799.686
4620,5.78776,,140,,799.125
4621,5.78939,,140,,798.51
4622,5.79101,,140,,797.894
4623,5.79264,,140,,797.279
4624,5.79439,,140,,797.068
4625,5.79617,,141,,796.921
4626,5.79795,,141,,796.773
4627,5.80034,,140,,796.648
4628,5.80279,,140,,796.524
4629,5.80524,,140,,796.401
4630,5.80797,,142,,796.758
4631,5.81072,,142,,797.161
4632,5.81324,,141,,797.308
4633,5.81574,,142,,797.432
4634,5.81769,,142,,797.454
4635,5.81959,,142,,797.466
4636,5.82149,,142,,797.478
4637,5.8229,,142,,797.604
4638,5.82426,,142,,797.741
4639,5.82562,,142,,797.878
4640,5.82698,,142,,798.015
4641,5.82865,,142,,798.089
4642,5.83036,,142,,798.158
4643,5.83206,,141,,798.226
4644,5.83361,,142,,798.264
4645,5.83514,,141,,798.299
4646,5.83667,,142,,798.335
4647,5.83821,,142,,798.37
4648,5.84017,,141,,798.297
4649,5.84218,,142,,798.213
4650,5.84418,,142,,798.13
4651,5.84682,,142,,798.082
4652,5.84952,,142,,798.037
4653,5.85136,,144,,798.12
4654,5.85312,,144,,798.215
4655,5.85487,,144,,798.31
4656,5.85624,,144,,798.304
4657,5.85758,,144,,798.287
4658,5.85891,,144,,798.27
4659,5.86025,,144,,798.253
4660,5.86197,,144,,798.328
4661,5.86373,,144,,798.412
4662,5.86548,,144,,798.496
4663,5.86724,,144,,798.58
4664,5.86896,,145,,798.6
4665,5.87067,,145,,798.614
4666,5.87238,,145,,798.627
4667,5.8737,,145,,798.684
4668,5.87499,,145,,798.745
4669,5.87627,,145,,798.807
4670,5.87756,,145,,798.868
4671,5.87976,,146,,799.003
4672,5.88204,,146,,799.146
4673,5.88433,,146,,799.289
4674,5.88609,,146,,799.613
4675,5.8878,,147,,799.953
4676,5.88951,,147,,800.294
4677,5.89039,,148,,800.384
4678,5.8912,,148,,800.449
4679,5.892,,148,,800.514
4680,5.89281,,148,,800.58
4681,5.89361,,148,,800.645
4682,5.89442,,148,,800.71
4683,5.89522,,148,,800.775
4684,5.89603,,148,,800.84
4685,5.8969,,148,,800.731
4686,5.89778,,149,,800.604
4687,5.89866,,149,,800.477
4688,5.89954,,149,,800.351
4689,5.90041,,149,,800.224
4690,5.90129,,149,,800.098
4691,5.90256,,149,,799.985
4692,5.90386,,149,,799.873
4693,5.90517,,150,,799.762
4694,5.90647,,151,,799.65
4695,5.90776,,150,,799.688
4696,5.90904,,151,,799.741
4697,5.91033,,151,,799.793
4698,5.91162,,151,,799.846
4699,5.91288,,152,,800.196
4700,5.91414,,152,,800.575
4701,5.9154,,152,,800.955
4702,5.91666,,154,,801.334
4703,5.91812,,154,,801.526
4704,5.91959,,154,,801.699
4705,5.92107,,155,,801.872
4706,5.92254,,155,,802.045
4707,5.92435,,155,,802.343
4708,5.9262,,155,,802.654
4709,5.92805,,155,,802.965
4710,5.92913,,155,,802.967
4711,5.93013,,155,,802.939
4712,5.93114,,156,,802.911
4713,5.93214,,156,,802.883
4714,5.93315,,156,,802.855
4715,5.93454,,157,,802.642
4716,5.93598,,156,,802.411
4717,5.93741,,157,,802.18
4718,5.93885,,157,,801.949
4719,5.94054,,155,,802.224
4720,5.94227,,155,,802.549
4721,5.94399,,155,,802.873
4722,5.94485,,155,,802.963
4723,5.94562,,155,,803.03
4724,5.94639,,155,,803.097
4725,5.94716,,155,,803.163
4726,5.94794,,155,,803.23
4727,5.94871,,155,,803.297
4728,5.94948,,155,,803.364
4729,5.95048,,155,,803.419
4730,5.9515,,155,,803.473
4731,5.95253,,155,,803.527
4732,5.95355,,156,,803.581
4733,5.95457,,155,,803.635
4734,5.95593,,156,,803.852
4735,5.95733,,156,,804.086
4736,5.95873,,155,,804.319
4737,5.96013,,157,,804.553
4738,5.96178,,156,,804.476
4739,5.96345,,157,,804.369
4740,5.96512,,157,,804.261
4741,5.96679,,156,,804.154
4742,5.96872,,157,,804.245
4743,5.97067,,155,,804.355
4744,5.97262,,155,,804.466
4745,5.97433,,156,,804.582
4746,5.97602,,155,,804.7
4747,5.97771,,157,,804.817
4748,5.97933,,156,,804.871
4749,5.98095,,157,,804.918
4750,5.98257,,157,,804.966
4751,5.98418,,156,,805.014
4752,5.98517,,157,,804.731
4753,5.9861,,156,,804.415
4754,5.98703,,157,,804.099
4755,5.98795,,157,,803.784
4756,5.98888,,156,,803.468
4757,5.98981,,157,,803.152
4758,5.99222,,156,,803.493
4759,5.99478,,156,,803.899
4760,5.99701,,156,,803.745
4761,5.9992,,156,,803.535
4762,6.00139,,156,,803.326
4763,6.00446,,156,,803.358
4764,6.0076,,155,,803.414
4765,6.01064,,155,,802.958
4766,6.01367,,155,,802.452
4767,6.01638,,156,,802.572
4768,6.01906,,156,,802.753
4769,6.02183,,156,,802.741
4770,6.02461,,155,,802.71
4771,6.02661,,155,,802.952
4772,6.02854,,155,,803.22
4773,6.03047,,155,,803.489
4774,6.03164,,155,,803.515
4775,6.03273,,155,,803.518
4776,6.03381,,155,,803.52
4777,6.0349,,155,,803.523
4778,6.03599,,155,,803.526
4779,6.03758,,155,,803.488
4780,6.03922,,155,,803.446
4781,6.04086,,155,,803.404
4782,6.0425,,155,,803.363
4783,6.04381,,155,,803.487
4784,6.0451,,155,,803.627
4785,6.04639,,155,,803.767
4786,6.04767,,154,,803.908
4787,6.04961,,154,,803.793
4788,6.05161,,154,,803.653
4789,6.05361,,154,,803.513
4790,6.0558,,152,,803.862
4791,6.058,,152,,804.258
4792,6.06021,,152,,804.655
4793,6.06321,,152,,805.268
4794,6.06628,,152,,805.902
4795,6.06924,,152,,806.409
4796,6.0722,,154,,806.904
4797,6.07374,,154,,807.27
4798,6.07515,,154,,807.623
4799,6.07655,,154,,807.976
4800,6.07795,,155,,808.329
4801,6.07909,,155,,808.402
4802,6.0802,,155,,808.448
4803,6.08131,,155,,808.493
4804,6.08242,,155,,808.539
4805,6.08353,,155,,808.585
4806,6.08478,,155,,808.617
4807,6.08604,,155,,808.647
4808,6.0873,,155,,808.678
4809,6.08856,,155,,808.709
4810,6.08937,,155,,808.598
4811,6.09014,,155,,808.474
4812,6.09091,,155,,808.35
4813,6.09168,,155,,808.226
4814,6.09245,,155,,808.102
4815,6.09322,,155,,807.978
4816,6.09399,,155,,807.854
4817,6.09476,,155,,807.73
4818,6.09587,,155,,807.613
4819,6.09701,,155,,807.498
4820,6.09816,,155,,807.383
4821,6.09931,,155,,807.267
4822,6.10045,,155,,807.152
4823,6.102,,155,,807.276
4824,6.10358,,154,,807.424
4825,6.10516,,154,,807.572
4826,6.10674,,154,,807.719
4827,6.10823,,154,,807.378
4828,6.10971,,154,,806.988
4829,6.1112,,154,,806.598
4830,6.11268,,154,,806.207
4831,6.11474,,154,,805.997
4832,6.11687,,154,,805.804
4833,6.11899,,154,,805.611
4834,6.12158,,154,,805.739
4835,6.12421,,154,,805.899
4836,6.1269,,154,,805.681
4837,6.1296,,154,,805.426
4838,6.13173,,154,,805.375
4839,6.13381,,154,,805.344
4840,6.13589,,154,,805.313
4841,6.13735,,154,,805.074
4842,6.13875,,154,,804.815
4843,6.14015,,152,,804.555
4844,6.14155,,152,,804.295
4845,6.14266,,152,,804.114
4846,6.14373,,152,,803.942
4847,6.14481,,151,,803.769
4848,6.14588,,151,,803.596
4849,6.14696,,151,,803.423
4850,6.14803,,151,,803.251
4851,6.1488,,150,,802.813
4852,6.14954,,150,,802.349
4853,6.15028,,148,,801.886
4854,6.15102,,148,,801.422
4855,6.15176,,148,,800.958
4856,6.1525,,148,,800.494
4857,6.15324,,148,,800.031
4858,6.1544,,148,,799.565
4859,6.1556,,148,,799.1
4860,6.1568,,148,,798.635
4861,6.158,,148,,798.17
4862,6.1592,,148,,797.705
4863,6.16032,,148,,797.39
4864,6.16144,,148,,797.09
4865,6.16255,,148,,796.79
4866,6.16367,,148,,796.491
4867,6.16478,,148,,796.191
4868,6.16538,,146,,795.644
4869,6.16592,,146,,795.072
4870,6.16646,,146,,794.501
4871,6.167,,146,,793.929
4872,6.16755,,145,,793.358
4873,6.16846,,145,,792.924
4874,6.16941,,144,,792.504
4875,6.17036,,144,,792.084
4876,6.17131,,144,,791.664
4877,6.17226,,144,,791.244
4878,6.17321,,144,,790.824
4879,6.17435,,142,,790.648
4880,6.17551,,140,,790.495
4881,6.17667,,140,,790.343
4882,6.17783,,140,,790.191
4883,6.17899,,140,,790.039
4884,6.18074,,140,,789.61
4885,6.18254,,140,,789.154
4886,6.18435,,141,,788.698
4887,6.18621,,141,,788.056
4888,6.18808,,142,,787.396
4889,6.18996,,142,,786.736
4890,6.19173,,142,,786.246
4891,6.19349,,142,,785.772
4892,6.19526,,144,,785.298
4893,6.19606,,144,,784.853
4894,6.19676,,144,,784.41
4895,6.19747,,144,,783.968
4896,6.19817,,144,,783.525
4897,6.19887,,144,,783.083
4898,6.19958,,144,,782.64
4899,6.20028,,144,,782.198
4900,6.20099,,144,,781.755
4901,6.20177,,144,,781.333
4902,6.20256,,142,,780.913
4903,6.20335,,142,,780.493
4904,6.20414,,141,,780.073
4905,6.20493,,142,,779.652
4906,6.20622,,142,,779.049
4907,6.20756,,140,,778.427
4908,6.2089,,140,,777.805
4909,6.21024,,140,,777.183
4910,6.21166,,140,,776.837
4911,6.21309,,140,,776.517
4912,6.21452,,140,,776.198
4913,6.21595,,140,,775.878
4914,6.2178,,142,,775.362
4915,6.2197,,141,,774.826
4916,6.22159,,141,,774.289
4917,6.22272,,143,,774.166
4918,6.22378,,143,,774.083
4919,6.22484,,142,,774.001
4920,6.22589,,144,,773.918
4921,6.22695,,144,,773.836
4922,6.22811,,144,,773.661
4923,6.22928,,144,,773.476
4924,6.23044,,142,,773.292
4925,6.23161,,142,,773.107
4926,6.23278,,142,,772.923
4927,6.23406,,142,,772.867
4928,6.23534,,142,,772.824
4929,6.23663,,141,,772.781
4930,6.23792,,140,,772.738
4931,6.23952,,140,,772.576
4932,6.24116,,139,,772.403
4933,6.24279,,138,,772.229
4934,6.24443,,136,,772.055
4935,6.24512,,135,,771.731
4936,6.24573,,134,,771.391
4937,6.24633,,134,,771.052
4938,6.24694,,134,,770.712
4939,6.24754,,134,,770.373
4940,6.24815,,135,,770.033
4941,6.24875,,135,,769.694
4942,6.24936,,136,,769.354
4943,6.24996,,136,,769.015
4944,6.25077,,138,,768.641
4945,6.2516,,138,,768.264
4946,6.25243,,138,,767.887
4947,6.25326,,139,,767.51
4948,6.25409,,139,,767.133
4949,6.25492,,139,,766.756
4950,6.25575,,140,,766.379
4951,6.25739,,140,,765.967
4952,6.25912,,140,,765.552
4953,6.26084,,140,,765.137
4954,6.26262,,140,,765.024
4955,6.2644,,142,,764.942
4956,6.26619,,141,,764.859
4957,6.2672,,142,,764.504
4958,6.26814,,140,,764.123
4959,6.26908,,140,,763.741
4960,6.27002,,140,,763.359
4961,6.27096,,140,,762.978
4962,6.2719,,139,,762.596
4963,6.27304,,139,,762.638
4964,6.2742,,139,,762.721
4965,6.27535,,138,,762.805
4966,6.27651,,138,,762.889
4967,6.27767,,138,,762.973
4968,6.27898,,138,,762.634
4969,6.2803,,138,,762.253
4970,6.28163,,138,,761.873
4971,6.28295,,138,,761.492
4972,6.28442,,138,,761.342
4973,6.28591,,138,,761.215
4974,6.28739,,139,,761.088
4975,6.28888,,139,,760.961
4976,6.29001,,139,,760.411
4977,6.2911,,139,,759.82
4978,6.2922,,139,,759.228
4979,6.29329,,139,,758.637
4980,6.29438,,139,,758.045
4981,6.29531,,140,,757.917
4982,6.29622,,139,,757.834
4983,6.29713,,139,,757.752
4984,6.29805,,139,,757.669
4985,6.29896,,139,,757.587
4986,6.29987,,139,,757.504
4987,6.30123,,140,,757.207
4988,6.30263,,139,,756.887
4989,6.30403,,139,,756.568
4990,6.30543,,140,,756.249
4991,6.3062,,139,,756.087
4992,6.30691,,139,,755.941
4993,6.30761,,140,,755.795
4994,6.30832,,140,,755.65
4995,6.30902,,140,,755.504
4996,6.30973,,140,,755.358
4997,6.31043,,140,,755.212
4998,6.31129,,139,,755.016
4999,6.31215,,140,,754.815
5000,6.31302,,139,,754.613
5001,6.31389,,139,,754.412
5002,6.31475,,139,,754.211
5003,6.31562,,139,,754.01
5004,6.31649,,139,,753.808
5005,6.31743,,139,,753.86
5006,6.31838,,139,,753.938
5007,6.31933,,139,,754.015
5008,6.32028,,139,,754.092
5009,6.32123,,139,,754.169
5010,6.32218,,138,,754.247
5011,6.32292,,138,,753.887
5012,6.32365,,136,,753.483
5013,6.32437,,136,,753.08
5014,6.3251,,136,,752.677
5015,6.32583,,136,,752.273
5016,6.32655,,136,,751.87
5017,6.32728,,136,,751.467
5018,6.328,,136,,751.063
5019,6.32912,,138,,750.533
5020,6.33027,,139,,749.991
5021,6.33143,,139,,749.449
5022,6.33258,,140,,748.906
5023,6.33374,,140,,748.364
5024,6.3354,,141,,746.891
5025,6.33711,,141,,745.326
5026,6.33882,,142,,743.761
5027,6.34147,,142,,743.126
5028,6.34422,,142,,742.583
5029,6.34691,,144,,741.776
5030,6.34959,,144,,740.943
5031,6.35118,,144,,740.039
5032,6.35267,,144,,739.129
5033,6.35416,,144,,738.219
5034,6.35565,,144,,737.308
5035,6.35735,,142,,736.329
5036,6.35907,,142,,735.342
5037,6.36079,,142,,734.356
5038,6.36254,,141,,733.98
5039,6.36428,,142,,733.666
5040,6.36602,,140,,733.351
5041,6.36711,,140,,733.374
5042,6.36814,,140,,733.43
5043,6.36916,,140,,733.486
5044,6.37019,,140,,733.543
5045,6.37122,,140,,733.599
5046,6.37218,,140,,732.905
5047,6.37314,,140,,732.138
5048,6.3741,,140,,731.37
5049,6.37506,,142,,730.602
5050,6.37602,,141,,729.834
5051,6.37698,,140,,729.066
5052,6.37794,,140,,728.298
5053,6.37891,,140,,727.531
5054,6.3807,,140,,726.951
5055,6.38257,,142,,726.391
5056,6.38444,,141,,725.83
5057,6.38586,,142,,725.535
5058,6.38724,,142,,725.267
5059,6.38862,,142,,724.999
5060,6.39,,144,,724.73
5061,6.3914,,144,,724.358
5062,6.39282,,144,,723.974
5063,6.39423,,144,,723.591
5064,6.39564,,144,,723.208
5065,6.39657,,144,,722.842
5066,6.39746,,144,,722.478
5067,6.39834,,144,,722.114
5068,6.39923,,144,,721.75
5069,6.40011,,144,,721.386
5070,6.401,,144,,721.022
5071,6.40297,,144,,720.92
5072,6.40505,,144,,720.844
5073,6.40714,,144,,720.769
5074,6.40842,,144,,720.499
5075,6.40961,,144,,720.209
5076,6.41081,,144,,719.919
5077,6.41201,,144,,719.629
5078,6.4132,,144,,719.339
5079,6.4151,,144,,718.66
5080,6.41706,,144,,717.941
5081,6.41902,,144,,717.222
5082,6.42085,,142,,716.984
5083,6.42265,,142,,716.796
5084,6.42446,,142,,716.608
5085,6.42628,,142,,716.334
5086,6.4281,,142,,716.051
5087,6.42992,,142,,715.768
5088,6.43106,,142,,715.267
5089,6.43212,,142,,714.744
5090,6.43318,,142,,714.221
5091,6.43424,,142,,713.697
5092,6.4353,,141,,713.174
5093,6.43654,,142,,712.815
5094,6.43779,,140,,712.473
5095,6.43904,,140,,712.131
5096,6.4403,,140,,711.788
5097,6.44189,,140,,711.421
5098,6.44352,,140,,711.051
5099,6.44514,,140,,710.68
5100,6.44677,,140,,710.31
5101,6.44761,,142,,710.002
5102,6.44837,,140,,709.701
5103,6.44913,,140,,709.399
5104,6.44989,,140,,709.098
5105,6.45066,,140,,708.796
5106,6.45142,,140,,708.495
5107,6.45218,,142,,708.193
5108,6.45292,,142,,708.045
5109,6.45366,,141,,707.912
5110,6.45439,,142,,707.78
5111,6.45513,,140,,707.647
5112,6.45587,,140,,707.515
5113,6.45661,,140,,707.382
5114,6.45735,,139,,707.25
5115,6.45809,,140,,707.117
5116,6.45893,,139,,707.091
5117,6.45979,,139,,707.076
5118,6.46065,,140,,707.061
5119,6.46151,,139,,707.046
5120,6.46237,,139,,707.031
5121,6.46323,,140,,707.016
5122,6.46409,,139,,707.001
5123,6.4664,,139,,707.12
5124,6.46886,,140,,707.253
5125,6.47132,,140,,707.386
5126,6.47336,,140,,707.337
5127,6.47535,,140,,707.269
5128,6.47735,,140,,707.201
5129,6.47874,,142,,706.729
5130,6.48008,,141,,706.216
5131,6.48142,,142,,705.703
5132,6.48275,,141,,705.189
5133,6.48452,,142,,704.489
5134,6.48632,,142,,703.769
5135,6.48813,,141,,703.049
5136,6.48958,,142,,702.391
5137,6.491,,142,,701.739
5138,6.49242,,142,,701.087
5139,6.49384,,142,,700.436
5140,6.49567,,142,,699.552
5141,6.49754,,142,,698.643
5142,6.49941,,142,,697.735
5143,6.50072,,141,,697.096
5144,6.50196,,142,,696.484
5145,6.5032,,142,,695.872
5146,6.50445,,141,,695.261
5147,6.50569,,140,,694.649
5148,6.50706,,140,,694.298
5149,6.50843,,140,,693.975
5150,6.50981,,140,,693.652
5151,6.51118,,140,,693.328
5152,6.51256,,140,,693.005
5153,6.51414,,140,,692.832
5154,6.51574,,140,,692.674
5155,6.51734,,140,,692.516
5156,6.51894,,141,,692.359
5157,6.52029,,141,,692.372
5158,6.52162,,142,,692.404
5159,6.52295,,142,,692.435
5160,6.52429,,141,,692.467
5161,6.52562,,140,,692.498
5162,6.52688,,140,,692.448
5163,6.52814,,140,,692.39
5164,6.5294,,140,,692.331
5165,6.53066,,140,,692.272
5166,6.53169,,140,,692.246
5167,6.53271,,140,,692.223
5168,6.53372,,141,,692.2
5169,6.53473,,141,,692.178
5170,6.53575,,141,,692.155
5171,6.53644,,140,,692.145
5172,6.5371,,140,,692.136
5173,6.53775,,140,,692.128
5174,6.53841,,140,,692.119
5175,6.53907,,140,,692.111
5176,6.53972,,140,,692.102
5177,6.54038,,140,,692.094
5178,6.54133,,140,,692.029
5179,6.54231,,140,,691.958
5180,6.5433,,140,,691.886
5181,6.54428,,140,,691.815
5182,6.54526,,139,,691.744
5183,6.54624,,140,,691.673
5184,6.5486,,140,,691.548
5185,6.55109,,139,,691.418
5186,6.55359,,140,,691.288
5187,6.55525,,140,,691.01
5188,6.55683,,139,,690.718
5189,6.5584,,140,,690.425
5190,6.55998,,140,,690.132
5191,6.56145,,139,,689.867
5192,6.56291,,140,,689.605
5193,6.56436,,140,,689.343
5194,6.56582,,140,,689.081
5195,6.56788,,141,,688.751
5196,6.57,,141,,688.413
5197,6.57212,,141,,688.076
5198,6.57377,,141,,687.657
5199,6.57537,,142,,687.229
5200,6.57697,,141,,686.802
5201,6.57857,,141,,686.374
5202,6.58012,,142,,686.071
5203,6.58168,,142,,685.782
5204,6.58323,,142,,685.492
5205,6.58478,,142,,685.202
5206,6.58625,,142,,684.91
5207,6.58772,,142,,684.618
5208,6.58919,,142,,684.326
5209,6.59065,,142,,684.034
5210,6.59112,,142,,683.878
5211,6.59149,,142,,683.736
5212,6.592,,142,,683.563
5213,6.59252,,143,,683.388
5214,6.59304,,143,,683.212
5215,6.59356,,143,,683.036
5216,6.59408,,141,,682.86
5217,6.5946,,141,,682.684
5218,6.59512,,142,,682.508
5219,6.59564,,141,,682.332
5220,6.59616,,141,,682.156
5221,6.59668,,142,,681.98
5222,6.59738,,141,,681.681
5223,6.59809,,141,,681.368
5224,6.59881,,142,,681.055
5225,6.59952,,141,,680.743
5226,6.60024,,141,,680.43
5227,6.60095,,141,,680.117
5228,6.60166,,141,,679.805
5229,6.60274,,140,,679.42
5230,6.60385,,140,,679.028
5231,6.60496,,140,,678.636
5232,6.60608,,140,,678.244
5233,6.60719,,140,,677.852
5234,6.60889,,140,,677.762
5235,6.61065,,140,,677.702
5236,6.61241,,141,,677.643
5237,6.61417,,141,,677.583
5238,6.6155,,142,,677.412
5239,6.61677,,141,,677.228
5240,6.61805,,141,,677.044
5241,6.61933,,142,,676.861
5242,6.6211,,142,,676.817
5243,6.62292,,144,,676.787
5244,6.62474,,144,,676.757
5245,6.62546,,144,,676.591
5246,6.62607,,144,,676.411
5247,6.62689,,144,,676.272
5248,6.62773,,144,,676.137
5249,6.62856,,144,,676.002
5250,6.6294,,144,,675.867
5251,6.63024,,144,,675.732
5252,6.63108,,144,,675.597
5253,6.63189,,145,,675.587
5254,6.6327,,145,,675.591
5255,6.63352,,145,,675.594
5256,6.63433,,146,,675.598
5257,6.63514,,146,,675.601
5258,6.63595,,146,,675.604
5259,6.63676,,146,,675.608
5260,6.63758,,147,,675.611
5261,6.63861,,147,,675.305
5262,6.63967,,148,,674.966
5263,6.64072,,148,,674.627
5264,6.64178,,148,,674.289
5265,6.64284,,149,,673.95
5266,6.64454,,149,,673.477
5267,6.64631,,149,,672.991
5268,6.64808,,150,,672.505
5269,6.64986,,151,,672.236
5270,6.65165,,150,,671.99
5271,6.65343,,151,,671.744
5272,6.65531,,150,,671.41
5273,6.65721,,151,,671.067
5274,6.65911,,150,,670.724
5275,6.66141,,151,,670.502
5276,6.66374,,151,,670.292
5277,6.66608,,151,,670.082
5278,6.66735,,151,,669.989
5279,6.6685,,151,,669.908
5280,6.66966,,151,,669.826
5281,6.67082,,151,,669.745
5282,6.67197,,151,,669.664
5283,6.67287,,151,,669.658
5284,6.67374,,152,,669.66
5285,6.67461,,152,,669.662
5286,6.67548,,152,,669.663
5287,6.67635,,152,,669.665
5288,6.67722,,152,,669.667
5289,6.6781,,152,,669.356
5290,6.67898,,152,,669.012
5291,6.67987,,152,,668.668
5292,6.68075,,152,,668.324
5293,6.68163,,152,,667.98
5294,6.68252,,152,,667.637
5295,6.68318,,152,,667.333
5296,6.68383,,152,,667.035
5297,6.68447,,152,,666.736
5298,6.68512,,152,,666.437
5299,6.68576,,152,,666.138
5300,6.6864,,152,,665.839
5301,6.68705,,154,,665.541
5302,6.68769,,154,,665.242
5303,6.68878,,154,,665.015
5304,6.68992,,155,,664.796
5305,6.69106,,155,,664.577
5306,6.6922,,155,,664.358
5307,6.69334,,155,,664.139
5308,6.69411,,155,,663.995
5309,6.69485,,155,,663.859
5310,6.69559,,155,,663.723
5311,6.69633,,155,,663.587
5312,6.69707,,155,,663.451
5313,6.69781,,156,,663.315
5314,6.69855,,156,,663.179
5315,6.69929,,155,,663.043
5316,6.69986,,157,,662.995
5317,6.70042,,156,,662.956
5318,6.70098,,157,,662.917
5319,6.70153,,157,,662.878
5320,6.70209,,156,,662.839
5321,6.70264,,157,,662.8
5322,6.7032,,156,,662.76
5323,6.70375,,157,,662.721
5324,6.70431,,157,,662.682
5325,6.70486,,156,,662.643
5326,6.70543,,157,,662.434
5327,6.70599,,156,,662.208
5328,6.70655,,158,,661.981
5329,6.70712,,158,,661.754
5330,6.70768,,158,,661.528
5331,6.70825,,158,,661.301
5332,6.70881,,158,,661.075
5333,6.70937,,158,,660.848
5334,6.70994,,158,,660.621
5335,6.70999,,158,,660.546
5336,6.71045,,158,,660.617
5337,6.71097,,158,,660.702
5338,6.71148,,158,,660.786
5339,6.71199,,158,,660.871
5340,6.7125,,158,,660.955
5341,6.71301,,158,,661.04
5342,6.71353,,158,,661.124
5343,6.71404,,158,,661.209
5344,6.71455,,158,,661.293
5345,6.71506,,158,,661.378
5346,6.71557,,158,,661.462
5347,6.71655,,158,,661.503
5348,6.71758,,160,,661.538
5349,6.71861,,160,,661.574
5350,6.71964,,160,,661.609
5351,6.72067,,160,,661.645
5352,6.72169,,160,,661.68
5353,6.72275,,160,,662.319
5354,6.7238,,160,,663.02
5355,6.72485,,160,,663.722
5356,6.72591,,160,,664.423
5357,6.72696,,160,,665.125
5358,6.72777,,160,,665.476
5359,6.72855,,160,,665.791
5360,6.72933,,160,,666.106
5361,6.73011,,160,,666.421
5362,6.73089,,160,,666.736
5363,6.73167,,160,,667.051
5364,6.73245,,160,,667.366
5365,6.73326,,160,,667.186
5366,6.73407,,160,,666.956
5367,6.73489,,160,,666.725
5368,6.7357,,160,,666.494
5369,6.73651,,160,,666.264
5370,6.73732,,161,,666.033
5371,6.73814,,160,,665.802
5372,6.73874,,160,,665.768
5373,6.73931,,160,,665.754
5374,6.73989,,161,,665.74
5375,6.74047,,160,,665.726
5376,6.74104,,160,,665.712
5377,6.74162,,161,,665.698
5378,6.7422,,160,,665.684
5379,6.74278,,162,,665.67
5380,6.74335,,162,,665.656
5381,6.74397,,162,,665.586
5382,6.7446,,162,,665.51
5383,6.74522,,162,,665.434
5384,6.74585,,162,,665.358
5385,6.74647,,162,,665.282
5386,6.74709,,162,,665.206
5387,6.74772,,162,,665.13
5388,6.74834,,162,,665.054
5389,6.74897,,162,,664.978
5390,6.74951,,162,,664.887
5391,6.75005,,162,,664.794
5392,6.75059,,162,,664.702
5393,6.75113,,162,,664.609
5394,6.75167,,162,,664.517
5395,6.75221,,162,,664.424
5396,6.75275,,162,,664.332
5397,6.75329,,162,,664.24
5398,6.75382,,162,,664.147
5399,6.75436,,162,,664.055
5400,6.75476,,162,,664.141
5401,6.75514,,162,,664.246
5402,6.75551,,162,,664.35
5403,6.75589,,162,,664.455
5404,6.75664,,162,,664.629
5405,6.75743,,162,,664.81
5406,6.75822,,162,,664.992
5407,6.75901,,162,,665.173
5408,6.7598,,162,,665.354
5409,6.76058,,162,,665.535
5410,6.76137,,162,,665.716
5411,6.76195,,162,,665.688
5412,6.7625,,162,,665.638
5413,6.76305,,162,,665.588
5414,6.7636,,162,,665.537
5415,6.76416,,162,,665.487
5416,6.76471,,162,,665.437
5417,6.76526,,162,,665.386
5418,6.76581,,162,,665.336
5419,6.76637,,162,,665.286
5420,6.76692,,162,,665.236
5421,6.76765,,162,,665.319
5422,6.76841,,162,,665.417
5423,6.76917,,162,,665.515
5424,6.76992,,162,,665.613
5425,6.77068,,162,,665.711
5426,6.77143,,162,,665.809
5427,6.77219,,162,,665.906
5428,6.77299,,162,,666.029
5429,6.7738,,162,,666.153
5430,6.77461,,162,,666.278
5431,6.77542,,162,,666.402
5432,6.77623,,162,,666.527
5433,6.77705,,162,,666.652
5434,6.77786,,162,,666.776
5435,6.77871,,162,,666.984
5436,6.77957,,162,,667.201
5437,6.78042,,162,,667.418
5438,6.78128,,162,,667.635
5439,6.78214,,162,,667.852
5440,6.783,,162,,668.069
5441,6.78422,,162,,668.283
5442,6.78548,,162,,668.496
5443,6.78675,,162,,668.71
5444,6.78801,,162,,668.924
5445,6.78927,,162,,669.137
5446,6.79065,,162,,669.496
5447,6.79204,,162,,669.87
5448,6.79343,,162,,670.245
5449,6.79482,,162,,670.619
5450,6.79613,,162,,670.936
5451,6.79744,,162,,671.247
5452,6.79875,,162,,671.558
5453,6.80005,,162,,671.869
5454,6.80136,,162,,672.181
5455,6.80281,,162,,672.788
5456,6.80427,,162,,673.427
5457,6.80574,,162,,674.066
5458,6.8072,,162,,674.704
5459,6.80826,,162,,674.744
5460,6.80927,,162,,674.72
5461,6.81028,,162,,674.697
5462,6.81129,,162,,674.674
5463,6.8123,,162,,674.65
5464,6.81335,,162,,674.819
5465,6.8144,,162,,675.007
5466,6.81545,,162,,675.195
5467,6.8165,,162,,675.384
5468,6.81755,,162,,675.572
5469,6.81877,,162,,675.745
5470,6.82001,,162,,675.916
5471,6.82125,,162,,676.087
5472,6.82249,,162,,676.258
5473,6.82373,,162,,676.429
5474,6.82501,,162,,676.685
5475,6.82629,,162,,676.95
5476,6.82757,,162,,677.216
5477,6.82885,,162,,677.481
5478,6.82995,,162,,677.687
5479,6.83104,,162,,677.887
5480,6.83213,,162,,678.087
5481,6.83322,,162,,678.287
5482,6.83431,,162,,678.487
5483,6.83506,,162,,678.814
5484,6.83578,,162,,679.155
5485,6.83649,,162,,679.496
5486,6.83721,,160,,679.836
5487,6.83792,,161,,680.177
5488,6.83864,,160,,680.518
5489,6.83936,,160,,680.859
5490,6.84017,,160,,680.843
5491,6.841,,160,,680.791
5492,6.84182,,160,,680.739
5493,6.84265,,160,,680.686
5494,6.84348,,160,,680.634
5495,6.8443,,158,,680.582
5496,6.84513,,159,,680.529
5497,6.84638,,159,,680.479
5498,6.84768,,158,,680.429
5499,6.84898,,158,,680.379
5500,6.85027,,157,,680.33
5501,6.85178,,156,,680.493
5502,6.85331,,157,,680.68
5503,6.85483,,156,,680.866
5504,6.85636,,155,,681.053
5505,6.85826,,156,,680.872
5506,6.8602,,155,,680.652
5507,6.86214,,155,,680.432
5508,6.86408,,155,,680.552
5509,6.86603,,154,,680.708
5510,6.86797,,154,,680.864
5511,6.87006,,152,,681.109
5512,6.87216,,152,,681.364
5513,6.87427,,152,,681.619
5514,6.8763,,152,,681.672
5515,6.87832,,152,,681.704
5516,6.88035,,151,,681.736
5517,6.88291,,151,,681.857
5518,6.88553,,151,,681.988
5519,6.8879,,150,,681.78
5520,6.89024,,151,,681.535
5521,6.89259,,151,,681.29
5522,6.89523,,149,,680.85
5523,6.89791,,149,,680.39
5524,6.90028,,148,,680.244
5525,6.90262,,148,,680.132
5526,6.90497,,148,,680.02
5527,6.907,,148,,679.824
5528,6.90899,,148,,679.618
5529,6.91098,,146,,679.412
5530,6.9127,,146,,679.336
5531,6.91438,,146,,679.275
5532,6.91606,,145,,679.213
5533,6.91774,,145,,679.152
5534,6.92017,,144,,678.972
5535,6.92267,,144,,678.779
5536,6.92623,,144,,678.312
5537,6.9299,,141,,677.815
5538,6.93303,,141,,677.448
5539,6.9361,,139,,677.094
5540,6.93864,,140,,676.619
5541,6.94112,,139,,676.131
5542,6.94361,,140,,675.642
5543,6.94667,,141,,675.627
5544,6.9498,,142,,675.664
5545,6.95254,,144,,675.522
5546,6.95525,,144,,675.362
5547,6.95784,,144,,675.361
5548,6.96042,,144,,675.378
5549,6.96267,,145,,675.245
5550,6.96488,,145,,675.095
5551,6.96709,,145,,674.945
5552,6.96965,,145,,674.185
5553,6.97225,,145,,673.358
5554,6.97446,,145,,672.699
5555,6.97664,,145,,672.058
5556,6.97881,,145,,671.418
5557,6.98139,,145,,670.954
5558,6.98401,,145,,670.51
5559,6.98614,,144,,669.797
5560,6.98821,,144,,669.056
5561,6.99028,,144,,668.314
5562,6.99201,,144,,667.761
5563,6.9937,,142,,667.228
5564,6.9954,,142,,666.694
5565,6.99709,,143,,666.161
5566,6.99931,,143,,665.628
5567,7.00159,,142,,665.094
5568,7.00387,,142,,664.561
5569,7.00572,,144,,664.19
5570,7.00753,,144,,663.836
5571,7.00933,,144,,663.483
5572,7.0104,,144,,663.254
5573,7.01139,,144,,663.039
5574,7.01238,,142,,662.824
5575,7.01337,,142,,662.609
5576,7.01437,,142,,662.394
5577,7.01536,,142,,662.179
5578,7.01731,,142,,662.226
5579,7.01937,,142,,662.301
5580,7.02143,,144,,662.377
5581,7.022,,144,,662.005
5582,7.0224,,142,,661.584
5583,7.02342,,140,,661.213
5584,7.0245,,140,,660.848
5585,7.02558,,140,,660.482
5586,7.02667,,142,,660.117
5587,7.02775,,142,,659.751
5588,7.02871,,144,,659.69
5589,7.02967,,144,,659.661
5590,7.03062,,144,,659.632
5591,7.03157,,144,,659.604
5592,7.03252,,144,,659.575
5593,7.03348,,144,,659.546
5594,7.03499,,144,,659.539
5595,7.03656,,144,,659.534
5596,7.03813,,144,,659.529
5597,7.03971,,144,,659.524
5598,7.04177,,144,,659.561
5599,7.04389,,144,,659.602
5600,7.04602,,145,,659.643
5601,7.04803,,145,,659.645
5602,7.05004,,145,,659.643
5603,7.05204,,145,,659.641
5604,7.05375,,145,,659.51
5605,7.05542,,146,,659.366
5606,7.05709,,146,,659.222
5607,7.05844,,147,,658.996
5608,7.05975,,147,,658.761
5609,7.06106,,148,,658.526
5610,7.06237,,148,,658.292
5611,7.06369,,148,,658.057
5612,7.06576,,148,,657.691
5613,7.06791,,148,,657.311
5614,7.07006,,148,,656.931
5615,7.07196,,148,,656.379
5616,7.07383,,148,,655.807
5617,7.07571,,148,,655.236
5618,7.07703,,149,,654.904
5619,7.07829,,149,,654.598
5620,7.07956,,150,,654.293
5621,7.08082,,150,,653.987
5622,7.08166,,149,,653.499
5623,7.08246,,149,,652.991
5624,7.08325,,148,,652.483
5625,7.08405,,148,,651.975
5626,7.08484,,148,,651.467
5627,7.08564,,148,,650.959
5628,7.08644,,148,,650.451
5629,7.08774,,148,,650.376
5630,7.08911,,148,,650.348
5631,7.09047,,148,,650.32
5632,7.09183,,145,,650.292
5633,7.09299,,145,,650.067
5634,7.09413,,145,,649.819
5635,7.09527,,145,,649.572
5636,7.09641,,145,,649.325
5637,7.09754,,145,,649.077
5638,7.09904,,145,,648.797
5639,7.10057,,144,,648.513
5640,7.1021,,144,,648.229
5641,7.10363,,142,,647.945
5642,7.10566,,142,,647.6
5643,7.10775,,142,,647.249
5644,7.10983,,142,,646.898
5645,7.11174,,142,,646.645
5646,7.11362,,142,,646.404
5647,7.11551,,144,,646.162
5648,7.11693,,144,,645.772
5649,7.11831,,142,,645.366
5650,7.11968,,142,,644.961
5651,7.12105,,142,,644.555
5652,7.12285,,142,,644.109
5653,7.12469,,142,,643.658
5654,7.12654,,142,,643.208
5655,7.12803,,142,,642.796
5656,7.12947,,142,,642.389
5657,7.13092,,142,,641.981
5658,7.13237,,142,,641.573
5659,7.13328,,142,,641.346
5660,7.13414,,142,,641.139
5661,7.13499,,142,,640.931
5662,7.13585,,142,,640.724
5663,7.1367,,142,,640.517
5664,7.13755,,142,,640.309
5665,7.1388,,142,,640.008
5666,7.1401,,142,,639.696
5667,7.14139,,142,,639.385
5668,7.14268,,142,,639.073
5669,7.14399,,142,,638.928
5670,7.1453,,142,,638.8
5671,7.14661,,142,,638.673
5672,7.14791,,142,,638.545
5673,7.14926,,144,,638.489
5674,7.15062,,144,,638.44
5675,7.15197,,144,,638.391
5676,7.15332,,144,,638.342
5677,7.15465,,144,,638.175
5678,7.15597,,144,,637.994
5679,7.1573,,144,,637.814
5680,7.15863,,144,,637.633
5681,7.15995,,144,,637.453
5682,7.16164,,144,,637.409
5683,7.16336,,144,,637.38
5684,7.16508,,144,,637.351
5685,7.16757,,144,,637.464
5686,7.17015,,144,,637.593
5687,7.17273,,144,,637.722
5688,7.17511,,144,,637.599
5689,7.17746,,144,,637.448
5690,7.17982,,145,,637.298
5691,7.18235,,145,,637.123
5692,7.1849,,145,,636.944
5693,7.18754,,146,,636.894
5694,7.19019,,146,,636.857
5695,7.1924,,146,,636.978
5696,7.19457,,148,,637.115
5697,7.19674,,148,,637.252
5698,7.19867,,148,,637.204
5699,7.20058,,148,,637.136
5700,7.20249,,148,,637.069
5701,7.20519,,148,,636.851
5702,7.20798,,149,,636.617
5703,7.21036,,149,,636.186
5704,7.2127,,149,,635.733
5705,7.21503,,150,,635.28
5706,7.21684,,151,,634.984
5707,7.2186,,151,,634.705
5708,7.22036,,151,,634.426
5709,7.22175,,151,,634.221
5710,7.2231,,151,,634.024
5711,7.22445,,151,,633.826
5712,7.22581,,152,,633.629
5713,7.22636,,152,,633.273
5714,7.22682,,152,,632.901
5715,7.22729,,152,,632.528
5716,7.22776,,152,,632.155
5717,7.22822,,152,,631.782
5718,7.22869,,154,,631.409
5719,7.22916,,154,,631.036
5720,7.22962,,154,,630.663
5721,7.23009,,154,,630.29
5722,7.23055,,154,,629.917
5723,7.23102,,154,,629.544
5724,7.23248,,154,,629.306
5725,7.23404,,154,,629.082
5726,7.23561,,154,,628.858
5727,7.23717,,154,,628.633
5728,7.24003,,152,,628.336
5729,7.24303,,152,,628.031
5730,7.24598,,152,,627.816
5731,7.24892,,152,,627.611
5732,7.25127,,152,,627.506
5733,7.25355,,151,,627.412
5734,7.25583,,151,,627.318
5735,7.25771,,151,,626.988
5736,7.25954,,150,,626.633
5737,7.26138,,151,,626.278
5738,7.26332,,150,,626.19
5739,7.26528,,151,,626.131
5740,7.26724,,149,,626.073
5741,7.26812,,149,,625.699
5742,7.26888,,148,,625.29
5743,7.26964,,148,,624.882
5744,7.27041,,148,,624.474
5745,7.27117,,148,,624.066
5746,7.27193,,146,,623.657
5747,7.2727,,145,,623.249
5748,7.27531,,145,,622.907
5749,7.27812,,145,,622.571
5750,7.28093,,145,,622.236
5751,7.28321,,144,,621.842
5752,7.28542,,144,,621.441
5753,7.28763,,144,,621.04
5754,7.28913,,144,,620.693
5755,7.29055,,144,,620.351
5756,7.29196,,144,,620.01
5757,7.29338,,144,,619.669
5758,7.29437,,144,,619.309
5759,7.29531,,144,,618.947
5760,7.29624,,144,,618.586
5761,7.29718,,142,,618.224
5762,7.29812,,142,,617.862
5763,7.29906,,142,,617.5
5764,7.3,,142,,617.138
5765,7.30111,,141,,616.677
5766,7.30224,,141,,616.204
5767,7.30338,,142,,615.732
5768,7.30451,,140,,615.259
5769,7.30565,,140,,614.787
5770,7.30669,,140,,614.457
5771,7.30772,,140,,614.143
5772,7.30875,,140,,613.829
5773,7.30978,,139,,613.515
5774,7.31081,,140,,613.2
5775,7.31185,,139,,612.672
5776,7.3129,,139,,612.12
5777,7.31394,,140,,611.569
5778,7.31498,,140,,611.017
5779,7.31603,,140,,610.465
5780,7.31699,,140,,610.112
5781,7.31794,,140,,609.78
5782,7.31888,,140,,609.448
5783,7.31983,,140,,609.116
5784,7.32078,,140,,608.784
5785,7.32173,,140,,608.452
5786,7.32282,,140,,608.025
5787,7.32391,,139,,607.586
5788,7.32501,,139,,607.148
5789,7.32611,,140,,606.71
5790,7.3272,,139,,606.272
5791,7.32825,,139,,606.067
5792,7.32928,,139,,605.888
5793,7.33032,,139,,605.708
5794,7.33135,,139,,605.529
5795,7.33239,,140,,605.349
5796,7.33343,,140,,605.17
5797,7.33471,,140,,605.031
5798,7.33601,,140,,604.897
5799,7.33732,,140,,604.763
5800,7.33863,,140,,604.628
5801,7.34034,,140,,604.297
5802,7.34209,,139,,603.945
5803,7.34385,,139,,603.592
5804,7.34588,,140,,603.334
5805,7.34795,,140,,603.085
5806,7.35002,,140,,602.837
5807,7.35217,,141,,602.624
5808,7.35432,,141,,602.415
5809,7.35647,,142,,602.205
5810,7.35853,,142,,602.145
5811,7.36058,,142,,602.101
5812,7.36263,,142,,602.056
5813,7.36449,,142,,601.9
5814,7.36633,,142,,601.732
5815,7.36817,,142,,601.564
5816,7.36965,,142,,601.307
5817,7.37108,,142,,601.04
5818,7.37251,,143,,600.772
5819,7.37395,,143,,600.505
5820,7.37567,,144,,600.187
5821,7.37742,,144,,599.863
5822,7.37917,,144,,599.539
5823,7.38092,,144,,599.215
5824,7.38242,,144,,599.249
5825,7.38389,,144,,599.322
5826,7.38535,,144,,599.396
5827,7.38682,,144,,599.469
5828,7.38839,,144,,599.417
5829,7.38997,,144,,599.352
5830,7.39154,,144,,599.287
5831,7.39312,,144,,599.222
5832,7.39431,,145,,598.94
5833,7.39547,,145,,598.635
5834,7.39662,,146,,598.33
5835,7.39777,,148,,598.025
5836,7.39892,,148,,597.72
5837,7.40024,,148,,597.695
5838,7.40157,,148,,597.699
5839,7.40291,,148,,597.704
5840,7.40424,,149,,597.708
5841,7.40557,,149,,597.713
5842,7.40671,,149,,597.497
5843,7.40783,,151,,597.258
5844,7.40894,,150,,597.018
5845,7.41005,,151,,596.779
5846,7.41117,,150,,596.539
5847,7.41269,,151,,596.492
5848,7.41426,,150,,596.467
5849,7.41583,,151,,596.441
5850,7.4174,,149,,596.416
5851,7.41889,,149,,596.338
5852,7.42037,,149,,596.253
5853,7.42185,,149,,596.169
5854,7.42333,,148,,596.085
5855,7.42456,,148,,595.538
5856,7.42577,,148,,594.94
5857,7.42697,,148,,594.343
5858,7.42817,,148,,593.745
5859,7.42937,,148,,593.147
5860,7.43044,,149,,592.695
5861,7.43149,,149,,592.259
5862,7.43255,,150,,591.822
5863,7.4336,,151,,591.385
5864,7.43465,,151,,590.949
5865,7.43601,,151,,590.421
5866,7.43741,,152,,589.883
5867,7.4388,,152,,589.345
5868,7.44019,,152,,588.807
5869,7.4419,,152,,588.447
5870,7.44365,,154,,588.107
5871,7.4454,,154,,587.767
5872,7.44678,,154,,587.494
5873,7.44812,,154,,587.229
5874,7.44947,,152,,586.964
5875,7.45081,,152,,586.699
5876,7.45241,,152,,586.494
5877,7.45404,,151,,586.296
5878,7.45567,,151,,586.098
5879,7.45731,,151,,585.9
5880,7.45913,,151,,585.731
5881,7.46098,,151,,585.564
5882,7.46282,,151,,585.398
5883,7.46457,,150,,585.003
5884,7.4663,,151,,584.583
5885,7.46804,,149,,584.163
5886,7.46977,,149,,583.743
5887,7.47157,,149,,583.465
5888,7.47337,,148,,583.202
5889,7.47517,,148,,582.94
5890,7.47682,,148,,582.806
5891,7.47844,,148,,582.687
5892,7.48007,,148,,582.568
5893,7.4817,,146,,582.448
5894,7.48329,,146,,581.986
5895,7.48487,,146,,581.487
5896,7.48645,,145,,580.987
5897,7.48803,,145,,580.488
5898,7.49012,,144,,580.637
5899,7.49227,,144,,580.857
5900,7.49442,,144,,581.077
5901,7.49696,,144,,581.195
5902,7.49954,,142,,581.301
5903,7.50167,,142,,580.885
5904,7.50375,,142,,580.411
5905,7.50583,,142,,579.938
5906,7.50745,,142,,579.819
5907,7.50903,,141,,579.738
5908,7.51061,,140,,579.657
5909,7.51218,,140,,579.576
5910,7.51434,,140,,579.527
5911,7.51656,,140,,579.482
5912,7.51877,,140,,579.436
5913,7.52058,,140,,579.265
5914,7.52233,,140,,579.08
5915,7.52409,,142,,578.895
5916,7.5266,,141,,578.804
5917,7.52919,,142,,578.723
5918,7.53142,,142,,578.566
5919,7.53361,,142,,578.4
5920,7.5358,,144,,578.235
5921,7.53762,,144,,578.109
5922,7.5394,,144,,577.987
5923,7.54118,,144,,577.865
5924,7.54305,,144,,577.608
5925,7.54493,,144,,577.336
5926,7.54681,,144,,577.065
5927,7.54895,,144,,576.799
5928,7.55111,,145,,576.534
5929,7.55328,,145,,576.269
5930,7.55596,,145,,576.1
5931,7.55869,,144,,575.941
5932,7.56109,,144,,575.867
5933,7.56346,,144,,575.803
5934,7.56583,,144,,575.739
5935,7.56769,,144,,575.589
5936,7.5695,,144,,575.43
5937,7.57131,,144,,575.271
5938,7.57234,,144,,575.06
5939,7.57329,,144,,574.843
5940,7.57423,,144,,574.626
5941,7.57518,,144,,574.409
5942,7.57612,,144,,574.192
5943,7.57706,,144,,573.975
5944,7.57915,,144,,573.761
5945,7.58136,,144,,573.548
5946,7.58358,,144,,573.335
5947,7.58574,,144,,573.002
5948,7.5879,,144,,572.655
5949,7.59006,,144,,572.308
5950,7.59217,,144,,571.808
5951,7.59427,,144,,571.29
5952,7.59637,,144,,570.773
5953,7.59782,,144,,570.649
5954,7.5992,,144,,570.57
5955,7.60058,,145,,570.49
5956,7.60195,,145,,570.41
5957,7.60274,,146,,570.424
5958,7.60346,,146,,570.448
5959,7.60417,,146,,570.473
5960,7.60489,,146,,570.497
5961,7.60561,,147,,570.522
5962,7.60633,,147,,570.546
5963,7.60705,,148,,570.57
5964,7.60832,,148,,570.245
5965,7.60965,,148,,569.881
5966,7.61099,,148,,569.517
5967,7.61232,,148,,569.153
5968,7.61366,,147,,568.789
5969,7.61536,,147,,568.601
5970,7.6171,,148,,568.433
5971,7.61885,,148,,568.266
5972,7.62059,,148,,568.098
5973,7.62291,,148,,567.987
5974,7.62529,,148,,567.883
5975,7.62767,,147,,567.779
5976,7.63,,147,,567.824
5977,7.63232,,148,,567.885
5978,7.63464,,148,,567.947
5979,7.63668,,146,,567.81
5980,7.63868,,146,,567.65
5981,7.64069,,147,,567.49
5982,7.6428,,147,,567.383
5983,7.64493,,148,,567.283
5984,7.64705,,148,,567.183
5985,7.64911,,148,,567.148
5986,7.65117,,148,,567.121
5987,7.65323,,148,,567.094
5988,7.6554,,148,,566.945
5989,7.65759,,148,,566.782
5990,7.65978,,148,,566.619
5991,7.66177,,148,,566.448
5992,7.66374,,148,,566.277
5993,7.66571,,149,,566.105
5994,7.66798,,149,,565.878
5995,7.67027,,149,,565.644
5996,7.67257,,148,,565.411
5997,7.67505,,148,,565.319
5998,7.67755,,148,,565.244
5999,7.67997,,148,,564.977
6000,7.68239,,148,,564.687
6001,7.68481,,148,,564.398
6002,7.68758,,148,,564.069
6003,7.69039,,148,,563.736
6004,7.69276,,148,,563.553
6005,7.69508,,148,,563.386
6006,7.69739,,148,,563.219
6007,7.69962,,148,,562.798
6008,7.70183,,148,,562.349
6009,7.70404,,148,,561.901
6010,7.7061,,148,,561.78
6011,7.70813,,148,,561.697
6012,7.71017,,148,,561.613
6013,7.7122,,148,,561.303
6014,7.71424,,148,,560.967
6015,7.71627,,148,,560.631
6016,7.71887,,148,,560.493
6017,7.72152,,148,,560.377
6018,7.7239,,148,,560.214
6019,7.72624,,148,,560.045
6020,7.72859,,148,,559.877
6021,7.73055,,148,,559.448
6022,7.73248,,148,,558.99
6023,7.7344,,146,,558.532
6024,7.73634,,146,,558.341
6025,7.73829,,146,,558.179
6026,7.74023,,146,,558.017
6027,7.74224,,146,,557.772
6028,7.74427,,144,,557.517
6029,7.74629,,144,,557.262
6030,7.74823,,144,,557.013
6031,7.75016,,144,,556.764
6032,7.75209,,144,,556.516
6033,7.75419,,142,,556.165
6034,7.75629,,142,,555.803
6035,7.7584,,142,,555.441
6036,7.76053,,142,,555.112
6037,7.76266,,142,,554.787
6038,7.76478,,141,,554.462
6039,7.76709,,141,,553.893
6040,7.76942,,142,,553.296
6041,7.77175,,142,,552.698
6042,7.77399,,142,,552.247
6043,7.77621,,144,,551.813
6044,7.77843,,144,,551.378
6045,7.78053,,144,,551.081
6046,7.78262,,144,,550.799
6047,7.78472,,144,,550.517
6048,7.78741,,145,,550.135
6049,7.79016,,145,,549.741
6050,7.79275,,145,,549.384
6051,7.79532,,145,,549.03
6052,7.79734,,145,,549.009
6053,7.79929,,145,,549.025
6054,7.80124,,145,,549.041
6055,7.80312,,146,,548.647
6056,7.80499,,146,,548.206
6057,7.80686,,146,,547.765
6058,7.80899,,145,,547.631
6059,7.81114,,145,,547.532
6060,7.8133,,145,,547.433
6061,7.81524,,145,,547.296
6062,7.81715,,145,,547.155
6063,7.81907,,145,,547.014
6064,7.82091,,145,,546.907
6065,7.82274,,145,,546.804
6066,7.82458,,145,,546.702
6067,7.8264,,145,,546.461
6068,7.82823,,145,,546.204
6069,7.83005,,145,,545.947
6070,7.83174,,145,,545.854
6071,7.8334,,145,,545.78
6072,7.83507,,145,,545.706
6073,7.83628,,144,,545.754
6074,7.83743,,144,,545.815
6075,7.83858,,144,,545.877
6076,7.83973,,145,,545.938
6077,7.84088,,145,,546
6078,7.84201,,145,,545.969
6079,7.84313,,145,,545.927
6080,7.84424,,144,,545.885
6081,7.84536,,144,,545.843
6082,7.84648,,144,,545.802
6083,7.84799,,144,,545.84
6084,7.84953,,144,,545.887
6085,7.85108,,144,,545.934
6086,7.85263,,144,,545.981
6087,7.85379,,144,,545.915
6088,7.85492,,144,,545.836
6089,7.85604,,144,,545.757
6090,7.85716,,144,,545.678
6091,7.85828,,144,,545.6
6092,7.86018,,144,,545.201
6093,7.86216,,142,,544.766
6094,7.86414,,142,,544.331
6095,7.8666,,142,,543.532
6096,7.86911,,142,,542.692
6097,7.87122,,142,,542.312
6098,7.87329,,142,,541.983
6099,7.87536,,144,,541.654
6100,7.87716,,144,,541.197
6101,7.87893,,144,,540.726
6102,7.88071,,144,,540.256
6103,7.88283,,144,,539.824
6104,7.885,,144,,539.397
6105,7.88716,,144,,538.97
6106,7.8893,,144,,538.62
6107,7.89144,,144,,538.278
6108,7.89358,,144,,537.937
6109,7.89601,,144,,537.662
6110,7.89847,,144,,537.396
6111,7.90094,,144,,537.129
6112,7.9027,,144,,536.809
6113,7.90439,,144,,536.483
6114,7.90607,,144,,536.156
6115,7.90822,,144,,535.718
6116,7.91043,,145,,535.267
6117,7.91263,,145,,534.816
6118,7.91476,,145,,534.432
6119,7.91688,,145,,534.056
6120,7.919,,145,,533.679
6121,7.92124,,145,,533.428
6122,7.92349,,145,,533.191
6123,7.92574,,145,,532.953
6124,7.92799,,145,,532.944
6125,7.93025,,145,,532.961
6126,7.9325,,145,,532.978
6127,7.93463,,144,,532.73
6128,7.93676,,144,,532.453
6129,7.93888,,144,,532.175
6130,7.94091,,144,,532.015
6131,7.94292,,144,,531.868
6132,7.94494,,145,,531.722
6133,7.94714,,145,,531.097
6134,7.94935,,145,,530.417
6135,7.95156,,145,,529.738
6136,7.9537,,146,,529.392
6137,7.95582,,146,,529.082
6138,7.95795,,146,,528.773
6139,7.9601,,146,,528.4
6140,7.96226,,148,,528.02
6141,7.96442,,148,,527.639
6142,7.96684,,148,,527.353
6143,7.9693,,148,,527.077
6144,7.97175,,148,,526.802
6145,7.9745,,148,,526.768
6146,7.97727,,148,,526.761
6147,7.98022,,148,,526.663
6148,7.98319,,148,,526.555
6149,7.98582,,148,,526.407
6150,7.98841,,148,,526.255
6151,7.99052,,148,,525.766
6152,7.99257,,148,,525.239
6153,7.99463,,148,,524.713
6154,7.99652,,146,,524.067
6155,7.9984,,146,,523.408
6156,8.00027,,146,,522.749
6157,8.00218,,146,,522.417
6158,8.00408,,146,,522.122
6159,8.00599,,146,,521.827
6160,8.00797,,146,,521.508
6161,8.00995,,146,,521.187
6162,8.01193,,146,,520.866
6163,8.0139,,146,,520.485
6164,8.01587,,146,,520.097
6165,8.01783,,146,,519.709
6166,8.02014,,146,,519.299
6167,8.02248,,146,,518.887
6168,8.02482,,146,,518.474
6169,8.02686,,146,,518.259
6170,8.02887,,146,,518.066
6171,8.03088,,146,,517.873
6172,8.0325,,146,,517.713
6173,8.03407,,146,,517.556
6174,8.03565,,146,,517.4
6175,8.03723,,146,,517.243
6176,8.03855,,146,,516.961
6177,8.03984,,146,,516.665
6178,8.04113,,146,,516.368
6179,8.04242,,146,,516.072
6180,8.04418,,146,,516.006
6181,8.046,,146,,515.967
6182,8.04782,,146,,515.927
6183,8.04999,,146,,515.682
6184,8.0522,,146,,515.414
6185,8.05441,,146,,515.145
6186,8.0556,,146,,514.773
6187,8.05667,,145,,514.39
6188,8.05775,,145,,514.007
6189,8.05882,,145,,513.623
6190,8.0599,,145,,513.24
6191,8.06092,,145,,513.154
6192,8.06193,,145,,513.102
6193,8.06294,,145,,513.05
6194,8.06396,,145,,512.999
6195,8.06497,,145,,512.947
6196,8.06598,,145,,512.895
6197,8.06742,,146,,512.533
6198,8.0689,,146,,512.137
6199,8.07038,,148,,511.74
6200,8.07186,,148,,511.343
6201,8.0739,,148,,511.135
6202,8.07601,,148,,510.949
6203,8.07811,,148,,510.763
6204,8.08039,,148,,510.784
6205,8.08268,,148,,510.829
6206,8.08497,,148,,510.874
6207,8.08705,,148,,511.059
6208,8.08911,,148,,511.261
6209,8.09116,,148,,511.462
6210,8.09339,,148,,511.344
6211,8.09564,,148,,511.189
6212,8.09789,,148,,511.034
6213,8.0998,,148,,510.686
6214,8.10166,,148,,510.315
6215,8.10353,,148,,509.945
6216,8.10523,,148,,510.018
6217,8.10692,,148,,510.14
6218,8.1086,,148,,510.262
6219,8.1103,,148,,510.107
6220,8.11201,,148,,509.921
6221,8.11372,,148,,509.734
6222,8.11552,,148,,509.32
6223,8.11735,,148,,508.88
6224,8.11917,,148,,508.44
6225,8.12113,,148,,508.11
6226,8.12311,,148,,507.792
6227,8.1251,,146,,507.474
6228,8.12708,,146,,507.409
6229,8.12906,,146,,507.374
6230,8.13105,,146,,507.338
6231,8.13379,,148,,507.199
6232,8.13662,,148,,507.048
6233,8.13891,,148,,506.838
6234,8.14115,,148,,506.622
6235,8.14338,,148,,506.406
6236,8.14601,,148,,506.501
6237,8.14868,,148,,506.632
6238,8.15098,,148,,506.6
6239,8.15325,,149,,506.549
6240,8.15551,,149,,506.499
6241,8.15701,,149,,506.556
6242,8.15842,,150,,506.625
6243,8.15984,,151,,506.694
6244,8.16125,,151,,506.763
6245,8.16228,,151,,506.755
6246,8.16326,,151,,506.738
6247,8.16424,,151,,506.72
6248,8.16522,,151,,506.703
6249,8.16621,,151,,506.686
6250,8.16719,,151,,506.669
6251,8.16889,,151,,506.579
6252,8.17068,,151,,506.481
6253,8.17246,,151,,506.383
6254,8.17416,,151,,506.291
6255,8.17585,,151,,506.2
6256,8.17755,,151,,506.109
6257,8.17971,,151,,506.082
6258,8.18193,,151,,506.062
6259,8.18415,,151,,506.042
6260,8.18666,,151,,505.856
6261,8.1892,,150,,505.65
6262,8.19173,,150,,505.445
6263,8.19437,,150,,505.334
6264,8.19702,,151,,505.233
6265,8.19969,,150,,504.951
6266,8.20236,,151,,504.648
6267,8.20447,,150,,504.34
6268,8.20651,,151,,504.032
6269,8.20856,,150,,503.724
6270,8.21095,,151,,503.271
6271,8.21339,,151,,502.801
6272,8.21582,,151,,502.331
6273,8.21809,,151,,502.153
6274,8.22034,,151,,502.008
6275,8.22258,,151,,501.863
6276,8.22437,,151,,501.238
6277,8.2261,,151,,500.559
6278,8.22783,,151,,499.879
6279,8.23024,,152,,499.394
6280,8.23272,,152,,498.93
6281,8.23521,,151,,498.466
6282,8.2378,,151,,498.318
6283,8.2404,,151,,498.206
6284,8.24267,,151,,497.936
6285,8.24491,,151,,497.647
6286,8.24715,,150,,497.359
6287,8.25003,,151,,496.939
6288,8.25298,,150,,496.504
6289,8.25567,,149,,495.997
6290,8.25834,,149,,495.482
6291,8.26076,,149,,495.432
6292,8.26315,,148,,495.434
6293,8.26555,,148,,495.436
6294,8.26762,,148,,495.523
6295,8.26966,,148,,495.618
6296,8.27169,,148,,495.714
6297,8.27359,,148,,495.461
6298,8.27548,,148,,495.169
6299,8.27736,,148,,494.877
6300,8.2791,,148,,494.576
6301,8.28083,,148,,494.274
6302,8.28255,,148,,493.972
6303,8.28445,,148,,493.874
6304,8.28637,,148,,493.798
6305,8.28829,,148,,493.723
6306,8.29044,,148,,493.78
6307,8.2926,,148,,493.853
6308,8.29477,,148,,493.926
6309,8.29707,,148,,493.961
6310,8.29938,,148,,493.991
6311,8.30169,,148,,494.021
6312,8.30555,,148,,494.185
6313,8.30957,,148,,494.364
6314,8.31462,,148,,494.366
6315,8.32024,,148,,494.556
6316,8.32545,,148,,494.849
6317,8.32861,,148,,494.874
6318,8.33154,,147,,494.867
6319,8.33367,,147,,494.816
6320,8.33571,,148,,494.76
6321,8.33774,,148,,494.704
6322,8.34039,,148,,494.659
6323,8.34309,,148,,494.615
6324,8.3458,,148,,494.572
6325,8.34926,,148,,494.383
6326,8.35281,,148,,494.177
6327,8.35503,,148,,494.03
6328,8.35711,,148,,493.889
6329,8.35918,,148,,493.748
6330,8.36175,,148,,493.819
6331,8.36438,,148,,493.915
6332,8.36692,,148,,493.767
6333,8.36945,,148,,493.591
6334,8.37198,,148,,493.416
6335,8.37527,,148,,493.325
6336,8.37864,,148,,493.245
6337,8.3819,,148,,493.367
6338,8.38515,,147,,493.513
6339,8.38815,,147,,493.369
6340,8.39112,,148,,493.192
6341,8.39381,,148,,493.061
6342,8.39647,,148,,492.937
6343,8.39896,,148,,492.755
6344,8.40144,,148,,492.567
6345,8.40392,,148,,492.379
6346,8.40662,,148,,492.249
6347,8.40935,,148,,492.127
6348,8.41209,,148,,492.045
6349,8.41483,,148,,491.967
6350,8.41733,,148,,491.918
6351,8.41981,,148,,491.872
6352,8.42229,,148,,491.826
6353,8.42483,,148,,491.842
6354,8.42737,,148,,491.866
6355,8.42999,,146,,491.787
6356,8.43262,,146,,491.696
6357,8.43516,,145,,491.818
6358,8.43768,,145,,491.964
6359,8.43972,,145,,491.886
6360,8.4417,,145,,491.782
6361,8.44369,,145,,491.678
6362,8.44545,,145,,491.665
6363,8.44719,,145,,491.661
6364,8.44892,,145,,491.658
6365,8.45066,,145,,491.654
6366,8.45277,,145,,491.507
6367,8.45493,,145,,491.343
6368,8.45708,,145,,491.179
6369,8.45901,,145,,491.208
6370,8.4609,,145,,491.26
6371,8.46279,,145,,491.312
6372,8.46401,,145,,491.294
6373,8.46515,,145,,491.267
6374,8.46629,,145,,491.24
6375,8.46743,,145,,491.213
6376,8.46856,,145,,491.187
6377,8.47073,,145,,491.139
6378,8.47302,,146,,491.089
6379,8.47531,,146,,491.039
6380,8.47786,,147,,490.931
6381,8.48044,,147,,490.816
6382,8.48275,,146,,490.829
6383,8.48503,,146,,490.856
6384,8.48731,,148,,490.883
6385,8.48848,,148,,491.003
6386,8.48952,,148,,491.133
6387,8.49056,,148,,491.263
6388,8.49155,,148,,491.04
6389,8.49253,,146,,490.776
6390,8.49352,,145,,490.512
6391,8.4945,,144,,490.247
6392,8.49549,,144,,489.983
6393,8.49647,,142,,489.718
6394,8.49786,,141,,489.516
6395,8.49929,,142,,489.32
6396,8.50072,,141,,489.125
6397,8.50215,,141,,488.93
6398,8.50441,,142,,488.861
6399,8.50677,,142,,488.807
6400,8.50912,,142,,488.753
6401,8.51178,,142,,488.504
6402,8.51447,,142,,488.232
6403,8.51716,,142,,487.959
6404,8.51995,,144,,487.694
6405,8.52275,,144,,487.43
6406,8.52584,,144,,487.111
6407,8.52895,,144,,486.785
6408,8.5318,,144,,486.664
6409,8.53462,,144,,486.566
6410,8.53725,,144,,486.356
6411,8.53986,,144,,486.132
6412,8.54224,,144,,485.753
6413,8.54459,,144,,485.356
6414,8.54695,,144,,484.96
6415,8.54901,,144,,484.623
6416,8.55104,,144,,484.294
6417,8.55307,,144,,483.965
6418,8.55554,,144,,483.783
6419,8.55805,,144,,483.619
6420,8.56093,,144,,483.536
6421,8.56386,,144,,483.463
6422,8.5672,,144,,482.425
6423,8.57059,,144,,481.273
6424,8.57308,,145,,480.768
6425,8.57545,,145,,480.339
6426,8.57783,,145,,479.91
6427,8.5797,,145,,479.564
6428,8.58152,,145,,479.228
6429,8.58333,,145,,478.892
6430,8.5842,,145,,478.629
6431,8.58496,,145,,478.375
6432,8.58572,,145,,478.122
6433,8.58648,,145,,477.868
6434,8.58724,,145,,477.614
6435,8.588,,145,,477.36
6436,8.58876,,145,,477.107
6437,8.59046,,145,,477.074
6438,8.59227,,145,,477.067
6439,8.59408,,145,,477.06
6440,8.59605,,145,,476.443
6441,8.59803,,145,,475.753
6442,8.60002,,144,,475.064
6443,8.60211,,144,,474.562
6444,8.6042,,144,,474.083
6445,8.60629,,144,,473.604
6446,8.6088,,144,,473.175
6447,8.61136,,145,,472.751
6448,8.61375,,145,,472.43
6449,8.61611,,145,,472.12
6450,8.61848,,145,,471.81
6451,8.62114,,145,,471.176
6452,8.62385,,145,,470.504
6453,8.62519,,145,,470.309
6454,8.62637,,146,,470.17
6455,8.62755,,146,,470.03
6456,8.62873,,146,,469.891
6457,8.62991,,146,,469.752
6458,8.63234,,146,,469.418
6459,8.63492,,146,,469.06
6460,8.63796,,146,,468.413
6461,8.64105,,146,,467.731
6462,8.64352,,146,,467.34
6463,8.64592,,146,,466.982
6464,8.64832,,146,,466.625
6465,8.65098,,146,,466.544
6466,8.65367,,148,,466.497
6467,8.65654,,148,,466.259
6468,8.65943,,148,,465.998
6469,8.66227,,148,,465.758
6470,8.66511,,148,,465.519
6471,8.66811,,147,,465.326
6472,8.67114,,147,,465.137
6473,8.67357,,147,,464.949
6474,8.67594,,148,,464.761
6475,8.6783,,148,,464.573
6476,8.68041,,148,,464.291
6477,8.68249,,148,,463.999
6478,8.68457,,148,,463.706
6479,8.68669,,148,,463.323
6480,8.68882,,148,,462.929
6481,8.69094,,148,,462.535
6482,8.69234,,146,,462.488
6483,8.69366,,146,,462.483
6484,8.69498,,146,,462.477
6485,8.69629,,146,,462.471
6486,8.69874,,146,,462.446
6487,8.70132,,146,,462.419
6488,8.70367,,146,,462.606
6489,8.706,,146,,462.819
6490,8.70833,,146,,463.031
6491,8.70951,,146,,462.696
6492,8.71056,,145,,462.297
6493,8.7116,,145,,461.898
6494,8.71265,,145,,461.499
6495,8.7137,,145,,461.1
6496,8.71475,,145,,460.701
6497,8.71638,,144,,460.427
6498,8.71808,,144,,460.168
6499,8.71978,,144,,459.908
6500,8.72147,,144,,459.649
6501,8.72391,,144,,459.217
6502,8.72643,,144,,458.764
6503,8.72886,,144,,458.512
6504,8.73127,,144,,458.283
6505,8.73369,,144,,458.054
6506,8.73476,,144,,457.882
6507,8.73567,,144,,457.717
6508,8.73658,,144,,457.552
6509,8.73749,,144,,457.387
6510,8.7384,,144,,457.221
6511,8.73931,,144,,457.056
6512,8.74052,,142,,456.774
6513,8.74176,,142,,456.478
6514,8.743,,142,,456.182
6515,8.74424,,142,,455.887
6516,8.74549,,142,,455.591
6517,8.74652,,142,,455.617
6518,8.74753,,142,,455.68
6519,8.74855,,142,,455.744
6520,8.74956,,142,,455.808
6521,8.75057,,142,,455.872
6522,8.75259,,142,,455.599
6523,8.75474,,140,,455.287
6524,8.75688,,140,,454.975
6525,8.75935,,140,,454.848
6526,8.76187,,140,,454.744
6527,8.76269,,140,,454.672
6528,8.7633,,140,,454.604
6529,8.76392,,139,,454.536
6530,8.76516,,139,,454.267
6531,8.76648,,139,,453.973
6532,8.7678,,139,,453.68
6533,8.76912,,139,,453.386
6534,8.77044,,139,,453.093
6535,8.77224,,139,,452.683
6536,8.77409,,139,,452.259
6537,8.77594,,139,,451.835
6538,8.7779,,139,,451.65
6539,8.77986,,139,,451.494
6540,8.78183,,139,,451.337
6541,8.78425,,140,,451.089
6542,8.78672,,140,,450.829
6543,8.78918,,140,,450.569
6544,8.7916,,140,,450.574
6545,8.79401,,140,,450.61
6546,8.79641,,142,,450.647
6547,8.79941,,141,,450.312
6548,8.80248,,142,,449.933
6549,8.80511,,142,,449.627
6550,8.80769,,142,,449.33
6551,8.81013,,142,,448.962
6552,8.81255,,142,,448.587
6553,8.81497,,142,,448.212
6554,8.81766,,142,,447.778
6555,8.82038,,144,,447.338
6556,8.82318,,144,,446.234
6557,8.826,,144,,445.052
6558,8.82893,,144,,444.427
6559,8.83188,,144,,443.869
6560,8.83521,,144,,443.301
6561,8.83858,,144,,442.732
6562,8.84221,,144,,442.434
6563,8.84587,,144,,442.168
6564,8.84879,,144,,441.555
6565,8.85163,,144,,440.901
6566,8.85425,,145,,440.104
6567,8.85684,,145,,439.291
6568,8.85959,,145,,438.738
6569,8.86237,,144,,438.216
6570,8.86459,,144,,437.63
6571,8.86676,,144,,437.037
6572,8.86892,,144,,436.443
6573,8.87122,,144,,435.768
6574,8.87353,,144,,435.083
6575,8.87584,,144,,434.399
6576,8.87846,,144,,433.85
6577,8.88111,,144,,433.318
6578,8.88372,,144,,433.019
6579,8.88633,,144,,432.748
6580,8.88916,,144,,432.723
6581,8.89202,,144,,432.728
6582,8.8941,,145,,432.475
6583,8.89609,,145,,432.193
6584,8.89808,,145,,431.91
6585,8.90072,,146,,431.613
6586,8.90343,,146,,431.315
6587,8.90615,,146,,431.017
6588,8.90916,,148,,430.435
6589,8.91221,,148,,429.819
6590,8.91518,,148,,428.964
6591,8.91815,,148,,428.082
6592,8.92127,,148,,427.678
6593,8.92441,,148,,427.331
6594,8.92707,,148,,426.969
6595,8.92968,,148,,426.605
6596,8.93183,,148,,426.284
6597,8.93392,,148,,425.969
6598,8.93601,,148,,425.653
6599,8.93823,,148,,425.349
6600,8.94047,,148,,425.045
6601,8.94271,,148,,424.742
6602,8.94462,,146,,424.05
6603,8.9465,,146,,423.313
6604,8.94838,,146,,422.575
6605,8.95049,,146,,422.051
6606,8.95263,,146,,421.552
6607,8.95477,,146,,421.053
6608,8.95656,,146,,420.926
6609,8.95831,,146,,420.844
6610,8.96006,,146,,420.761
6611,8.96192,,147,,420.771
6612,8.96379,,147,,420.792
6613,8.96566,,146,,420.812
6614,8.96724,,146,,420.467
6615,8.96878,,146,,420.078
6616,8.97033,,146,,419.689
6617,8.97187,,148,,419.3
6618,8.97405,,148,,418.879
6619,8.9763,,148,,418.455
6620,8.97855,,148,,418.031
6621,8.9806,,148,,417.546
6622,8.98262,,148,,417.054
6623,8.98463,,148,,416.562
6624,8.98639,,148,,416.278
6625,8.98812,,148,,416.019
6626,8.98984,,148,,415.76
6627,8.99157,,148,,415.5
6628,8.99355,,148,,415.361
6629,8.99556,,148,,415.235
6630,8.99757,,148,,415.11
6631,9.00009,,148,,414.215
6632,9.00267,,148,,413.229
6633,9.00496,,148,,412.578
6634,9.00721,,148,,411.967
6635,9.00946,,148,,411.356
6636,9.01104,,148,,410.834
6637,9.01255,,148,,410.322
6638,9.01405,,148,,409.81
6639,9.01555,,148,,409.298
6640,9.01715,,148,,409.2
6641,9.01876,,148,,409.152
6642,9.02037,,148,,409.103
6643,9.02198,,148,,409.055
6644,9.02411,,148,,408.715
6645,9.02631,,148,,408.342
6646,9.0285,,148,,407.968
6647,9.031,,148,,407.696
6648,9.03353,,148,,407.435
6649,9.03585,,148,,407.116
6650,9.03814,,148,,406.789
6651,9.04044,,148,,406.462
6652,9.04234,,148,,406.386
6653,9.04421,,148,,406.34
6654,9.04607,,148,,406.294
6655,9.04801,,146,,406.199
6656,9.04995,,146,,406.099
6657,9.0519,,146,,405.999
6658,9.05364,,146,,405.813
6659,9.05535,,148,,405.618
6660,9.05707,,148,,405.422
6661,9.05926,,148,,405.087
6662,9.06151,,148,,404.736
6663,9.06376,,148,,404.384
6664,9.06585,,148,,404.306
6665,9.06792,,148,,404.261
6666,9.06999,,148,,404.216
6667,9.07238,,148,,403.877
6668,9.0748,,148,,403.502
6669,9.07723,,148,,403.127
6670,9.07981,,148,,402.776
6671,9.08242,,148,,402.428
6672,9.08454,,146,,401.884
6673,9.0866,,145,,401.317
6674,9.08867,,144,,400.75
6675,9.09032,,144,,400.313
6676,9.09192,,144,,399.893
6677,9.09351,,142,,399.472
6678,9.09511,,142,,399.051
6679,9.09679,,144,,398.722
6680,9.09848,,144,,398.403
6681,9.10017,,144,,398.085
6682,9.10238,,144,,397.52
6683,9.10465,,145,,396.926
6684,9.10692,,145,,396.331
6685,9.10913,,145,,396.08
6686,9.11132,,146,,395.869
6687,9.11351,,146,,395.658
6688,9.11561,,146,,395.382
6689,9.1177,,148,,395.1
6690,9.11979,,148,,394.817
6691,9.12223,,148,,394.52
6692,9.12471,,148,,394.221
6693,9.12718,,148,,393.923
6694,9.13002,,148,,393.595
6695,9.13289,,148,,393.263
6696,9.13547,,146,,393.109
6697,9.13801,,146,,392.977
6698,9.13959,,147,,392.786
6699,9.14105,,147,,392.587
6700,9.14251,,145,,392.389
6701,9.14397,,145,,392.191
6702,9.1456,,146,,392.031
6703,9.14724,,146,,391.875
6704,9.14889,,146,,391.719
6705,9.15053,,146,,391.564
6706,9.15269,,146,,391.458
6707,9.1549,,146,,391.359
6708,9.15711,,146,,391.259
6709,9.15936,,146,,390.94
6710,9.16162,,146,,390.594
6711,9.16387,,146,,390.248
6712,9.16681,,148,,390.112
6713,9.16984,,148,,390
6714,9.17256,,148,,389.827
6715,9.17524,,148,,389.646
6716,9.17784,,148,,389.359
6717,9.18042,,148,,389.061
6718,9.18292,,148,,388.963
6719,9.18541,,148,,388.888
6720,9.1879,,148,,388.814
6721,9.19052,,148,,388.775
6722,9.19315,,146,,388.74
6723,9.1958,,146,,388.448
6724,9.19847,,146,,388.126
6725,9.20122,,146,,387.728
6726,9.20397,,146,,387.321
6727,9.20663,,146,,387.003
6728,9.20927,,146,,386.695
6729,9.21154,,146,,386.286
6730,9.21378,,146,,385.866
6731,9.21602,,146,,385.445
6732,9.21877,,146,,385.213
6733,9.22158,,146,,385.003
6734,9.22458,,147,,384.509
6735,9.22761,,147,,383.982
6736,9.23079,,146,,383.779
6737,9.23398,,146,,383.615
6738,9.23705,,146,,383.067
6739,9.2401,,146,,382.474
6740,9.24304,,146,,382.24
6741,9.24598,,148,,382.049
6742,9.24922,,148,,381.885
6743,9.25249,,148,,381.723
6744,9.25542,,148,,381.39
6745,9.2583,,146,,381.036
6746,9.26096,,146,,380.831
6747,9.26359,,146,,380.645
6748,9.26634,,146,,380.224
6749,9.2691,,146,,379.776
6750,9.27202,,145,,379.618
6751,9.27495,,144,,379.495
6752,9.27708,,144,,379.345
6753,9.27912,,144,,379.191
6754,9.28116,,144,,379.038
6755,9.28238,,145,,378.697
6756,9.2835,,145,,378.334
6757,9.28462,,145,,377.97
6758,9.28574,,144,,377.607
6759,9.28686,,144,,377.244
6760,9.28761,,144,,376.994
6761,9.28831,,144,,376.758
6762,9.28901,,144,,376.522
6763,9.28972,,144,,376.286
6764,9.29042,,144,,376.05
6765,9.29112,,144,,375.813
6766,9.29183,,144,,375.577
6767,9.29253,,142,,375.341
6768,9.29358,,142,,375.27
6769,9.29467,,142,,375.219
6770,9.29576,,141,,375.168
6771,9.29686,,141,,375.116
6772,9.29795,,142,,375.065
6773,9.29941,,141,,374.688
6774,9.30092,,142,,374.273
6775,9.30242,,142,,373.857
6776,9.30393,,141,,373.442
6777,9.3057,,142,,372.929
6778,9.30749,,142,,372.404
6779,9.30928,,142,,371.879
6780,9.3113,,142,,371.333
6781,9.31335,,142,,370.785
6782,9.3154,,142,,370.237
6783,9.31743,,142,,369.946
6784,9.31947,,142,,369.686
6785,9.32151,,144,,369.425
6786,9.32399,,144,,368.907
6787,9.32652,,144,,368.358
6788,9.32898,,144,,368.241
6789,9.33143,,144,,368.175
6790,9.33388,,144,,368.108
6791,9.3365,,145,,367.774
6792,9.33915,,145,,367.407
6793,9.34189,,145,,367.318
6794,9.34464,,145,,367.263
6795,9.34686,,145,,367.216
6796,9.34902,,145,,367.169
6797,9.35117,,146,,367.123
6798,9.35328,,146,,367.023
6799,9.35537,,146,,366.916
6800,9.35747,,146,,366.809
6801,9.35964,,146,,366.601
6802,9.36182,,148,,366.381
6803,9.364,,148,,366.161
6804,9.36648,,148,,366.011
6805,9.36899,,148,,365.869
6806,9.37151,,148,,365.727
6807,9.37397,,148,,365.255
6808,9.37643,,148,,364.742
6809,9.37888,,148,,364.23
6810,9.38141,,148,,363.847
6811,9.38395,,148,,363.479
6812,9.3868,,148,,363.156
6813,9.38968,,148,,362.837
6814,9.39269,,148,,362.293
6815,9.39571,,148,,361.72
6816,9.39852,,148,,361.565
6817,9.40131,,149,,361.46
6818,9.40366,,149,,361.238
6819,9.40595,,149,,361.003
6820,9.40824,,149,,360.767
6821,9.41022,,151,,360.742
6822,9.41217,,151,,360.743
6823,9.41411,,151,,360.744
6824,9.41607,,151,,360.927
6825,9.41804,,151,,361.131
6826,9.42001,,151,,361.335
6827,9.42191,,151,,361.314
6828,9.42381,,151,,361.265
6829,9.4257,,151,,361.217
6830,9.42812,,151,,360.86
6831,9.43061,,152,,360.465
6832,9.43311,,152,,360.07
6833,9.43632,,152,,359.855
6834,9.43962,,152,,359.662
6835,9.44301,,152,,359.294
6836,9.44641,,154,,358.904
6837,9.44947,,154,,358.673
6838,9.45248,,154,,358.461
6839,9.45562,,154,,358.078
6840,9.45877,,154,,357.674
6841,9.46181,,154,,357.601
6842,9.46483,,154,,357.568
6843,9.46774,,155,,357.557
6844,9.47063,,155,,357.548
6845,9.47338,,155,,357.158
6846,9.47611,,155,,356.721
6847,9.47962,,155,,356.628
6848,9.48322,,155,,356.577
6849,9.48654,,155,,356.36
6850,9.48983,,155,,356.122
6851,9.49248,,155,,355.572
6852,9.49504,,155,,354.984
6853,9.49766,,155,,354.918
6854,9.50029,,155,,354.915
6855,9.50262,,155,,354.6
6856,9.50491,,155,,354.246
6857,9.5072,,154,,353.893
6858,9.50974,,154,,354.037
6859,9.5123,,154,,354.241
6860,9.5151,,154,,353.969
6861,9.51794,,154,,353.638
6862,9.52067,,152,,353.382
6863,9.52339,,152,,353.136
6864,9.52567,,152,,352.866
6865,9.5279,,152,,352.594
6866,9.53012,,154,,352.322
6867,9.53188,,154,,351.997
6868,9.53358,,154,,351.666
6869,9.53528,,154,,351.335
6870,9.53641,,154,,351.065
6871,9.53748,,154,,350.803
6872,9.53855,,154,,350.541
6873,9.53961,,154,,350.279
6874,9.54068,,154,,350.017
6875,9.54216,,152,,349.829
6876,9.54369,,152,,349.651
6877,9.54522,,152,,349.472
6878,9.54675,,151,,349.294
6879,9.54887,,151,,349.289
6880,9.55107,,151,,349.306
6881,9.55326,,151,,349.322
6882,9.55559,,150,,349.157
6883,9.55794,,151,,348.97
6884,9.56028,,150,,348.783
6885,9.56293,,149,,348.645
6886,9.56561,,149,,348.513
6887,9.56829,,149,,348.381
6888,9.57097,,149,,348.064
6889,9.57365,,149,,347.724
6890,9.5761,,149,,347.365
6891,9.57852,,149,,347.004
6892,9.58094,,149,,346.643
6893,9.58345,,149,,346.43
6894,9.58596,,149,,346.236
6895,9.58866,,149,,346.094
6896,9.59139,,149,,345.959
6897,9.59281,,149,,345.816
6898,9.59407,,149,,345.673
6899,9.59534,,149,,345.529
6900,9.5966,,150,,345.386
6901,9.59753,,151,,345.151
6902,9.59841,,150,,344.906
6903,9.5993,,151,,344.661
6904,9.60019,,149,,344.415
6905,9.60107,,149,,344.17
6906,9.60196,,149,,343.924
6907,9.60285,,149,,343.679
6908,9.60424,,149,,343.522
6909,9.6057,,149,,343.376
6910,9.60715,,150,,343.23
6911,9.60861,,150,,343.084
6912,9.61033,,149,,343.094
6913,9.61208,,149,,343.123
6914,9.61382,,149,,343.152
6915,9.61481,,149,,343.083
6916,9.6157,,149,,343.002
6917,9.61659,,149,,342.921
6918,9.61748,,148,,342.84
6919,9.61836,,148,,342.759
6920,9.61925,,148,,342.678
6921,9.62014,,148,,342.597
6922,9.62253,,148,,342.506
6923,9.62509,,148,,342.413
6924,9.62779,,148,,342.53
6925,9.6305,,146,,342.671
6926,9.63337,,146,,342.715
6927,9.63626,,146,,342.745
6928,9.63884,,146,,342.567
6929,9.64137,,146,,342.363
6930,9.64391,,146,,342.16
6931,9.64676,,146,,342.287
6932,9.64965,,146,,342.455
6933,9.65155,,145,,342.285
6934,9.65332,,145,,342.073
6935,9.65509,,145,,341.862
6936,9.65686,,145,,341.65
6937,9.6593,,145,,341.563
6938,9.66182,,145,,341.492
6939,9.66434,,145,,341.421
6940,9.66738,,145,,341.191
6941,9.67049,,146,,340.941
6942,9.67434,,146,,340.442
6943,9.67827,,146,,339.912
6944,9.68034,,146,,339.518
6945,9.68218,,146,,339.141
6946,9.68403,,146,,338.764
6947,9.68523,,146,,338.641
6948,9.68636,,146,,338.55
6949,9.68749,,146,,338.459
6950,9.68862,,146,,338.367
6951,9.68975,,146,,338.276
6952,9.69214,,146,,338.013
6953,9.69469,,146,,337.729
6954,9.6974,,146,,337.811
6955,9.70012,,146,,337.937
6956,9.70274,,146,,338.063
6957,9.70534,,146,,338.188
6958,9.70802,,147,,338.102
6959,9.71071,,147,,337.99
6960,9.71271,,148,,337.933
6961,9.71464,,148,,337.883
6962,9.71656,,148,,337.833
6963,9.71858,,148,,337.729
6964,9.72061,,148,,337.618
6965,9.72264,,148,,337.507
6966,9.72565,,148,,337.481
6967,9.72879,,148,,337.466
6968,9.73203,,148,,337.756
6969,9.73528,,148,,338.084
6970,9.73827,,148,,337.86
6971,9.74122,,148,,337.567
6972,9.74385,,148,,337.645
6973,9.74644,,148,,337.767
6974,9.74931,,148,,337.628
6975,9.7522,,148,,337.457
6976,9.7553,,148,,337.211
6977,9.75843,,148,,336.956
6978,9.76111,,148,,336.465
6979,9.76375,,148,,335.945
6980,9.76689,,148,,335.68
6981,9.77009,,148,,335.446
6982,9.77318,,148,,334.99
6983,9.77625,,146,,334.507
6984,9.77828,,146,,334.02
6985,9.78019,,146,,333.531
6986,9.78209,,148,,333.043
6987,9.78488,,148,,332.701
6988,9.78777,,149,,332.378
6989,9.79046,,149,,332.411
6990,9.79311,,151,,332.488
6991,9.79546,,151,,332.547
6992,9.79776,,151,,332.604
6993,9.80007,,151,,332.661
6994,9.80284,,151,,332.679
6995,9.80567,,152,,332.692
6996,9.80826,,152,,332.766
6997,9.81082,,152,,332.847
6998,9.81337,,152,,332.929
6999,9.81607,,154,,332.835
7000,9.81878,,154,,332.72
7001,9.82068,,154,,332.716
7002,9.82248,,154,,332.724
7003,9.82428,,155,,332.733
7004,9.82629,,154,,332.561
7005,9.82834,,154,,332.366
7006,9.83039,,154,,332.172
7007,9.83266,,154,,331.882
7008,9.83497,,154,,331.579
7009,9.83728,,154,,331.277
7010,9.83979,,154,,331.134
7011,9.84233,,154,,331.01
7012,9.84444,,152,,331.158
7013,9.8465,,152,,331.341
7014,9.84855,,151,,331.523
7015,9.85053,,151,,331.415
7016,9.8525,,151,,331.271
7017,9.85447,,151,,331.127
7018,9.8562,,151,,330.876
7019,9.8579,,151,,330.612
7020,9.85959,,151,,330.348
7021,9.86138,,151,,330.055
7022,9.86317,,151,,329.759
7023,9.86497,,151,,329.463
7024,9.86684,,152,,329.123
7025,9.86873,,152,,328.778
7026,9.87062,,152,,328.433
7027,9.87239,,154,,328.208
7028,9.87415,,154,,327.998
7029,9.8759,,154,,327.788
7030,9.87844,,154,,327.771
7031,9.88108,,155,,327.778
7032,9.88371,,155,,327.785
7033,9.8882,,155,,327.778
7034,9.89291,,155,,327.77
7035,9.89754,,155,,327.554
7036,9.90216,,155,,327.312
7037,9.90734,,155,,327.274
7038,9.91158,,155,,327.261
7039,9.91569,,156,,327.249
7040,9.91662,,156,,327.161
7041,9.91716,,156,,327.064
7042,9.91771,,157,,326.966
7043,9.91825,,156,,326.868
7044,9.91879,,157,,326.771
7045,9.91933,,157,,326.673
7046,9.91987,,156,,326.576
7047,9.92041,,157,,326.478
7048,9.92095,,158,,326.381
7049,9.9215,,158,,326.283
7050,9.92204,,158,,326.185
7051,9.92299,,158,,326.017
7052,9.92399,,158,,325.84
7053,9.92499,,158,,325.663
7054,9.92599,,158,,325.486
7055,9.92699,,157,,325.309
7056,9.92784,,156,,325.451
7057,9.92866,,157,,325.632
7058,9.92948,,157,,325.814
7059,9.93031,,155,,325.995
7060,9.93105,,156,,326.038
7061,9.93179,,155,,326.063
7062,9.93252,,155,,326.088
7063,9.93325,,155,,326.114
7064,9.93399,,154,,326.139
7065,9.93472,,154,,326.165
7066,9.93545,,152,,326.19
7067,9.93635,,152,,326.251
7068,9.93727,,151,,326.316
7069,9.93819,,151,,326.381
7070,9.9391,,151,,326.446
7071,9.94002,,151,,326.511
7072,9.94094,,151,,326.576
7073,9.94221,,151,,326.734
7074,9.94353,,150,,326.903
7075,9.94485,,151,,327.072
7076,9.94616,,150,,327.241
7077,9.94725,,151,,327.128
7078,9.9483,,151,,326.979
7079,9.94936,,150,,326.831
7080,9.95042,,151,,326.683
7081,9.95147,,151,,326.535
7082,9.95238,,151,,326.551
7083,9.95327,,151,,326.589
7084,9.95416,,151,,326.626
7085,9.95505,,151,,326.663
7086,9.95594,,151,,326.7
7087,9.95683,,151,,326.737
7088,9.95808,,151,,326.592
7089,9.95938,,151,,326.425
7090,9.96067,,151,,326.257
7091,9.96196,,151,,326.09
7092,9.96326,,151,,325.923
7093,9.9649,,151,,325.851
7094,9.96659,,151,,325.791
7095,9.96828,,151,,325.731
7096,9.9697,,151,,325.767
7097,9.9711,,151,,325.815
7098,9.97249,,151,,325.863
7099,9.97388,,151,,325.911
7100,9.9755,,151,,326.222
7101,9.97714,,152,,326.566
7102,9.97877,,152,,326.911
7103,9.98041,,152,,327.255
7104,9.98234,,152,,327.345
7105,9.9843,,152,,327.404
7106,9.98626,,152,,327.463
7107,9.9883,,152,,327.493
7108,9.99035,,152,,327.52
7109,9.9924,,152,,327.546
7110,9.99392,,151,,327.644
7111,9.99538,,151,,327.749
7112,9.99684,,151,,327.855
7113,9.9983,,150,,327.961
7114,10,,151,,328.01
7115,10.0018,,150,,328.051
7116,10.0036,,151,,328.093
7117,10.0049,,151,,328.334
7118,10.0062,,151,,328.601
7119,10.0075,,151,,328.867
7120,10.0088,,151,,329.134
7121,10.0101,,152,,329.087
7122,10.0113,,152,,329.001
7123,10.0126,,154,,328.916
7124,10.0138,,154,,328.831
7125,10.015,,154,,328.745
7126,10.0163,,155,,328.714
7127,10.0175,,155,,328.689
7128,10.0188,,155,,328.665
7129,10.0201,,156,,328.64
7130,10.0214,,155,,328.494
7131,10.0228,,157,,328.332
7132,10.0242,,157,,328.17
7133,10.0256,,156,,328.009
7134,10.0268,,157,,327.963
7135,10.0279,,156,,327.932
7136,10.029,,157,,327.9
7137,10.0302,,157,,327.868
7138,10.0313,,158,,327.837
7139,10.0323,,158,,327.853
7140,10.0332,,157,,327.876
7141,10.0341,,156,,327.898
7142,10.0351,,157,,327.921
7143,10.036,,156,,327.943
7144,10.0369,,157,,327.966
7145,10.0384,,157,,328.085
7146,10.0399,,155,,328.215
7147,10.0414,,156,,328.346
7148,10.0429,,155,,328.477
7149,10.0443,,156,,328.664
7150,10.0458,,155,,328.859
7151,10.0473,,155,,329.053
7152,10.0487,,155,,329.247
7153,10.0498,,155,,329.318
7154,10.0509,,155,,329.373
7155,10.052,,155,,329.429
7156,10.0531,,154,,329.484
7157,10.0541,,154,,329.54
7158,10.0555,,154,,329.714
7159,10.057,,155,,329.904
7160,10.0584,,155,,330.094
7161,10.0598,,155,,330.283
7162,10.0613,,154,,330.414
7163,10.0627,,154,,330.538
7164,10.0641,,154,,330.662
7165,10.0655,,154,,330.787
7166,10.0669,,155,,330.793
7167,10.0682,,155,,330.785
7168,10.0696,,155,,330.777
7169,10.0709,,155,,330.768
7170,10.0722,,155,,330.86
7171,10.0735,,155,,330.964
7172,10.0748,,155,,331.068
7173,10.076,,155,,331.171
7174,10.0769,,155,,331.168
7175,10.0777,,155,,331.151
7176,10.0784,,155,,331.135
7177,10.0792,,155,,331.118
7178,10.08,,155,,331.101
7179,10.0807,,155,,331.085
7180,10.0815,,155,,331.068
7181,10.0831,,155,,331.086
7182,10.0848,,155,,331.107
7183,10.0865,,155,,331.129
7184,10.088,,155,,331.156
7185,10.0895,,154,,331.185
7186,10.0909,,154,,331.213
7187,10.0924,,154,,331.241
7188,10.0937,,155,,331.246
7189,10.095,,155,,331.248
7190,10.0963,,155,,331.249
7191,10.0975,,155,,331.251
7192,10.0983,,155,,331.311
7193,10.0989,,155,,331.378
7194,10.0996,,155,,331.445
7195,10.1002,,155,,331.513
7196,10.101,,155,,331.552
7197,10.1017,,154,,331.588
7198,10.1025,,154,,331.624
7199,10.1033,,154,,331.66
7200,10.104,,152,,331.696
7201,10.1048,,152,,331.732
7202,10.1055,,151,,331.767
7203,10.1068,,151,,331.742
7204,10.1081,,151,,331.709
7205,10.1094,,151,,331.677
7206,10.1107,,151,,331.644
7207,10.1123,,151,,331.659
7208,10.1138,,151,,331.68
7209,10.1154,,151,,331.701
7210,10.117,,151,,331.723
7211,10.1185,,151,,331.865
7212,10.1201,,151,,332.023
7213,10.1216,,151,,332.18
7214,10.1232,,151,,332.338
7215,10.1248,,151,,332.385
7216,10.1263,,151,,332.419
7217,10.1278,,151,,332.453
7218,10.1294,,151,,332.487
7219,10.1309,,151,,332.547
7220,10.1325,,151,,332.611
7221,10.1341,,151,,332.674
7222,10.1357,,151,,332.738
7223,10.1373,,151,,332.744
7224,10.1389,,151,,332.742
7225,10.1405,,151,,332.741
7226,10.1422,,151,,332.739
7227,10.143,,151,,333.016
7228,10.1437,,151,,333.329
7229,10.1444,,149,,333.642
7230,10.1451,,149,,333.955
7231,10.1458,,149,,334.267
7232,10.1465,,149,,334.58
7233,10.1472,,148,,334.893
7234,10.148,,148,,335.206
7235,10.1494,,148,,335.086
7236,10.151,,148,,334.911
7237,10.1525,,148,,334.735
7238,10.1541,,148,,334.56
7239,10.1552,,148,,334.489
7240,10.1562,,148,,334.431
7241,10.1573,,149,,334.372
7242,10.1583,,149,,334.314
7243,10.1593,,149,,334.256
7244,10.1603,,149,,334.153
7245,10.1614,,151,,334.044
7246,10.1624,,151,,333.936
7247,10.1634,,151,,333.827
7248,10.1644,,151,,333.718
7249,10.1652,,152,,333.927
7250,10.166,,152,,334.176
7251,10.1668,,154,,334.424
7252,10.1676,,154,,334.673
7253,10.1684,,154,,334.922
7254,10.1692,,155,,335.171
7255,10.17,,155,,335.42
7256,10.1708,,155,,335.694
7257,10.1717,,155,,335.97
7258,10.1725,,156,,336.246
7259,10.1733,,155,,336.523
7260,10.1742,,157,,336.799
7261,10.175,,157,,337.076
7262,10.1758,,157,,337.033
7263,10.1765,,157,,336.949
7264,10.1772,,156,,336.865
7265,10.1779,,158,,336.781
7266,10.1786,,158,,336.697
7267,10.1793,,158,,336.613
7268,10.1801,,158,,336.529
7269,10.1808,,158,,336.956
7270,10.1816,,158,,337.448
7271,10.1824,,158,,337.941
7272,10.1831,,158,,338.433
7273,10.1839,,158,,338.926
7274,10.1847,,158,,339.419
7275,10.1854,,158,,339.911
7276,10.1864,,160,,340.122
7277,10.1874,,160,,340.298
7278,10.1884,,160,,340.473
7279,10.1895,,160,,340.648
7280,10.1905,,160,,340.823
7281,10.1912,,160,,341.085
7282,10.1918,,160,,341.357
7283,10.1924,,160,,341.63
7284,10.1931,,160,,341.902
7285,10.1937,,160,,342.175
7286,10.1943,,158,,342.447
7287,10.195,,158,,342.72
7288,10.1956,,158,,342.992
7289,10.1961,,160,,343.244
7290,10.1967,,160,,343.492
7291,10.1972,,160,,343.741
7292,10.1977,,160,,343.989
7293,10.1982,,160,,344.238
7294,10.1987,,160,,344.486
7295,10.1993,,160,,344.735
7296,10.1998,,160,,344.984
7297,10.2003,,160,,345.232
7298,10.2008,,160,,345.481
7299,10.2017,,160,,345.87
7300,10.2026,,160,,346.277
7301,10.2035,,160,,346.685
7302,10.2044,,161,,347.092
7303,10.2053,,160,,347.499
7304,10.2063,,160,,347.907
7305,10.2071,,161,,347.935
7306,10.208,,160,,347.914
7307,10.2088,,160,,347.893
7308,10.2097,,161,,347.872
7309,10.2106,,160,,347.852
7310,10.2114,,160,,347.831
7311,10.2123,,161,,347.81
7312,10.2136,,160,,348.049
7313,10.2149,,162,,348.321
7314,10.2163,,162,,348.593
7315,10.2176,,162,,348.865
7316,10.2187,,162,,349.244
7317,10.2197,,162,,349.637
7318,10.2207,,162,,350.029
7319,10.2217,,162,,350.422
7320,10.2227,,162,,350.814
7321,10.2237,,162,,351.103
7322,10.2246,,162,,351.379
7323,10.2255,,162,,351.654
7324,10.2264,,162,,351.93
7325,10.2273,,162,,352.206
7326,10.2282,,162,,352.481
7327,10.2292,,162,,352.792
7328,10.2301,,161,,353.106
7329,10.2311,,160,,353.421
7330,10.232,,160,,353.736
7331,10.233,,162,,354.051
7332,10.2339,,162,,354.366
7333,10.2351,,162,,354.563
7334,10.2364,,162,,354.746
7335,10.2376,,162,,354.928
7336,10.2388,,162,,355.11
7337,10.24,,162,,355.293
7338,10.2412,,162,,355.553
7339,10.2424,,162,,355.823
7340,10.2435,,162,,356.093
7341,10.2447,,162,,356.363
7342,10.2459,,162,,356.633
7343,10.2472,,162,,356.822
7344,10.2486,,162,,356.999
7345,10.25,,162,,357.177
7346,10.2514,,162,,357.355
7347,10.2527,,162,,357.594
7348,10.2541,,162,,357.84
7349,10.2554,,162,,358.087
7350,10.2567,,162,,358.334
7351,10.258,,162,,358.391
7352,10.2594,,160,,358.423
7353,10.2607,,160,,358.456
7354,10.262,,160,,358.488
7355,10.2635,,160,,358.761
7356,10.2651,,160,,359.064
7357,10.2667,,160,,359.367
7358,10.2683,,160,,359.67
7359,10.2699,,160,,359.946
7360,10.2714,,160,,360.218
7361,10.273,,160,,360.49
7362,10.2746,,160,,360.762
7363,10.2762,,161,,360.788
7364,10.2778,,160,,360.782
7365,10.2795,,162,,360.776
7366,10.2811,,162,,360.77
7367,10.2827,,162,,360.842
7368,10.2843,,162,,360.924
7369,10.2859,,162,,361.006
7370,10.2875,,161,,361.088
7371,10.289,,160,,361.033
7372,10.2906,,160,,360.961
7373,10.2921,,160,,360.889
7374,10.2936,,160,,360.817
7375,10.2952,,160,,360.982
7376,10.2968,,160,,361.178
7377,10.2985,,160,,361.374
7378,10.3001,,158,,361.57
7379,10.3018,,158,,361.709
7380,10.3034,,158,,361.841
7381,10.3051,,158,,361.973
7382,10.3066,,158,,362.11
7383,10.3081,,157,,362.248
7384,10.3096,,156,,362.386
7385,10.3111,,156,,362.523
7386,10.313,,155,,362.58
7387,10.3149,,155,,362.625
7388,10.3168,,155,,362.671
7389,10.3184,,154,,363.061
7390,10.3201,,152,,363.495
7391,10.3218,,152,,363.929
7392,10.3236,,151,,364.142
7393,10.3253,,151,,364.327
7394,10.3271,,151,,364.512
7395,10.3288,,149,,364.415
7396,10.3306,,149,,364.282
7397,10.3323,,148,,364.149
7398,10.3337,,148,,364.273
7399,10.3351,,148,,364.429
7400,10.3364,,148,,364.586
7401,10.3378,,148,,364.743
7402,10.3395,,146,,364.69
7403,10.3414,,146,,364.61
7404,10.3432,,146,,364.53
7405,10.3451,,146,,364.947
7406,10.3469,,145,,365.427
7407,10.3488,,145,,365.907
7408,10.3506,,145,,366.114
7409,10.3525,,145,,366.285
7410,10.3543,,145,,366.457
7411,10.3557,,145,,366.616
7412,10.3572,,145,,366.774
7413,10.3586,,145,,366.932
7414,10.36,,145,,367.09
7415,10.3611,,146,,367.409
7416,10.3623,,146,,367.749
7417,10.3634,,146,,368.089
7418,10.3645,,146,,368.429
7419,10.3657,,146,,368.769
7420,10.3672,,146,,369.047
7421,10.3688,,146,,369.317
7422,10.3704,,146,,369.587
7423,10.3721,,148,,369.857
7424,10.3739,,148,,370.036
7425,10.3758,,148,,370.203
7426,10.3777,,148,,370.37
7427,10.3793,,148,,370.331
7428,10.3808,,148,,370.266
7429,10.3823,,148,,370.2
7430,10.3839,,148,,370.134
7431,10.3854,,148,,370.337
7432,10.3869,,148,,370.574
7433,10.3885,,148,,370.812
7434,10.39,,148,,371.049
7435,10.3914,,148,,371.382
7436,10.3928,,148,,371.727
7437,10.3942,,149,,372.072
7438,10.3956,,149,,372.417
7439,10.3969,,149,,372.585
7440,10.3982,,149,,372.73
7441,10.3996,,149,,372.875
7442,10.4009,,149,,373.02
7443,10.4022,,150,,372.986
7444,10.4036,,150,,372.929
7445,10.4049,,150,,372.872
7446,10.4063,,151,,372.815
7447,10.4076,,151,,373.126
7448,10.4088,,151,,373.484
7449,10.4101,,151,,373.842
7450,10.4113,,151,,374.2
7451,10.4126,,151,,374.559
7452,10.4141,,151,,374.715
7453,10.4157,,151,,374.846
7454,10.4174,,151,,374.976
7455,10.419,,151,,375.107
7456,10.4203,,151,,375.032
7457,10.4216,,151,,374.931
7458,10.423,,151,,374.829
7459,10.4243,,152,,374.728
7460,10.4255,,152,,375.25
7461,10.4267,,152,,375.853
7462,10.4279,,152,,376.455
7463,10.4291,,152,,377.058
7464,10.4304,,154,,377.661
7465,10.432,,154,,377.783
7466,10.4336,,154,,377.843
7467,10.4353,,154,,377.903
7468,10.4371,,155,,377.97
7469,10.4389,,155,,378.039
7470,10.4406,,155,,378.107
7471,10.4419,,155,,378.209
7472,10.4432,,155,,378.316
7473,10.4445,,156,,378.423
7474,10.4457,,155,,378.53
7475,10.4471,,156,,378.951
7476,10.4484,,155,,379.413
7477,10.4498,,157,,379.875
7478,10.4512,,157,,380.336
7479,10.4524,,156,,380.498
7480,10.4537,,157,,380.62
7481,10.455,,156,,380.743
7482,10.4562,,158,,380.865
7483,10.4577,,158,,380.689
7484,10.4591,,158,,380.475
7485,10.4606,,158,,380.26
7486,10.462,,158,,380.046
7487,10.4635,,158,,380.517
7488,10.4651,,159,,381.077
7489,10.4666,,159,,381.637
7490,10.4681,,158,,382.197
7491,10.4694,,158,,382.411
7492,10.4706,,158,,382.582
7493,10.4719,,158,,382.752
7494,10.4731,,158,,382.922
7495,10.4744,,156,,383.092
7496,10.4756,,156,,383.358
7497,10.4768,,155,,383.635
7498,10.4781,,155,,383.913
7499,10.4793,,155,,384.19
7500,10.4805,,155,,384.468
7501,10.4816,,155,,384.635
7502,10.4826,,155,,384.788
7503,10.4837,,155,,384.941
7504,10.4847,,155,,385.094
7505,10.4858,,156,,385.247
7506,10.4868,,156,,385.4
7507,10.4879,,155,,385.963
7508,10.4889,,157,,386.578
7509,10.4899,,156,,387.194
7510,10.491,,157,,387.809
7511,10.492,,157,,388.425
7512,10.4929,,158,,388.596
7513,10.4937,,158,,388.711
7514,10.4945,,158,,388.825
7515,10.4954,,158,,388.939
7516,10.4962,,158,,389.053
7517,10.497,,158,,389.167
7518,10.4979,,158,,389.281
7519,10.4988,,158,,389.274
7520,10.4998,,160,,389.25
7521,10.5007,,160,,389.227
7522,10.5017,,160,,389.204
7523,10.5026,,160,,389.181
7524,10.5036,,160,,389.157
7525,10.5049,,160,,389.071
7526,10.5064,,160,,388.976
7527,10.5078,,160,,388.881
7528,10.5092,,160,,388.787
7529,10.5104,,160,,388.912
7530,10.5116,,160,,389.066
7531,10.5128,,158,,389.221
7532,10.514,,158,,389.375
7533,10.5152,,158,,389.529
7534,10.5166,,158,,389.69
7535,10.518,,158,,389.851
7536,10.5195,,158,,390.013
7537,10.5209,,158,,390.174
7538,10.5225,,158,,390.412
7539,10.5241,,158,,390.659
7540,10.5257,,160,,390.906
7541,10.5274,,160,,391.152
7542,10.5286,,158,,391.718
7543,10.5298,,158,,392.325
7544,10.531,,158,,392.932
7545,10.5322,,160,,393.54
7546,10.5334,,160,,394.147
7547,10.5343,,160,,394.492
7548,10.5351,,160,,394.803
7549,10.536,,158,,395.114
7550,10.5368,,158,,395.426
7551,10.5376,,158,,395.737
7552,10.5385,,158,,396.048
7553,10.5394,,158,,396.302
7554,10.5403,,160,,396.548
7555,10.5413,,160,,396.794
7556,10.5422,,160,,397.04
7557,10.5431,,160,,397.286
7558,10.544,,160,,397.532
7559,10.5446,,160,,397.705
7560,10.5452,,160,,397.868
7561,10.5458,,160,,398.032
7562,10.5463,,160,,398.195
7563,10.5469,,160,,398.359
7564,10.5475,,161,,398.522
7565,10.5481,,160,,398.686
7566,10.5486,,160,,398.849
7567,10.5492,,161,,399.013
7568,10.5498,,160,,399.176
7569,10.5505,,160,,399.355
7570,10.5513,,161,,399.535
7571,10.5521,,160,,399.715
7572,10.5529,,160,,399.896
7573,10.5536,,161,,400.076
7574,10.5544,,160,,400.256
7575,10.5552,,160,,400.437
7576,10.5561,,161,,400.586
7577,10.5571,,160,,400.732
7578,10.5581,,160,,400.877
7579,10.559,,162,,401.023
7580,10.56,,162,,401.168
7581,10.5609,,162,,401.314
7582,10.5616,,162,,401.577
7583,10.5623,,162,,401.855
7584,10.5629,,162,,402.133
7585,10.5636,,162,,402.411
7586,10.5642,,162,,402.689
7587,10.5649,,162,,402.968
7588,10.5655,,162,,403.246
7589,10.5662,,162,,403.524
7590,10.5674,,162,,403.903
7591,10.5686,,162,,404.296
7592,10.5699,,162,,404.689
7593,10.5712,,162,,405.081
7594,10.5724,,162,,405.475
7595,10.5735,,162,,405.869
7596,10.5747,,162,,406.264
7597,10.5759,,162,,406.658
7598,10.5771,,162,,407.052
7599,10.578,,162,,407.451
7600,10.5789,,162,,407.851
7601,10.5799,,162,,408.25
7602,10.5808,,162,,408.65
7603,10.5817,,162,,409.05
7604,10.5826,,162,,409.45
7605,10.5836,,162,,409.695
7606,10.5845,,162,,409.92
7607,10.5855,,162,,410.145
7608,10.5864,,162,,410.371
7609,10.5874,,162,,410.596
7610,10.5884,,162,,410.821
7611,10.5891,,162,,411.137
7612,10.5898,,162,,411.464
7613,10.5906,,162,,411.792
7614,10.5913,,162,,412.119
7615,10.592,,162,,412.446
7616,10.5928,,162,,412.774
7617,10.5935,,162,,413.101
7618,10.5942,,162,,413.428
7619,10.595,,162,,413.674
7620,10.5957,,162,,413.908
7621,10.5965,,162,,414.143
7622,10.5972,,162,,414.378
7623,10.5979,,162,,414.63
7624,10.5986,,162,,414.885
7625,10.5993,,162,,415.14
7626,10.5999,,162,,415.394
7627,10.6006,,162,,415.649
7628,10.6013,,162,,415.904
7629,10.6019,,162,,416.158
7630,10.6026,,162,,416.413
7631,10.6031,,162,,416.579
7632,10.6036,,162,,416.734
7633,10.6041,,162,,416.888
7634,10.6046,,162,,417.042
7635,10.6051,,162,,417.197
7636,10.6056,,162,,417.351
7637,10.6061,,162,,417.506
7638,10.6066,,162,,417.66
7639,10.6071,,162,,417.814
7640,10.6076,,162,,417.969
7641,10.6083,,162,,418.04
7642,10.609,,162,,418.101
7643,10.6098,,162,,418.162
7644,10.6105,,162,,418.223
7645,10.6112,,162,,418.283
7646,10.6119,,162,,418.344
7647,10.6127,,162,,418.405
7648,10.6132,,162,,418.536
7649,10.6137,,162,,418.677
7650,10.6141,,162,,418.818
7651,10.6146,,162,,418.959
7652,10.6151,,162,,419.1
7653,10.6156,,162,,419.241
7654,10.616,,162,,419.382
7655,10.6165,,162,,419.523
7656,10.617,,162,,419.664
7657,10.6175,,162,,419.805
7658,10.6179,,162,,419.946
7659,10.6186,,162,,420.175
7660,10.6193,,162,,420.416
7661,10.62,,162,,420.657
7662,10.6207,,162,,420.897
7663,10.6214,,162,,421.138
7664,10.622,,162,,421.379
7665,10.6227,,160,,421.619
7666,10.6234,,160,,421.86
7667,10.6244,,160,,422.243
7668,10.6253,,162,,422.646
7669,10.6263,,162,,423.048
7670,10.6273,,162,,423.45
7671,10.6283,,162,,423.853
7672,10.6293,,162,,424.255
7673,10.6299,,162,,424.6
7674,10.6305,,162,,424.937
7675,10.6311,,162,,425.274
7676,10.6317,,162,,425.612
7677,10.6323,,162,,425.949
7678,10.6328,,162,,426.286
7679,10.6334,,162,,426.623
7680,10.634,,162,,426.961
7681,10.6346,,162,,427.298
7682,10.6353,,162,,427.579
7683,10.636,,162,,427.853
7684,10.6367,,162,,428.127
7685,10.6373,,162,,428.4
7686,10.638,,162,,428.674
7687,10.6387,,162,,428.948
7688,10.6394,,162,,429.222
7689,10.6401,,162,,429.495
7690,10.6404,,162,,429.92
7691,10.6406,,162,,430.366
7692,10.6412,,162,,430.582
7693,10.6418,,162,,430.768
7694,10.6424,,162,,430.953
7695,10.643,,160,,431.139
7696,10.6436,,161,,431.324
7697,10.6442,,160,,431.51
7698,10.6448,,160,,431.696
7699,10.6455,,161,,431.881
7700,10.6461,,160,,432.067
7701,10.6465,,160,,432.212
7702,10.647,,161,,432.351
7703,10.6474,,160,,432.491
7704,10.6478,,160,,432.63
7705,10.6483,,161,,432.769
7706,10.6487,,160,,432.909
7707,10.6491,,160,,433.048
7708,10.6496,,161,,433.188
7709,10.65,,160,,433.327
7710,10.6505,,160,,433.467
7711,10.6509,,160,,433.606
7712,10.6513,,161,,433.745
7713,10.6521,,160,,433.944
7714,10.6529,,160,,434.151
7715,10.6537,,161,,434.358
7716,10.6545,,160,,434.564
7717,10.6553,,160,,434.771
7718,10.6561,,160,,434.978
7719,10.657,,160,,435.184
7720,10.6576,,160,,435.55
7721,10.6582,,161,,435.938
7722,10.6589,,160,,436.325
7723,10.6595,,160,,436.713
7724,10.6601,,161,,437.1
7725,10.6608,,160,,437.487
7726,10.6614,,160,,437.875
7727,10.662,,161,,438.262
7728,10.6628,,160,,438.489
7729,10.6637,,160,,438.693
7730,10.6646,,161,,438.898
7731,10.6654,,160,,439.103
7732,10.6663,,160,,439.308
7733,10.6671,,161,,439.513
7734,10.6678,,160,,439.708
7735,10.6685,,160,,439.902
7736,10.6692,,162,,440.095
7737,10.6699,,162,,440.289
7738,10.6705,,162,,440.483
7739,10.6712,,162,,440.677
7740,10.6717,,160,,440.795
7741,10.6722,,160,,440.903
7742,10.6727,,161,,441.011
7743,10.6731,,160,,441.12
7744,10.6736,,160,,441.228
7745,10.6741,,160,,441.336
7746,10.6745,,161,,441.444
7747,10.675,,160,,441.553
7748,10.6755,,160,,441.661
7749,10.6759,,161,,441.769
7750,10.6764,,160,,441.877
7751,10.6771,,160,,442.19
7752,10.6777,,161,,442.531
7753,10.6784,,160,,442.872
7754,10.6791,,160,,443.212
7755,10.6798,,161,,443.553
7756,10.6805,,162,,443.893
7757,10.6812,,162,,444.234
7758,10.6818,,162,,444.575
7759,10.6826,,162,,444.808
7760,10.6833,,162,,445.027
7761,10.684,,162,,445.246
7762,10.6847,,162,,445.465
7763,10.6855,,162,,445.684
7764,10.6862,,162,,445.903
7765,10.6869,,162,,446.122
7766,10.6876,,162,,446.341
7767,10.6885,,162,,446.47
7768,10.6894,,162,,446.586
7769,10.6903,,162,,446.703
7770,10.6912,,162,,446.819
7771,10.6921,,162,,446.936
7772,10.693,,162,,447.053
7773,10.6936,,162,,447.366
7774,10.6942,,162,,447.706
7775,10.6949,,162,,448.047
7776,10.6955,,162,,448.387
7777,10.6961,,162,,448.727
7778,10.6968,,162,,449.067
7779,10.6974,,162,,449.407
7780,10.698,,162,,449.748
7781,10.6987,,162,,450.088
7782,10.6995,,162,,450.146
7783,10.7003,,162,,450.166
7784,10.7012,,162,,450.186
7785,10.702,,162,,450.206
7786,10.7028,,162,,450.226
7787,10.7037,,162,,450.246
7788,10.7038,,162,,450.266
7789,10.7043,,162,,450.361
7790,10.705,,162,,450.466
7791,10.7056,,162,,450.572
7792,10.7063,,162,,450.677
7793,10.7069,,162,,450.782
7794,10.7076,,162,,450.887
7795,10.7082,,162,,450.992
7796,10.7089,,162,,451.097
7797,10.7096,,162,,451.268
7798,10.7102,,162,,451.448
7799,10.7109,,162,,451.628
7800,10.7116,,162,,451.809
7801,10.7122,,162,,451.989
7802,10.7129,,162,,452.169
7803,10.7136,,162,,452.349
7804,10.7142,,162,,452.529
7805,10.715,,162,,452.632
7806,10.7157,,162,,452.725
7807,10.7164,,162,,452.818
7808,10.7171,,162,,452.912
7809,10.7179,,162,,453.005
7810,10.7186,,162,,453.098
7811,10.7193,,162,,453.191
7812,10.72,,162,,453.269
7813,10.7207,,162,,453.345
7814,10.7214,,162,,453.422
7815,10.7221,,162,,453.498
7816,10.7229,,162,,453.575
7817,10.7236,,162,,453.651
7818,10.7243,,160,,453.746
7819,10.7251,,160,,453.843
7820,10.7259,,161,,453.94
7821,10.7267,,160,,454.038
7822,10.7275,,160,,454.135
7823,10.7283,,160,,454.232
7824,10.729,,160,,454.329
7825,10.7298,,160,,454.614
7826,10.7306,,160,,454.924
7827,10.7313,,160,,455.233
7828,10.7321,,160,,455.543
7829,10.7329,,160,,455.853
7830,10.7336,,160,,456.162
7831,10.7344,,160,,456.472
7832,10.735,,161,,456.575
7833,10.7357,,160,,456.65
7834,10.7363,,160,,456.725
7835,10.7369,,161,,456.799
7836,10.7375,,160,,456.874
7837,10.7382,,160,,456.949
7838,10.7388,,161,,457.024
7839,10.7394,,160,,457.099
7840,10.7401,,160,,457.173
7841,10.7408,,161,,457.472
7842,10.7416,,160,,457.802
7843,10.7424,,160,,458.131
7844,10.7431,,162,,458.46
7845,10.7439,,162,,458.789
7846,10.7447,,162,,459.118
7847,10.7454,,162,,459.448
7848,10.7461,,162,,459.586
7849,10.7468,,162,,459.698
7850,10.7474,,162,,459.81
7851,10.748,,162,,459.923
7852,10.7487,,162,,460.035
7853,10.7493,,162,,460.148
7854,10.75,,162,,460.26
7855,10.7506,,162,,460.372
7856,10.7513,,162,,460.404
7857,10.7519,,162,,460.424
7858,10.7525,,162,,460.444
7859,10.7531,,162,,460.464
7860,10.7538,,162,,460.485
7861,10.7544,,162,,460.505
7862,10.755,,162,,460.525
7863,10.7556,,162,,460.545
7864,10.7562,,162,,460.566
7865,10.7572,,162,,460.588
7866,10.7582,,162,,460.61
7867,10.7592,,162,,460.632
7868,10.7602,,162,,460.654
7869,10.7612,,162,,460.677
7870,10.7622,,162,,460.699
7871,10.7632,,162,,461.211
7872,10.7642,,162,,461.788
7873,10.7653,,162,,462.366
7874,10.7663,,162,,462.944
7875,10.7673,,162,,463.522
7876,10.7675,,162,,463.947
7877,10.7681,,162,,463.966
7878,10.7688,,162,,463.933
7879,10.7695,,162,,463.9
7880,10.7703,,162,,463.867
7881,10.771,,162,,463.834
7882,10.7717,,162,,463.801
7883,10.7725,,162,,463.768
7884,10.7732,,162,,463.735
7885,10.7741,,162,,464.066
7886,10.775,,162,,464.445
7887,10.776,,162,,464.825
7888,10.7769,,162,,465.204
7889,10.7778,,162,,465.584
7890,10.7788,,162,,465.964
7891,10.7794,,162,,466.288
7892,10.78,,162,,466.605
7893,10.7806,,162,,466.921
7894,10.7812,,162,,467.238
7895,10.7817,,162,,467.555
7896,10.7823,,162,,467.871
7897,10.7829,,162,,468.188
7898,10.7835,,162,,468.505
7899,10.7841,,162,,468.821
7900,10.7846,,162,,469.13
7901,10.7852,,162,,469.438
7902,10.7857,,162,,469.745
7903,10.7864,,162,,469.874
7904,10.7871,,162,,469.979
7905,10.7878,,160,,470.084
7906,10.7886,,161,,470.188
7907,10.7893,,160,,470.293
7908,10.79,,160,,470.398
7909,10.7907,,161,,470.503
7910,10.7914,,160,,470.607
7911,10.7923,,160,,470.567
7912,10.7932,,160,,470.507
7913,10.7942,,160,,470.447
7914,10.7951,,160,,470.387
7915,10.796,,160,,470.327
7916,10.7969,,160,,470.267
7917,10.7976,,160,,470.563
7918,10.7983,,160,,470.907
7919,10.7991,,160,,471.251
7920,10.7998,,160,,471.595
7921,10.8005,,160,,471.939
7922,10.8012,,160,,472.283
7923,10.802,,160,,472.627
7924,10.8025,,161,,473.016
7925,10.8029,,160,,473.412
7926,10.8034,,160,,473.808
7927,10.8039,,161,,474.204
7928,10.8043,,160,,474.6
7929,10.8048,,160,,474.996
7930,10.8053,,162,,475.392
7931,10.8058,,162,,475.789
7932,10.8062,,162,,476.185
7933,10.8067,,162,,476.581
7934,10.8072,,162,,476.977
7935,10.808,,162,,477.102
7936,10.8088,,162,,477.191
7937,10.8096,,162,,477.28
7938,10.8104,,162,,477.369
7939,10.8113,,162,,477.458
7940,10.8121,,162,,477.546
7941,10.8129,,162,,477.635
7942,10.8137,,162,,477.829
7943,10.8145,,162,,478.037
7944,10.8154,,162,,478.246
7945,10.8162,,162,,478.454
7946,10.817,,162,,478.662
7947,10.8178,,162,,478.87
7948,10.8186,,162,,479.078
7949,10.8193,,162,,479.386
7950,10.82,,162,,479.707
7951,10.8207,,162,,480.028
7952,10.8214,,162,,480.349
7953,10.8221,,162,,480.67
7954,10.8228,,162,,480.991
7955,10.8235,,162,,481.312
7956,10.8243,,162,,481.633
7957,10.8252,,162,,481.907
7958,10.8261,,162,,482.173
7959,10.8271,,162,,482.44
7960,10.8281,,162,,482.707
7961,10.829,,162,,482.974
7962,10.83,,162,,483.24
7963,10.831,,162,,483.507
7964,10.8321,,162,,483.775
7965,10.8332,,162,,484.042
7966,10.8342,,162,,484.309
7967,10.8353,,162,,484.576
7968,10.8362,,162,,484.95
7969,10.837,,162,,485.338
7970,10.8379,,162,,485.726
7971,10.8388,,162,,486.115
7972,10.8396,,162,,486.503
7973,10.8405,,162,,486.891
7974,10.8414,,162,,487.16
7975,10.8423,,162,,487.412
7976,10.8432,,162,,487.664
7977,10.8441,,162,,487.917
7978,10.8449,,162,,488.169
7979,10.8458,,162,,488.422
7980,10.8468,,162,,488.467
7981,10.8477,,162,,488.484
7982,10.8486,,160,,488.502
7983,10.8495,,160,,488.519
7984,10.8505,,160,,488.536
7985,10.8514,,161,,488.554
7986,10.8522,,161,,488.654
7987,10.8531,,160,,488.765
7988,10.8539,,160,,488.877
7989,10.8547,,161,,488.988
7990,10.8555,,160,,489.1
7991,10.8564,,160,,489.211
7992,10.8572,,161,,489.323
7993,10.8583,,160,,489.436
7994,10.8595,,160,,489.55
7995,10.8607,,162,,489.664
7996,10.8619,,162,,489.778
7997,10.8631,,162,,489.892
7998,10.864,,162,,490.257
7999,10.8648,,162,,490.657
8000,10.8657,,162,,491.056
8001,10.8666,,162,,491.456
8002,10.8674,,162,,491.856
8003,10.8683,,162,,492.255
8004,10.869,,162,,492.515
8005,10.8698,,162,,492.755
8006,10.8705,,162,,492.996
8007,10.8712,,162,,493.236
8008,10.872,,162,,493.476
8009,10.8727,,162,,493.717
8010,10.8734,,162,,493.957
8011,10.8742,,162,,494.198
8012,10.8751,,162,,494.667
8013,10.8761,,162,,495.166
8014,10.8771,,162,,495.666
8015,10.8781,,162,,496.166
8016,10.879,,162,,496.666
8017,10.88,,162,,497.166
8018,10.8811,,162,,497.505
8019,10.8822,,162,,497.822
8020,10.8833,,162,,498.139
8021,10.8843,,162,,498.457
8022,10.8854,,162,,498.774
8023,10.8867,,162,,498.979
8024,10.8879,,162,,499.168
8025,10.8892,,162,,499.358
8026,10.8905,,162,,499.548
8027,10.8915,,162,,500.111
8028,10.8925,,162,,500.726
8029,10.8935,,162,,501.34
8030,10.8945,,162,,501.954
8031,10.8955,,162,,502.569
8032,10.8965,,162,,503.183
8033,10.8977,,162,,503.468
8034,10.899,,162,,503.708
8035,10.9002,,162,,503.947
8036,10.9014,,162,,504.187
8037,10.9027,,162,,504.427
8038,10.9036,,162,,504.713
8039,10.9046,,162,,505.005
8040,10.9055,,162,,505.298
8041,10.9064,,162,,505.591
8042,10.9073,,162,,505.883
8043,10.9082,,162,,506.176
8044,10.909,,162,,506.584
8045,10.9098,,162,,507.008
8046,10.9106,,162,,507.432
8047,10.9114,,162,,507.856
8048,10.9122,,162,,508.28
8049,10.913,,162,,508.703
8050,10.9138,,162,,509.127
8051,10.9146,,162,,509.445
8052,10.9154,,162,,509.749
8053,10.9162,,162,,510.053
8054,10.917,,162,,510.356
8055,10.9179,,162,,510.66
8056,10.9187,,162,,510.964
8057,10.9195,,162,,511.267
8058,10.9203,,162,,511.551
8059,10.921,,162,,511.832
8060,10.9218,,162,,512.113
8061,10.9226,,162,,512.394
8062,10.9233,,162,,512.675
8063,10.9241,,162,,512.956
8064,10.9249,,162,,513.237
8065,10.9257,,162,,513.466
8066,10.9265,,162,,513.687
8067,10.9273,,162,,513.909
8068,10.9282,,162,,514.131
8069,10.929,,162,,514.353
8070,10.9298,,162,,514.575
8071,10.9306,,162,,514.796
8072,10.9316,,162,,514.857
8073,10.9326,,162,,514.895
8074,10.9337,,162,,514.933
8075,10.9347,,162,,514.971
8076,10.9357,,162,,515.009
8077,10.9368,,162,,515.1
8078,10.9379,,162,,515.198
8079,10.939,,162,,515.295
8080,10.9401,,162,,515.393
8081,10.9411,,162,,515.49
8082,10.9423,,162,,515.626
8083,10.9434,,162,,515.766
8084,10.9446,,162,,515.906
8085,10.9457,,162,,516.047
8086,10.9469,,162,,516.187
8087,10.9482,,162,,516.55
8088,10.9496,,162,,516.945
8089,10.951,,162,,517.339
8090,10.9524,,162,,517.734
8091,10.9537,,162,,517.821
8092,10.9551,,162,,517.866
8093,10.9565,,162,,517.91
8094,10.9579,,162,,517.955
8095,10.9594,,162,,517.947
8096,10.9609,,162,,517.931
8097,10.9624,,162,,517.915
8098,10.9639,,162,,517.9
8099,10.9653,,162,,518.144
8100,10.9667,,162,,518.425
8101,10.9681,,162,,518.705
8102,10.9695,,162,,518.986
8103,10.9709,,162,,519.18
8104,10.9724,,162,,519.361
8105,10.9738,,162,,519.543
8106,10.9752,,162,,519.725
8107,10.9765,,162,,519.562
8108,10.9778,,162,,519.352
8109,10.9791,,162,,519.141
8110,10.9803,,162,,518.931
8111,10.9812,,162,,519.091
8112,10.9819,,162,,519.303
8113,10.9827,,162,,519.515
8114,10.9835,,162,,519.728
8115,10.9843,,162,,519.94
8116,10.9851,,162,,520.152
8117,10.9859,,162,,520.365
8118,10.9871,,162,,520.596
8119,10.9884,,162,,520.83
8120,10.9897,,163,,521.064
8121,10.991,,163,,521.298
8122,10.9919,,163,,521.583
8123,10.9928,,163,,521.876
8124,10.9937,,163,,522.169
8125,10.9945,,163,,522.461
8126,10.9954,,163,,522.754
8127,10.9963,,163,,523.047
8128,10.9971,,163,,523.34
8129,10.9986,,162,,523.694
8130,11.0001,,162,,524.057
8131,11.0017,,162,,524.421
8132,11.0032,,162,,524.784
8133,11.0049,,162,,525.085
8134,11.0065,,163,,525.378
8135,11.0082,,163,,525.67
8136,11.0098,,163,,525.963
8137,11.0114,,163,,526.18
8138,11.0129,,163,,526.387
8139,11.0144,,163,,526.593
8140,11.0159,,162,,526.8
8141,11.0178,,162,,526.897
8142,11.0198,,162,,526.979
8143,11.0218,,162,,527.06
8144,11.0231,,162,,527.335
8145,11.0243,,162,,527.636
8146,11.0255,,162,,527.938
8147,11.0267,,162,,528.239
8148,11.0278,,162,,528.54
8149,11.0291,,162,,528.8
8150,11.0303,,162,,529.054
8151,11.0316,,162,,529.307
8152,11.0328,,162,,529.561
8153,11.034,,162,,529.815
8154,11.0355,,162,,530.115
8155,11.0369,,162,,530.422
8156,11.0384,,162,,530.729
8157,11.0399,,162,,531.035
8158,11.0412,,160,,531.303
8159,11.0425,,160,,531.564
8160,11.0438,,161,,531.826
8161,11.0451,,160,,532.088
8162,11.0467,,160,,532.259
8163,11.0484,,160,,532.417
8164,11.0501,,160,,532.574
8165,11.0517,,158,,532.732
8166,11.0534,,158,,532.785
8167,11.0551,,158,,532.824
8168,11.0567,,156,,532.862
8169,11.0583,,156,,533.382
8170,11.0598,,156,,533.969
8171,11.0614,,155,,534.557
8172,11.0629,,156,,535.144
8173,11.0641,,155,,535.424
8174,11.0653,,156,,535.661
8175,11.0665,,156,,535.898
8176,11.0677,,155,,536.135
8177,11.0689,,155,,536.372
8178,11.0703,,155,,536.547
8179,11.0718,,155,,536.714
8180,11.0733,,155,,536.881
8181,11.0747,,155,,537.048
8182,11.0759,,156,,536.994
8183,11.077,,155,,536.909
8184,11.0781,,157,,536.825
8185,11.0793,,156,,536.74
8186,11.0804,,158,,536.656
8187,11.0817,,158,,536.673
8188,11.0831,,158,,536.705
8189,11.0845,,158,,536.736
8190,11.0859,,158,,536.768
8191,11.087,,158,,536.908
8192,11.0882,,160,,537.063
8193,11.0893,,160,,537.218
8194,11.0905,,160,,537.373
8195,11.0916,,160,,537.528
8196,11.0931,,160,,537.872
8197,11.0946,,160,,538.241
8198,11.0961,,158,,538.611
8199,11.0975,,158,,538.981
8200,11.0988,,158,,539.294
8201,11.1001,,160,,539.598
8202,11.1014,,160,,539.903
8203,11.1026,,160,,540.208
8204,11.1037,,160,,540.78
8205,11.1048,,160,,541.389
8206,11.1059,,158,,541.999
8207,11.107,,158,,542.608
8208,11.108,,158,,543.218
8209,11.1092,,158,,543.447
8210,11.1103,,158,,543.623
8211,11.1115,,158,,543.799
8212,11.1126,,158,,543.975
8213,11.1137,,158,,544.152
8214,11.1148,,158,,544.324
8215,11.1159,,160,,544.496
8216,11.117,,160,,544.667
8217,11.1181,,160,,544.839
8218,11.1191,,160,,545.011
8219,11.12,,160,,545.165
8220,11.1209,,160,,545.317
8221,11.1218,,160,,545.468
8222,11.1227,,160,,545.62
8223,11.1236,,160,,545.771
8224,11.1244,,160,,545.923
8225,11.1255,,160,,546.127
8226,11.1266,,160,,546.339
8227,11.1278,,160,,546.55
8228,11.1289,,160,,546.762
8229,11.13,,160,,546.974
8230,11.1309,,160,,547.278
8231,11.1318,,160,,547.596
8232,11.1326,,160,,547.913
8233,11.1335,,160,,548.231
8234,11.1344,,160,,548.549
8235,11.1352,,160,,548.866
8236,11.1353,,160,,549.661
8237,11.1361,,160,,550.068
8238,11.137,,160,,550.411
8239,11.1379,,160,,550.754
8240,11.1388,,160,,551.097
8241,11.1397,,160,,551.44
8242,11.1406,,160,,551.783
8243,11.1415,,160,,551.917
8244,11.1424,,160,,552.02
8245,11.1433,,160,,552.124
8246,11.1442,,160,,552.228
8247,11.1451,,160,,552.331
8248,11.146,,160,,552.435
8249,11.1469,,160,,552.556
8250,11.1478,,160,,552.68
8251,11.1486,,160,,552.804
8252,11.1495,,160,,552.927
8253,11.1504,,160,,553.051
8254,11.1513,,160,,553.175
8255,11.1524,,158,,553.279
8256,11.1535,,158,,553.381
8257,11.1546,,158,,553.482
8258,11.1558,,158,,553.584
8259,11.1569,,158,,553.686
8260,11.158,,158,,553.943
8261,11.1592,,158,,554.222
8262,11.1603,,158,,554.502
8263,11.1614,,158,,554.781
8264,11.1626,,158,,555.061
8265,11.1637,,158,,555.486
8266,11.1648,,158,,555.931
8267,11.166,,158,,556.377
8268,11.1671,,158,,556.823
8269,11.1682,,158,,557.268
8270,11.1691,,157,,557.418
8271,11.1699,,156,,557.527
8272,11.1706,,157,,557.636
8273,11.1714,,157,,557.744
8274,11.1722,,156,,557.853
8275,11.173,,157,,557.962
8276,11.1738,,158,,558.07
8277,11.1748,,158,,558.289
8278,11.1759,,158,,558.524
8279,11.1769,,158,,558.759
8280,11.1779,,158,,558.993
8281,11.179,,158,,559.228
8282,11.1799,,160,,559.436
8283,11.1808,,160,,559.641
8284,11.1818,,160,,559.845
8285,11.1827,,160,,560.05
8286,11.1836,,160,,560.254
8287,11.1845,,160,,560.459
8288,11.1858,,160,,560.407
8289,11.187,,160,,560.318
8290,11.1882,,160,,560.23
8291,11.1895,,160,,560.141
8292,11.1907,,160,,560.053
8293,11.1918,,160,,560.257
8294,11.1929,,160,,560.502
8295,11.194,,160,,560.748
8296,11.1952,,160,,560.993
8297,11.1963,,160,,561.238
8298,11.1973,,160,,561.297
8299,11.1984,,160,,561.329
8300,11.1995,,160,,561.361
8301,11.2005,,160,,561.394
8302,11.2016,,160,,561.426
8303,11.2029,,160,,561.671
8304,11.2042,,160,,561.946
8305,11.2055,,160,,562.221
8306,11.2068,,160,,562.495
8307,11.2085,,160,,562.714
8308,11.2102,,160,,562.925
8309,11.2119,,160,,563.136
8310,11.213,,160,,563.208
8311,11.2139,,158,,563.26
8312,11.2148,,158,,563.313
8313,11.2157,,158,,563.365
8314,11.2166,,158,,563.417
8315,11.2175,,158,,563.47
8316,11.2185,,158,,563.614
8317,11.2194,,158,,563.772
8318,11.2204,,158,,563.93
8319,11.2213,,158,,564.088
8320,11.2223,,158,,564.246
8321,11.2232,,158,,564.404
8322,11.2245,,158,,564.522
8323,11.2257,,158,,564.634
8324,11.227,,160,,564.746
8325,11.2282,,160,,564.858
8326,11.2294,,160,,564.903
8327,11.2306,,158,,564.939
8328,11.2317,,158,,564.974
8329,11.2329,,158,,565.01
8330,11.234,,158,,565.045
8331,11.2349,,158,,565.187
8332,11.2357,,158,,565.343
8333,11.2365,,158,,565.5
8334,11.2374,,158,,565.656
8335,11.2382,,158,,565.813
8336,11.239,,158,,565.969
8337,11.2398,,158,,566.125
8338,11.241,,158,,566.136
8339,11.2422,,158,,566.125
8340,11.2434,,158,,566.115
8341,11.2446,,158,,566.104
8342,11.2458,,158,,566.094
8343,11.2472,,158,,566.305
8344,11.2486,,158,,566.548
8345,11.25,,158,,566.791
8346,11.2514,,158,,567.033
8347,11.2525,,158,,567.345
8348,11.2535,,158,,567.666
8349,11.2546,,158,,567.987
8350,11.2557,,158,,568.308
8351,11.2568,,158,,568.629
8352,11.2583,,158,,568.96
8353,11.2598,,158,,569.294
8354,11.2614,,158,,569.627
8355,11.2629,,158,,569.961
8356,11.264,,158,,570.266
8357,11.265,,158,,570.567
8358,11.2659,,158,,570.868
8359,11.2669,,160,,571.169
8360,11.2679,,160,,571.471
8361,11.2689,,160,,571.772
8362,11.2698,,160,,572.075
8363,11.2707,,160,,572.378
8364,11.2715,,160,,572.682
8365,11.2724,,160,,572.985
8366,11.2733,,160,,573.288
8367,11.2742,,160,,573.591
8368,11.2752,,160,,573.709
8369,11.2763,,160,,573.8
8370,11.2774,,160,,573.891
8371,11.2785,,160,,573.982
8372,11.2796,,158,,574.073
8373,11.2806,,158,,574.207
8374,11.2817,,158,,574.348
8375,11.2827,,158,,574.488
8376,11.2837,,158,,574.628
8377,11.2847,,158,,574.768
8378,11.2856,,158,,575.092
8379,11.2865,,158,,575.442
8380,11.2874,,158,,575.793
8381,11.2882,,158,,576.143
8382,11.2891,,158,,576.493
8383,11.29,,158,,576.844
8384,11.2911,,158,,577.087
8385,11.2922,,158,,577.315
8386,11.2933,,158,,577.543
8387,11.2944,,158,,577.772
8388,11.2955,,158,,578
8389,11.2965,,158,,578.552
8390,11.2976,,159,,579.149
8391,11.2986,,159,,579.746
8392,11.2997,,158,,580.344
8393,11.3007,,158,,580.941
8394,11.3018,,158,,581.205
8395,11.3029,,158,,581.423
8396,11.304,,158,,581.64
8397,11.3051,,158,,581.857
8398,11.3062,,158,,582.074
8399,11.3076,,160,,582.274
8400,11.309,,160,,582.472
8401,11.3103,,160,,582.67
8402,11.3117,,160,,582.868
8403,11.3127,,160,,583.031
8404,11.3135,,160,,583.189
8405,11.3144,,160,,583.347
8406,11.3153,,160,,583.504
8407,11.3161,,160,,583.662
8408,11.317,,160,,583.82
8409,11.3181,,160,,583.967
8410,11.3192,,160,,584.112
8411,11.3203,,158,,584.258
8412,11.3214,,158,,584.403
8413,11.3225,,158,,584.548
8414,11.3236,,160,,584.822
8415,11.3248,,160,,585.113
8416,11.3259,,160,,585.405
8417,11.327,,160,,585.697
8418,11.3282,,160,,585.988
8419,11.3292,,160,,586.313
8420,11.3301,,160,,586.642
8421,11.3311,,160,,586.971
8422,11.3321,,160,,587.3
8423,11.333,,160,,587.629
8424,11.334,,160,,587.958
8425,11.3355,,160,,588.102
8426,11.3371,,160,,588.219
8427,11.3387,,160,,588.337
8428,11.3403,,160,,588.454
8429,11.3412,,160,,588.851
8430,11.342,,160,,589.288
8431,11.3429,,160,,589.725
8432,11.3437,,160,,590.162
8433,11.3445,,160,,590.599
8434,11.3453,,160,,591.036
8435,11.3461,,160,,591.472
8436,11.3469,,160,,591.642
8437,11.3477,,160,,591.774
8438,11.3485,,160,,591.907
8439,11.3493,,160,,592.039
8440,11.3501,,160,,592.171
8441,11.3508,,160,,592.303
8442,11.3516,,160,,592.435
8443,11.3526,,160,,592.645
8444,11.3537,,160,,592.865
8445,11.3547,,160,,593.086
8446,11.3558,,160,,593.307
8447,11.3568,,160,,593.527
8448,11.3577,,160,,593.711
8449,11.3585,,160,,593.889
8450,11.3594,,160,,594.067
8451,11.3602,,160,,594.246
8452,11.3611,,160,,594.424
8453,11.3619,,160,,594.602
8454,11.3632,,160,,594.682
8455,11.3645,,160,,594.747
8456,11.3658,,160,,594.812
8457,11.3671,,160,,594.878
8458,11.3684,,160,,595.023
8459,11.3697,,160,,595.181
8460,11.3709,,160,,595.338
8461,11.3722,,160,,595.495
8462,11.3739,,160,,595.52
8463,11.3755,,160,,595.527
8464,11.3772,,160,,595.534
8465,11.3781,,160,,595.748
8466,11.3789,,160,,595.991
8467,11.3796,,160,,596.234
8468,11.3804,,162,,596.477
8469,11.3812,,162,,596.72
8470,11.382,,162,,596.963
8471,11.3827,,162,,597.206
8472,11.3836,,162,,597.572
8473,11.3844,,162,,597.955
8474,11.3853,,162,,598.339
8475,11.3861,,162,,598.723
8476,11.3869,,162,,599.106
8477,11.3878,,162,,599.49
8478,11.3887,,162,,599.848
8479,11.3897,,162,,600.203
8480,11.3906,,162,,600.557
8481,11.3916,,162,,600.912
8482,11.3926,,162,,601.267
8483,11.3935,,162,,601.622
8484,11.394,,162,,602.018
8485,11.3945,,162,,602.42
8486,11.395,,162,,602.822
8487,11.3954,,162,,603.224
8488,11.3959,,162,,603.626
8489,11.3964,,162,,604.028
8490,11.3968,,162,,604.43
8491,11.3983,,162,,604.625
8492,11.4,,162,,604.792
8493,11.4016,,162,,604.958
8494,11.4032,,162,,605.125
8495,11.4049,,162,,605.613
8496,11.4066,,162,,606.146
8497,11.4083,,162,,606.679
8498,11.4098,,162,,606.93
8499,11.4112,,162,,607.14
8500,11.4126,,162,,607.35
8501,11.4141,,160,,607.56
8502,11.4155,,160,,607.75
8503,11.417,,161,,607.937
8504,11.4184,,160,,608.124
8505,11.4199,,160,,608.311
8506,11.4216,,158,,608.523
8507,11.4233,,158,,608.739
8508,11.425,,158,,608.956
8509,11.4268,,158,,608.834
8510,11.4286,,157,,608.664
8511,11.4304,,155,,608.495
8512,11.432,,155,,608.728
8513,11.4336,,155,,609.019
8514,11.4352,,154,,609.309
8515,11.4369,,154,,609.6
8516,11.438,,152,,609.822
8517,11.439,,152,,610.035
8518,11.44,,152,,610.248
8519,11.441,,151,,610.46
8520,11.442,,151,,610.673
8521,11.4431,,151,,610.885
8522,11.4445,,150,,611.06
8523,11.4459,,149,,611.229
8524,11.4474,,149,,611.398
8525,11.4489,,148,,611.567
8526,11.4507,,148,,611.805
8527,11.4526,,148,,612.053
8528,11.4545,,146,,612.301
8529,11.4554,,145,,612.468
8530,11.4561,,144,,612.624
8531,11.4569,,142,,612.779
8532,11.4582,,141,,612.756
8533,11.4597,,139,,612.708
8534,11.4611,,139,,612.659
8535,11.4625,,138,,612.61
8536,11.4642,,138,,612.53
8537,11.4658,,136,,612.445
8538,11.4675,,136,,612.359
8539,11.4691,,136,,612.274
8540,11.4711,,136,,612.31
8541,11.4732,,135,,612.362
8542,11.4752,,136,,612.415
8543,11.4771,,136,,612.752
8544,11.479,,134,,613.131
8545,11.4808,,134,,613.51
8546,11.4825,,135,,613.635
8547,11.4842,,136,,613.724
8548,11.4859,,136,,613.812
8549,11.4878,,136,,613.954
8550,11.4898,,139,,614.103
8551,11.4917,,139,,614.252
8552,11.4933,,139,,614.337
8553,11.4949,,140,,614.413
8554,11.4965,,139,,614.489
8555,11.498,,141,,614.565
8556,11.4993,,141,,614.603
8557,11.5006,,142,,614.636
8558,11.5018,,141,,614.669
8559,11.503,,142,,614.702
8560,11.5043,,142,,614.735
8561,11.5055,,142,,615.101
8562,11.5067,,142,,615.517
8563,11.5079,,144,,615.933
8564,11.5091,,144,,616.348
8565,11.5103,,144,,616.764
8566,11.5113,,144,,616.947
8567,11.5122,,145,,617.096
8568,11.5132,,146,,617.245
8569,11.5141,,146,,617.393
8570,11.5151,,148,,617.542
8571,11.516,,148,,617.691
8572,11.517,,148,,617.848
8573,11.5179,,148,,618.006
8574,11.5189,,149,,618.164
8575,11.5198,,149,,618.322
8576,11.5208,,149,,618.48
8577,11.5217,,151,,618.638
8578,11.5225,,150,,618.645
8579,11.5233,,150,,618.632
8580,11.524,,151,,618.618
8581,11.5248,,151,,618.604
8582,11.5256,,151,,618.59
8583,11.5263,,151,,618.576
8584,11.5271,,151,,618.562
8585,11.5278,,151,,618.604
8586,11.5285,,151,,618.654
8587,11.5293,,151,,618.705
8588,11.53,,151,,618.755
8589,11.5307,,150,,618.805
8590,11.5314,,151,,618.856
8591,11.5322,,150,,618.906
8592,11.5329,,150,,618.956
8593,11.5338,,151,,618.984
8594,11.5347,,151,,619.008
8595,11.5356,,152,,619.033
8596,11.5365,,152,,619.057
8597,11.5374,,152,,619.081
8598,11.5384,,154,,619.106
8599,11.539,,154,,619.3
8600,11.5396,,154,,619.518
8601,11.5402,,155,,619.736
8602,11.5408,,155,,619.955
8603,11.5413,,155,,620.173
8604,11.5419,,155,,620.392
8605,11.5425,,156,,620.61
8606,11.5431,,156,,620.829
8607,11.5437,,155,,621.047
8608,11.5441,,156,,621.168
8609,11.5444,,155,,621.275
8610,11.5447,,155,,621.381
8611,11.5455,,155,,621.57
8612,11.5463,,155,,621.77
8613,11.5471,,155,,621.97
8614,11.548,,155,,622.171
8615,11.5488,,155,,622.371
8616,11.5496,,155,,622.571
8617,11.5504,,155,,622.772
8618,11.5512,,155,,622.951
8619,11.5519,,155,,623.127
8620,11.5526,,155,,623.303
8621,11.5533,,155,,623.479
8622,11.554,,155,,623.655
8623,11.5548,,155,,623.831
8624,11.5555,,155,,624.007
8625,11.5562,,155,,624.152
8626,11.557,,155,,624.293
8627,11.5578,,155,,624.433
8628,11.5586,,155,,624.573
8629,11.5593,,155,,624.714
8630,11.5601,,155,,624.854
8631,11.5609,,155,,624.995
8632,11.5612,,155,,625.129
8633,11.5615,,155,,625.263
8634,11.5623,,155,,625.407
8635,11.5631,,155,,625.552
8636,11.5639,,155,,625.697
8637,11.5647,,155,,625.843
8638,11.5656,,155,,625.988
8639,11.5664,,155,,626.133
8640,11.5672,,155,,626.278
8641,11.5678,,156,,626.413
8642,11.5682,,155,,626.547
8643,11.5687,,157,,626.681
8644,11.5692,,157,,626.815
8645,11.5697,,156,,626.949
8646,11.5702,,157,,627.083
8647,11.5707,,156,,627.217
8648,11.5712,,157,,627.351
8649,11.5716,,157,,627.485
8650,11.5721,,156,,627.619
8651,11.5726,,157,,627.753
8652,11.5732,,156,,627.935
8653,11.5739,,157,,628.125
8654,11.5745,,157,,628.314
8655,11.5751,,156,,628.504
8656,11.5758,,157,,628.693
8657,11.5764,,156,,628.883
8658,11.577,,156,,629.072
8659,11.5777,,157,,629.261
8660,11.5783,,156,,629.451
8661,11.5788,,157,,629.545
8662,11.5793,,157,,629.626
8663,11.5798,,156,,629.707
8664,11.5803,,157,,629.787
8665,11.5808,,156,,629.868
8666,11.5813,,157,,629.949
8667,11.5818,,157,,630.029
8668,11.5823,,156,,630.11
8669,11.5828,,156,,630.191
8670,11.5833,,156,,630.272
8671,11.5838,,157,,630.352
8672,11.5845,,157,,630.467
8673,11.5853,,155,,630.587
8674,11.586,,156,,630.708
8675,11.5867,,155,,630.828
8676,11.5874,,157,,630.948
8677,11.5882,,157,,631.068
8678,11.5889,,156,,631.188
8679,11.5891,,157,,631.337
8680,11.5893,,157,,631.49
8681,11.5895,,156,,631.644
8682,11.5896,,157,,631.797
8683,11.5898,,155,,631.95
8684,11.5899,,156,,632.103
8685,11.5901,,156,,632.257
8686,11.5903,,155,,632.41
8687,11.5904,,156,,632.563
8688,11.5906,,155,,632.716
8689,11.5907,,156,,632.869
8690,11.5909,,155,,633.023
8691,11.591,,155,,633.176
8692,11.5912,,155,,633.329
8693,11.5914,,154,,633.482
8694,11.5915,,154,,633.636
8695,11.5917,,152,,633.789
8696,11.5918,,151,,633.942
8697,11.592,,150,,634.095
8698,11.5922,,151,,634.248
8699,11.5923,,149,,634.402
8700,11.5925,,148,,634.555
8701,11.5926,,148,,634.708
8702,11.5928,,148,,634.861
8703,11.593,,148,,635.015
8704,11.5931,,148,,635.168
8705,11.5933,,148,,635.321
8706,11.5934,,148,,635.474
8707,11.5936,,148,,635.627
8708,11.5938,,148,,635.781
8709,11.5939,,148,,635.934
8710,11.5941,,148,,636.087
8711,11.5948,,149,,636.435
8712,11.5956,,149,,636.811
8713,11.5964,,149,,637.188
8714,11.5972,,149,,637.564
8715,11.598,,149,,637.94
8716,11.5988,,149,,638.317
8717,11.5996,,149,,638.693
8718,11.6002,,149,,638.98
8719,11.6008,,149,,639.255
8720,11.6014,,151,,639.529
8721,11.602,,150,,639.803
8722,11.6026,,151,,640.078
8723,11.6032,,150,,640.352
8724,11.6038,,151,,640.626
8725,11.6044,,150,,640.901
8726,11.605,,151,,641.175
8727,11.6057,,151,,641.268
8728,11.6064,,151,,641.335
8729,11.6071,,151,,641.402
8730,11.6078,,151,,641.468
8731,11.6086,,151,,641.535
8732,11.6093,,152,,641.602
8733,11.61,,152,,641.669
8734,11.6107,,152,,641.859
8735,11.6115,,154,,642.067
8736,11.6122,,154,,642.276
8737,11.613,,154,,642.484
8738,11.6137,,154,,642.692
8739,11.6145,,155,,642.9
8740,11.6153,,155,,643.109
8741,11.6159,,155,,643.327
8742,11.6166,,155,,643.546
8743,11.6172,,155,,643.765
8744,11.6178,,155,,643.984
8745,11.6185,,155,,644.203
8746,11.6191,,155,,644.422
8747,11.6198,,155,,644.641
8748,11.6204,,155,,644.86
8749,11.6208,,154,,645.023
8750,11.6211,,154,,645.178
8751,11.6214,,154,,645.333
8752,11.6217,,154,,645.489
8753,11.622,,154,,645.644
8754,11.6223,,154,,645.799
8755,11.6226,,152,,645.954
8756,11.6229,,152,,646.109
8757,11.6232,,152,,646.264
8758,11.6235,,154,,646.419
8759,11.6238,,154,,646.574
8760,11.6241,,155,,646.729
8761,11.6244,,155,,646.884
8762,11.6247,,155,,647.039
8763,11.625,,155,,647.194
8764,11.6253,,155,,647.349
8765,11.6256,,155,,647.504
8766,11.6261,,155,,647.739
8767,11.6266,,155,,647.985
8768,11.6272,,155,,648.231
8769,11.6277,,155,,648.478
8770,11.6282,,155,,648.724
8771,11.6288,,155,,648.97
8772,11.6293,,155,,649.217
8773,11.6298,,155,,649.463
8774,11.6304,,155,,649.709
8775,11.6309,,155,,649.956
8776,11.6315,,155,,650.122
8777,11.6321,,155,,650.276
8778,11.6327,,155,,650.431
8779,11.6333,,155,,650.586
8780,11.6339,,155,,650.74
8781,11.6345,,155,,650.895
8782,11.6351,,155,,651.049
8783,11.6358,,155,,651.204
8784,11.6364,,155,,651.358
8785,11.637,,155,,651.525
8786,11.6377,,155,,651.694
8787,11.6384,,155,,651.862
8788,11.6391,,155,,652.031
8789,11.6398,,156,,652.199
8790,11.6405,,156,,652.368
8791,11.6412,,156,,652.537
8792,11.6419,,155,,652.705
8793,11.6424,,156,,652.818
8794,11.6429,,156,,652.922
8795,11.6434,,156,,653.027
8796,11.6439,,156,,653.131
8797,11.6444,,156,,653.236
8798,11.6449,,156,,653.34
8799,11.6454,,157,,653.445
8800,11.6458,,157,,653.549
8801,11.6463,,157,,653.654
8802,11.6468,,157,,653.758
8803,11.6473,,157,,653.863
8804,11.648,,157,,654.134
8805,11.6486,,157,,654.429
8806,11.6493,,157,,654.725
8807,11.65,,156,,655.021
8808,11.6506,,157,,655.316
8809,11.6513,,157,,655.612
8810,11.652,,157,,655.908
8811,11.6526,,157,,656.203
8812,11.6533,,157,,656.191
8813,11.654,,157,,656.133
8814,11.6546,,157,,656.075
8815,11.6553,,157,,656.017
8816,11.6559,,156,,655.96
8817,11.6566,,157,,655.902
8818,11.6573,,157,,655.844
8819,11.6579,,157,,655.786
8820,11.6586,,157,,655.728
8821,11.6593,,157,,655.937
8822,11.66,,157,,656.185
8823,11.6607,,157,,656.432
8824,11.6614,,157,,656.68
8825,11.6621,,157,,656.928
8826,11.6627,,157,,657.176
8827,11.6634,,157,,657.423
8828,11.6641,,157,,657.671
8829,11.6647,,157,,657.801
8830,11.6653,,157,,657.914
8831,11.6659,,157,,658.026
8832,11.6664,,157,,658.139
8833,11.667,,157,,658.252
8834,11.6676,,157,,658.364
8835,11.6682,,157,,658.477
8836,11.6687,,157,,658.59
8837,11.6693,,157,,658.702
8838,11.67,,157,,658.973
8839,11.6706,,157,,659.267
8840,11.6713,,158,,659.562
8841,11.6719,,158,,659.856
8842,11.6726,,158,,660.15
8843,11.6732,,158,,660.444
8844,11.6739,,158,,660.738
8845,11.6745,,158,,661.032
8846,11.6751,,158,,661.263
8847,11.6757,,158,,661.485
8848,11.6763,,158,,661.707
8849,11.6768,,158,,661.928
8850,11.6774,,158,,662.15
8851,11.678,,158,,662.372
8852,11.6786,,158,,662.593
8853,11.6791,,158,,662.815
8854,11.6797,,158,,663.036
8855,11.6805,,158,,663.261
8856,11.6813,,157,,663.485
8857,11.682,,157,,663.71
8858,11.6828,,157,,663.935
8859,11.6836,,157,,664.159
8860,11.6844,,157,,664.384
8861,11.6852,,157,,664.609
8862,11.686,,157,,664.657
8863,11.6867,,157,,664.679
8864,11.6875,,157,,664.701
8865,11.6883,,156,,664.723
8866,11.689,,157,,664.745
8867,11.6898,,157,,664.767
8868,11.6906,,157,,664.789
8869,11.6912,,157,,665.054
8870,11.6918,,156,,665.354
8871,11.6924,,157,,665.654
8872,11.6931,,157,,665.954
8873,11.6937,,157,,666.254
8874,11.6943,,157,,666.554
8875,11.6949,,157,,666.854
8876,11.6955,,157,,667.154
8877,11.6961,,157,,667.454
8878,11.6967,,156,,667.705
8879,11.6974,,157,,667.95
8880,11.698,,157,,668.194
8881,11.6987,,157,,668.438
8882,11.6994,,157,,668.683
8883,11.7,,156,,668.927
8884,11.7007,,157,,669.171
8885,11.7013,,157,,669.415
8886,11.7014,,157,,669.624
8887,11.7016,,157,,669.954
8888,11.7018,,156,,670.304
8889,11.7021,,157,,670.653
8890,11.7023,,157,,671.003
8891,11.7026,,156,,671.352
8892,11.7028,,157,,671.701
8893,11.7031,,156,,672.051
8894,11.7033,,156,,672.4
8895,11.7035,,155,,672.75
8896,11.7038,,155,,673.099
8897,11.704,,156,,673.448
8898,11.7043,,156,,673.798
8899,11.7045,,157,,674.147
8900,11.7047,,157,,674.497
8901,11.705,,156,,674.846
8902,11.7052,,157,,675.195
8903,11.7055,,157,,675.545
8904,11.7057,,157,,675.894
8905,11.7059,,157,,676.244
8906,11.7062,,155,,676.593
8907,11.7064,,156,,676.942
8908,11.7071,,156,,677.291
8909,11.7077,,155,,677.64
8910,11.7084,,156,,677.989
8911,11.7091,,155,,678.338
8912,11.7098,,155,,678.687
8913,11.7104,,155,,679.035
8914,11.7111,,155,,679.384
8915,11.7118,,155,,679.733
8916,11.7125,,155,,680.082
8917,11.7135,,156,,680.507
8918,11.7146,,155,,680.943
8919,11.7157,,156,,681.379
8920,11.7168,,155,,681.814
8921,11.7179,,155,,682.25
8922,11.7188,,156,,682.482
8923,11.7197,,155,,682.684
8924,11.7206,,156,,682.886
8925,11.7214,,157,,683.087
8926,11.7223,,156,,683.289
8927,11.7232,,157,,683.491
8928,11.7241,,156,,683.693
8929,11.7252,,157,,683.749
8930,11.7263,,157,,683.783
8931,11.7274,,156,,683.818
8932,11.7285,,157,,683.852
8933,11.7297,,156,,683.887
8934,11.7298,,157,,683.871
8935,11.73,,157,,684.002
8936,11.7303,,156,,684.156
8937,11.7305,,157,,684.309
8938,11.7307,,156,,684.463
8939,11.731,,157,,684.616
8940,11.7312,,156,,684.77
8941,11.7315,,155,,684.923
8942,11.7317,,155,,685.077
8943,11.732,,155,,685.23
8944,11.7322,,155,,685.384
8945,11.7324,,155,,685.537
8946,11.7327,,155,,685.691
8947,11.7329,,155,,685.844
8948,11.7332,,155,,685.998
8949,11.7334,,154,,686.151
8950,11.7337,,154,,686.305
8951,11.7339,,154,,686.458
8952,11.7341,,154,,686.612
8953,11.7344,,154,,686.765
8954,11.7346,,154,,686.919
8955,11.7349,,152,,687.072
8956,11.7354,,151,,687.321
8957,11.7359,,151,,687.583
8958,11.7365,,151,,687.846
8959,11.737,,151,,688.109
8960,11.7376,,151,,688.372
8961,11.7382,,151,,688.635
8962,11.7387,,151,,688.897
8963,11.7393,,151,,689.16
8964,11.7398,,151,,689.423
8965,11.7404,,152,,689.662
8966,11.7409,,152,,689.897
8967,11.7414,,152,,690.133
8968,11.742,,152,,690.368
8969,11.7425,,152,,690.603
8970,11.743,,152,,690.839
8971,11.7435,,152,,691.074
8972,11.7441,,152,,691.31
8973,11.7446,,152,,691.545
8974,11.7451,,152,,691.78
8975,11.7459,,152,,692.089
8976,11.7468,,152,,692.408
8977,11.7476,,152,,692.727
8978,11.7489,,152,,693.174
8979,11.7502,,152,,693.639
8980,11.7516,,152,,694.104
8981,11.753,,152,,694.57
8982,11.7537,,152,,694.706
8983,11.7543,,152,,694.793
8984,11.755,,152,,694.879
8985,11.7556,,152,,694.966
8986,11.7562,,152,,695.052
8987,11.7569,,152,,695.139
8988,11.7575,,152,,695.225
8989,11.7581,,152,,695.312
8990,11.7588,,152,,695.398
8991,11.7593,,152,,695.572
8992,11.7598,,152,,695.76
8993,11.7603,,152,,695.948
8994,11.7608,,152,,696.135
8995,11.7614,,152,,696.323
8996,11.7619,,152,,696.51
8997,11.7624,,152,,696.698
8998,11.7629,,151,,696.886
8999,11.7634,,151,,697.073
9000,11.7639,,150,,697.261
9001,11.7644,,151,,697.449
9002,11.765,,150,,697.613
9003,11.7656,,151,,697.775
9004,11.7661,,150,,697.936
9005,11.7667,,151,,698.097
9006,11.7673,,151,,698.259
9007,11.7678,,151,,698.42
9008,11.7684,,152,,698.581
9009,11.769,,152,,698.742
9010,11.7695,,152,,698.904
9011,11.7699,,152,,699.093
9012,11.7703,,154,,699.286
9013,11.7706,,154,,699.479
9014,11.771,,152,,699.673
9015,11.7714,,152,,699.866
9016,11.7718,,152,,700.059
9017,11.7721,,152,,700.253
9018,11.7725,,151,,700.446
9019,11.7729,,151,,700.639
9020,11.7732,,151,,700.833
9021,11.7736,,151,,701.026
9022,11.774,,150,,701.219
9023,11.7743,,149,,701.413
9024,11.7747,,149,,701.606
9025,11.7753,,149,,701.974
9026,11.7759,,148,,702.368
9027,11.7765,,148,,702.762
9028,11.7772,,148,,703.156
9029,11.7778,,148,,703.55
9030,11.7784,,148,,703.944
9031,11.779,,148,,704.338
9032,11.7797,,148,,704.732
9033,11.7803,,148,,705.126
9034,11.7811,,148,,705.468
9035,11.782,,148,,705.801
9036,11.7828,,148,,706.135
9037,11.7837,,148,,706.469
9038,11.7845,,148,,706.802
9039,11.7854,,148,,707.136
9040,11.786,,148,,707.552
9041,11.7866,,148,,707.979
9042,11.7871,,148,,708.407
9043,11.7877,,148,,708.835
9044,11.7882,,148,,709.263
9045,11.7888,,149,,709.691
9046,11.7893,,149,,710.119
9047,11.7899,,149,,710.547
9048,11.7905,,149,,710.975
9049,11.791,,149,,711.059
9050,11.7915,,149,,711.09
9051,11.792,,151,,711.122
9052,11.7925,,150,,711.153
9053,11.793,,151,,711.184
9054,11.7935,,151,,711.216
9055,11.794,,151,,711.247
9056,11.7945,,151,,711.279
9057,11.795,,151,,711.31
9058,11.7955,,151,,711.341
9059,11.7962,,151,,711.513
9060,11.7968,,152,,711.705
9061,11.7975,,152,,711.898
9062,11.7982,,152,,712.09
9063,11.7988,,152,,712.283
9064,11.7995,,152,,712.476
9065,11.8001,,152,,712.668
9066,11.8008,,154,,712.861
9067,11.8012,,154,,712.996
9068,11.8016,,154,,713.123
9069,11.802,,154,,713.25
9070,11.8024,,154,,713.377
9071,11.8028,,154,,713.504
9072,11.8032,,154,,713.631
9073,11.8035,,154,,713.758
9074,11.8039,,154,,713.885
9075,11.8043,,154,,714.012
9076,11.8047,,154,,714.139
9077,11.8051,,154,,714.266
9078,11.8055,,154,,714.393
9079,11.8059,,154,,714.52
9080,11.8064,,154,,714.793
9081,11.8069,,154,,715.089
9082,11.8074,,154,,715.385
9083,11.8079,,154,,715.681
9084,11.8084,,152,,715.976
9085,11.8089,,152,,716.272
9086,11.8094,,152,,716.568
9087,11.8099,,152,,716.864
9088,11.8105,,152,,717.159
9089,11.811,,152,,717.455
9090,11.8115,,152,,717.751
9091,11.8118,,152,,718.046
9092,11.8122,,151,,718.34
9093,11.8125,,151,,718.635
9094,11.813,,151,,718.971
9095,11.8135,,151,,719.314
9096,11.814,,151,,719.657
9097,11.8144,,151,,719.999
9098,11.8149,,151,,720.342
9099,11.8154,,151,,720.685
9100,11.8159,,151,,721.028
9101,11.8163,,152,,721.371
9102,11.8168,,152,,721.713
9103,11.8173,,151,,722.056
9104,11.8178,,151,,722.399
9105,11.8188,,151,,722.577
9106,11.8198,,151,,722.731
9107,11.8209,,152,,722.884
9108,11.822,,154,,723.037
9109,11.823,,154,,723.191
9110,11.8239,,154,,723.164
9111,11.8248,,155,,723.109
9112,11.8257,,155,,723.055
9113,11.8266,,155,,723.001
9114,11.8275,,155,,722.947
9115,11.8284,,155,,722.893
9116,11.8288,,155,,723.115
9117,11.8292,,155,,723.38
9118,11.8295,,155,,723.645
9119,11.8299,,155,,723.91
9120,11.8302,,155,,724.175
9121,11.8305,,155,,724.44
9122,11.8309,,154,,724.705
9123,11.8312,,154,,724.97
9124,11.8316,,154,,725.235
9125,11.8319,,154,,725.5
9126,11.8323,,154,,725.765
9127,11.8326,,154,,726.029
9128,11.833,,152,,726.294
9129,11.8333,,154,,726.559
9130,11.8336,,154,,726.824
9131,11.834,,154,,727.089
9132,11.8347,,154,,727.277
9133,11.8355,,154,,727.454
9134,11.8362,,155,,727.631
9135,11.837,,155,,727.807
9136,11.8378,,155,,727.984
9137,11.8386,,155,,728.161
9138,11.8393,,155,,728.338
9139,11.8403,,155,,728.467
9140,11.8414,,155,,728.589
9141,11.8424,,155,,728.712
9142,11.8434,,155,,728.834
9143,11.8445,,155,,728.956
9144,11.845,,155,,729.032
9145,11.8455,,155,,729.1
9146,11.846,,155,,729.168
9147,11.8465,,155,,729.237
9148,11.847,,156,,729.305
9149,11.8474,,155,,729.374
9150,11.8479,,156,,729.442
9151,11.8484,,156,,729.51
9152,11.8489,,155,,729.579
9153,11.8494,,156,,729.647
9154,11.8499,,155,,729.716
9155,11.8509,,156,,729.777
9156,11.852,,155,,729.837
9157,11.8531,,155,,729.898
9158,11.8542,,156,,729.958
9159,11.8553,,155,,730.019
9160,11.8555,,156,,730.327
9161,11.8558,,157,,730.514
9162,11.8561,,157,,730.677
9163,11.8564,,157,,730.839
9164,11.8568,,156,,731.002
9165,11.8571,,157,,731.165
9166,11.8574,,157,,731.327
9167,11.8578,,156,,731.49
9168,11.8581,,157,,731.653
9169,11.8584,,156,,731.815
9170,11.8588,,157,,731.978
9171,11.8591,,157,,732.141
9172,11.8594,,156,,732.303
9173,11.8598,,157,,732.466
9174,11.8601,,156,,732.629
9175,11.8604,,156,,732.791
9176,11.8608,,156,,732.954
9177,11.8613,,155,,733.027
9178,11.8619,,156,,733.085
9179,11.8626,,157,,733.144
9180,11.8632,,157,,733.203
9181,11.8638,,157,,733.262
9182,11.8644,,156,,733.321
9183,11.865,,157,,733.38
9184,11.8656,,157,,733.439
9185,11.8662,,157,,733.498
9186,11.8671,,157,,733.635
9187,11.868,,155,,733.785
9188,11.8689,,157,,733.935
9189,11.8699,,157,,734.084
9190,11.8708,,157,,734.234
9191,11.8717,,157,,734.384
9192,11.8729,,157,,734.668
9193,11.8741,,157,,734.973
9194,11.8754,,157,,735.278
9195,11.8766,,157,,735.583
9196,11.8779,,157,,735.887
9197,11.8791,,157,,736.185
9198,11.8804,,157,,736.481
9199,11.8817,,157,,736.778
9200,11.8829,,158,,737.074
9201,11.8842,,158,,737.371
9202,11.8856,,158,,737.735
9203,11.8869,,158,,738.11
9204,11.8883,,158,,738.485
9205,11.8897,,158,,738.86
9206,11.8906,,158,,739.131
9207,11.8915,,158,,739.387
9208,11.8924,,158,,739.643
9209,11.8933,,158,,739.898
9210,11.8942,,158,,740.154
9211,11.8951,,160,,740.41
9212,11.8962,,160,,740.735
9213,11.8973,,160,,741.07
9214,11.8985,,160,,741.406
9215,11.8996,,160,,741.742
9216,11.9007,,160,,742.077
9217,11.9027,,160,,742.312
9218,11.9048,,160,,742.532
9219,11.907,,160,,742.751
9220,11.9089,,160,,743.011
9221,11.9108,,160,,743.277
9222,11.9127,,160,,743.543
9223,11.9142,,160,,743.782
9224,11.9156,,160,,744.018
9225,11.9169,,160,,744.253
9226,11.9183,,158,,744.489
9227,11.9197,,158,,744.661
9228,11.921,,158,,744.824
9229,11.9224,,158,,744.987
9230,11.9237,,158,,745.15
9231,11.9248,,158,,745.483
9232,11.9259,,158,,745.841
9233,11.927,,158,,746.199
9234,11.9281,,158,,746.558
9235,11.9291,,158,,746.916
9236,11.9302,,158,,747.274
9237,11.9313,,158,,747.556
9238,11.9325,,158,,747.826
9239,11.9336,,158,,748.096
9240,11.9348,,158,,748.367
9241,11.9359,,158,,748.637
9242,11.9372,,158,,748.832
9243,11.9385,,158,,749.016
9244,11.9398,,158,,749.199
9245,11.9411,,158,,749.383
9246,11.9424,,158,,749.566
9247,11.9436,,158,,749.799
9248,11.9448,,158,,750.04
9249,11.9459,,158,,750.28
9250,11.9471,,158,,750.521
9251,11.9483,,158,,750.761
9252,11.9494,,158,,751.007
9253,11.9504,,158,,751.254
9254,11.9514,,158,,751.501
9255,11.9524,,158,,751.747
9256,11.9534,,158,,751.994
9257,11.9546,,158,,752.214
9258,11.956,,158,,752.43
9259,11.9573,,159,,752.645
9260,11.9586,,159,,752.861
9261,11.9597,,158,,753.176
9262,11.9609,,158,,753.506
9263,11.962,,158,,753.835
9264,11.9631,,158,,754.165
9265,11.9643,,158,,754.495
9266,11.9655,,158,,754.66
9267,11.9666,,158,,754.8
9268,11.9678,,158,,754.94
9269,11.969,,158,,755.08
9270,11.9702,,158,,755.22
9271,11.9714,,158,,755.517
9272,11.9725,,158,,755.837
9273,11.9737,,158,,756.157
9274,11.9749,,158,,756.478
9275,11.9761,,158,,756.798
9276,11.978,,158,,757.181
9277,11.9799,,158,,757.573
9278,11.9819,,158,,757.965
9279,11.9841,,158,,758.16
9280,11.9863,,158,,758.325
9281,11.9885,,158,,758.491
9282,11.99,,158,,758.544
9283,11.9914,,158,,758.58
9284,11.9927,,158,,758.616
9285,11.9941,,158,,758.652
9286,11.9953,,158,,758.613
9287,11.9965,,158,,758.563
9288,11.9976,,158,,758.514
9289,11.9988,,160,,758.464
9290,11.9999,,160,,758.414
9291,12.0016,,160,,758.762
9292,12.0033,,160,,759.171
9293,12.005,,160,,759.581
9294,12.0064,,160,,759.759
9295,12.0076,,160,,759.902
9296,12.0089,,160,,760.045
9297,12.0101,,160,,760.188
9298,12.011,,160,,760.353
9299,12.0117,,160,,760.521
9300,12.0124,,160,,760.69
9301,12.0132,,160,,760.858
9302,12.0144,,160,,761.166
9303,12.0156,,160,,761.495
9304,12.0168,,160,,761.824
9305,12.0181,,160,,762.153
9306,12.0193,,160,,762.481
9307,12.0204,,160,,762.76
9308,12.0215,,160,,763.032
9309,12.0226,,161,,763.303
9310,12.0236,,160,,763.574
9311,12.0247,,160,,763.846
9312,12.026,,161,,764.022
9313,12.0273,,160,,764.184
9314,12.0286,,160,,764.346
9315,12.0299,,161,,764.508
9316,12.0308,,160,,764.637
9317,12.0317,,160,,764.76
9318,12.0325,,161,,764.883
9319,12.0334,,160,,765.006
9320,12.0343,,160,,765.129
9321,12.0352,,161,,765.252
9322,12.0362,,160,,765.528
9323,12.0372,,160,,765.826
9324,12.0382,,160,,766.125
9325,12.0392,,160,,766.424
9326,12.0402,,160,,766.722
9327,12.0413,,160,,767.021
9328,12.0423,,160,,767.108
9329,12.0434,,160,,767.163
9330,12.0444,,161,,767.217
9331,12.0455,,160,,767.272
9332,12.0465,,160,,767.327
9333,12.0477,,161,,767.555
9334,12.0489,,160,,767.809
9335,12.05,,160,,768.063
9336,12.0512,,161,,768.317
9337,12.0524,,160,,768.571
9338,12.0534,,160,,768.96
9339,12.0545,,161,,769.371
9340,12.0555,,160,,769.781
9341,12.0565,,160,,770.191
9342,12.0576,,160,,770.601
9343,12.0586,,160,,771.011
9344,12.0599,,160,,771.283
9345,12.0612,,160,,771.534
9346,12.0626,,160,,771.785
9347,12.0639,,160,,772.036
9348,12.0652,,161,,772.443
9349,12.0665,,160,,772.873
9350,12.0677,,160,,773.303
9351,12.069,,161,,773.734
9352,12.0704,,160,,774.01
9353,12.0718,,160,,774.264
9354,12.0732,,161,,774.517
9355,12.0746,,160,,774.77
9356,12.0755,,160,,775.117
9357,12.0762,,161,,775.478
9358,12.077,,160,,775.839
9359,12.0778,,160,,776.2
9360,12.0785,,160,,776.561
9361,12.0793,,161,,776.922
9362,12.0801,,160,,777.283
9363,12.081,,160,,777.449
9364,12.082,,161,,777.585
9365,12.0829,,160,,777.721
9366,12.0839,,160,,777.857
9367,12.0849,,161,,777.994
9368,12.0859,,160,,778.13
9369,12.087,,160,,778.315
9370,12.0883,,162,,778.508
9371,12.0895,,162,,778.701
9372,12.0907,,162,,778.893
9373,12.0919,,162,,779.086
9374,12.093,,162,,779.246
9375,12.094,,162,,779.401
9376,12.095,,162,,779.556
9377,12.096,,162,,779.711
9378,12.097,,162,,779.866
9379,12.098,,162,,780.021
9380,12.0996,,162,,780.189
9381,12.1014,,162,,780.359
9382,12.1031,,162,,780.529
9383,12.1039,,162,,780.758
9384,12.1045,,162,,780.995
9385,12.1052,,162,,781.233
9386,12.1058,,162,,781.471
9387,12.1067,,162,,781.824
9388,12.1076,,162,,782.195
9389,12.1086,,162,,782.566
9390,12.1095,,162,,782.937
9391,12.1105,,162,,783.309
9392,12.1114,,162,,783.68
9393,12.1125,,162,,783.797
9394,12.1137,,162,,783.876
9395,12.1149,,162,,783.954
9396,12.1161,,162,,784.032
9397,12.1172,,162,,784.11
9398,12.1185,,162,,784.411
9399,12.1198,,162,,784.747
9400,12.121,,162,,785.084
9401,12.1223,,162,,785.42
9402,12.1235,,162,,785.783
9403,12.1247,,162,,786.151
9404,12.1259,,162,,786.518
9405,12.1271,,162,,786.886
9406,12.1283,,162,,787.253
9407,12.1296,,162,,787.392
9408,12.1308,,162,,787.496
9409,12.1321,,162,,787.6
9410,12.1334,,162,,787.704
9411,12.1347,,162,,787.807
9412,12.1358,,162,,788.005
9413,12.1368,,162,,788.218
9414,12.1378,,162,,788.43
9415,12.1389,,162,,788.642
9416,12.1399,,162,,788.855
9417,12.1409,,162,,789.067
9418,12.1424,,162,,789.188
9419,12.1439,,162,,789.294
9420,12.1455,,162,,789.4
9421,12.147,,162,,789.507
9422,12.1484,,162,,789.6
9423,12.1499,,162,,789.691
9424,12.1513,,162,,789.783
9425,12.1527,,160,,789.874
9426,12.1546,,161,,790.158
9427,12.1566,,160,,790.472
9428,12.1586,,160,,790.786
9429,12.1597,,161,,791.048
9430,12.1606,,160,,791.302
9431,12.1615,,160,,791.556
9432,12.1625,,161,,791.81
9433,12.1634,,160,,792.064
9434,12.1643,,160,,792.318
9435,12.1656,,162,,792.607
9436,12.167,,162,,792.901
9437,12.1683,,162,,793.195
9438,12.1697,,162,,793.489
9439,12.1709,,162,,793.537
9440,12.172,,162,,793.547
9441,12.1731,,162,,793.557
9442,12.1742,,162,,793.567
9443,12.1754,,162,,793.576
9444,12.1763,,162,,793.793
9445,12.1771,,162,,794.042
9446,12.178,,162,,794.291
9447,12.1789,,162,,794.541
9448,12.1797,,162,,794.79
9449,12.1806,,162,,795.039
9450,12.1815,,162,,795.288
9451,12.1825,,162,,795.611
9452,12.1836,,162,,795.945
9453,12.1848,,162,,796.28
9454,12.1859,,162,,796.614
9455,12.187,,162,,796.948
9456,12.1881,,162,,797.13
9457,12.1892,,162,,797.287
9458,12.1903,,162,,797.444
9459,12.1915,,160,,797.602
9460,12.1926,,160,,797.759
9461,12.1937,,160,,798.154
9462,12.1949,,161,,798.586
9463,12.196,,160,,799.018
9464,12.1972,,160,,799.45
9465,12.1983,,161,,799.882
9466,12.1993,,160,,800.05
9467,12.2003,,160,,800.178
9468,12.2012,,161,,800.305
9469,12.2022,,160,,800.433
9470,12.2032,,160,,800.56
9471,12.2042,,160,,800.687
9472,12.2052,,158,,800.807
9473,12.2063,,158,,800.926
9474,12.2074,,158,,801.045
9475,12.2085,,158,,801.163
9476,12.2096,,158,,801.282
9477,12.2109,,158,,801.553
9478,12.2122,,158,,801.848
9479,12.2134,,158,,802.143
9480,12.2147,,158,,802.438
9481,12.216,,160,,802.409
9482,12.2172,,160,,802.329
9483,12.2185,,160,,802.25
9484,12.2197,,160,,802.17
9485,12.221,,161,,802.091
9486,12.2221,,160,,802.294
9487,12.2232,,160,,802.541
9488,12.2242,,162,,802.789
9489,12.2253,,162,,803.036
9490,12.2264,,162,,803.283
9491,12.2272,,162,,803.455
9492,12.228,,162,,803.615
9493,12.2288,,162,,803.775
9494,12.2296,,162,,803.935
9495,12.2304,,162,,804.095
9496,12.2312,,162,,804.255
9497,12.2319,,160,,804.415
9498,12.2332,,161,,804.59
9499,12.2345,,160,,804.768
9500,12.2358,,160,,804.946
9501,12.2371,,160,,805.124
9502,12.238,,160,,805.298
9503,12.2388,,160,,805.472
9504,12.2397,,160,,805.646
9505,12.2406,,160,,805.821
9506,12.2415,,160,,805.995
9507,12.2423,,160,,806.169
9508,12.2432,,160,,806.396
9509,12.2441,,160,,806.632
9510,12.245,,160,,806.868
9511,12.2458,,160,,807.104
9512,12.2467,,160,,807.34
9513,12.2476,,158,,807.576
9514,12.2485,,158,,807.811
9515,12.2495,,158,,807.936
9516,12.2506,,158,,808.043
9517,12.2517,,158,,808.149
9518,12.2528,,158,,808.256
9519,12.2539,,157,,808.363
9520,12.2549,,157,,808.864
9521,12.256,,156,,809.427
9522,12.2571,,157,,809.99
9523,12.2581,,156,,810.552
9524,12.2592,,158,,811.115
9525,12.2599,,158,,811.376
9526,12.2605,,158,,811.589
9527,12.2611,,158,,811.802
9528,12.2617,,158,,812.016
9529,12.2623,,158,,812.229
9530,12.2629,,160,,812.443
9531,12.2635,,160,,812.656
9532,12.2641,,160,,812.869
9533,12.2647,,160,,813.083
9534,12.2658,,160,,813.27
9535,12.267,,162,,813.453
9536,12.2682,,162,,813.636
9537,12.2693,,162,,813.82
9538,12.2705,,162,,814.003
9539,12.2714,,160,,814.179
9540,12.2723,,160,,814.355
9541,12.2732,,161,,814.531
9542,12.2741,,160,,814.706
9543,12.275,,160,,814.882
9544,12.2759,,160,,815.058
9545,12.276,,160,,815.471
9546,12.2769,,160,,815.901
9547,12.278,,160,,816.328
9548,12.279,,160,,816.754
9549,12.28,,160,,817.181
9550,12.2811,,160,,817.608
9551,12.282,,160,,817.805
9552,12.2828,,160,,817.967
9553,12.2837,,160,,818.129
9554,12.2846,,160,,818.291
9555,12.2855,,160,,818.453
9556,12.2864,,160,,818.614
9557,12.287,,160,,818.685
9558,12.2876,,160,,818.741
9559,12.2882,,160,,818.796
9560,12.2888,,160,,818.852
9561,12.2894,,160,,818.908
9562,12.29,,160,,818.964
9563,12.2906,,160,,819.02
9564,12.2912,,160,,819.076
9565,12.2918,,160,,819.132
9566,12.2927,,160,,819.534
9567,12.2937,,160,,819.991
9568,12.2946,,158,,820.448
9569,12.2956,,158,,820.905
9570,12.2966,,160,,821.362
9571,12.2976,,160,,821.819
9572,12.2982,,160,,822.062
9573,12.2988,,160,,822.272
9574,12.2995,,160,,822.482
9575,12.3001,,160,,822.691
9576,12.3007,,160,,822.901
9577,12.3013,,160,,823.11
9578,12.3019,,160,,823.32
9579,12.3026,,160,,823.53
9580,12.3032,,160,,823.739
9581,12.3042,,158,,823.92
9582,12.3052,,158,,824.097
9583,12.3063,,158,,824.274
9584,12.3073,,158,,824.451
9585,12.3083,,158,,824.628
9586,12.3091,,158,,824.821
9587,12.3098,,158,,825.017
9588,12.3105,,158,,825.213
9589,12.3112,,158,,825.409
9590,12.3119,,158,,825.605
9591,12.3126,,158,,825.801
9592,12.3133,,158,,825.997
9593,12.3139,,158,,826.193
9594,12.315,,158,,826.573
9595,12.316,,158,,826.983
9596,12.3171,,158,,827.393
9597,12.3182,,158,,827.802
9598,12.3193,,158,,828.212
9599,12.3206,,158,,828.601
9600,12.3219,,158,,828.988
9601,12.3233,,158,,829.374
9602,12.3246,,158,,829.76
9603,12.3257,,158,,829.948
9604,12.3268,,158,,830.104
9605,12.3279,,158,,830.26
9606,12.329,,158,,830.416
9607,12.33,,160,,830.572
9608,12.3312,,160,,830.618
9609,12.3323,,160,,830.648
9610,12.3335,,160,,830.677
9611,12.3346,,160,,830.707
9612,12.3358,,158,,830.736
9613,12.3363,,158,,831.241
9614,12.3367,,158,,831.821
9615,12.3374,,158,,831.955
9616,12.3381,,160,,832.02
9617,12.3388,,160,,832.085
9618,12.3395,,160,,832.149
9619,12.3402,,158,,832.214
9620,12.3409,,158,,832.278
9621,12.3416,,158,,832.343
9622,12.3423,,158,,832.408
9623,12.3429,,158,,832.68
9624,12.3436,,158,,832.986
9625,12.3442,,158,,833.291
9626,12.3449,,158,,833.596
9627,12.3455,,160,,833.901
9628,12.3461,,160,,834.207
9629,12.3468,,160,,834.512
9630,12.3474,,160,,834.817
9631,12.3482,,160,,834.963
9632,12.3489,,160,,835.085
9633,12.3497,,160,,835.206
9634,12.3504,,160,,835.327
9635,12.3512,,160,,835.449
9636,12.3519,,160,,835.57
9637,12.3527,,160,,835.691
9638,12.3533,,158,,835.702
9639,12.3539,,158,,835.696
9640,12.3546,,158,,835.689
9641,12.3552,,158,,835.683
9642,12.3558,,158,,835.676
9643,12.3565,,158,,835.67
9644,12.3571,,158,,835.663
9645,12.3577,,158,,835.657
9646,12.3588,,158,,835.943
9647,12.3599,,158,,836.276
9648,12.3611,,158,,836.608
9649,12.3622,,158,,836.941
9650,12.3633,,158,,837.273
9651,12.365,,158,,837.576
9652,12.3668,,158,,837.874
9653,12.3686,,158,,838.173
9654,12.3698,,158,,838.496
9655,12.371,,158,,838.822
9656,12.3721,,158,,839.149
9657,12.3732,,158,,839.475
9658,12.3743,,158,,839.802
9659,12.3752,,158,,840.113
9660,12.376,,158,,840.422
9661,12.3769,,158,,840.731
9662,12.3777,,158,,841.039
9663,12.3786,,158,,841.348
9664,12.3794,,158,,841.657
9665,12.3802,,158,,841.7
9666,12.381,,158,,841.701
9667,12.3818,,158,,841.702
9668,12.3827,,158,,841.703
9669,12.3835,,158,,841.705
9670,12.3843,,158,,841.706
9671,12.3847,,158,,841.846
9672,12.3851,,158,,842.009
9673,12.3855,,158,,842.171
9674,12.3859,,158,,842.333
9675,12.3863,,158,,842.495
9676,12.3867,,158,,842.657
9677,12.3871,,158,,842.82
9678,12.3874,,158,,842.982
9679,12.3878,,158,,843.144
9680,12.3882,,158,,843.306
9681,12.3886,,158,,843.468
9682,12.389,,159,,843.631
9683,12.3894,,158,,843.793
9684,12.3898,,158,,843.955
9685,12.3902,,158,,844.117
9686,12.3911,,158,,844.329
9687,12.3921,,158,,844.548
9688,12.3931,,158,,844.767
9689,12.3941,,158,,844.987
9690,12.3951,,158,,845.206
9691,12.3961,,156,,845.425
9692,12.3967,,157,,845.474
9693,12.3973,,157,,845.495
9694,12.3979,,156,,845.516
9695,12.3985,,157,,845.538
9696,12.3991,,156,,845.559
9697,12.3996,,157,,845.581
9698,12.4002,,157,,845.602
9699,12.4008,,156,,845.624
9700,12.4014,,157,,845.645
9701,12.402,,157,,845.667
9702,12.4033,,156,,845.78
9703,12.4047,,157,,845.907
9704,12.406,,156,,846.034
9705,12.4074,,157,,846.162
9706,12.4087,,157,,846.289
9707,12.41,,156,,846.416
9708,12.4113,,157,,846.543
9709,12.4125,,158,,846.67
9710,12.4136,,158,,847.022
9711,12.4146,,158,,847.408
9712,12.4156,,158,,847.795
9713,12.4166,,158,,848.181
9714,12.4176,,158,,848.568
9715,12.4186,,158,,848.863
9716,12.4196,,158,,849.144
9717,12.4206,,158,,849.424
9718,12.4216,,158,,849.705
9719,12.4227,,158,,849.986
9720,12.4237,,158,,850.267
9721,12.425,,158,,850.316
9722,12.4265,,158,,850.329
9723,12.4279,,158,,850.343
9724,12.4293,,158,,850.356
9725,12.4306,,158,,850.452
9726,12.432,,160,,850.56
9727,12.4333,,160,,850.669
9728,12.4346,,160,,850.777
9729,12.4359,,160,,850.886
9730,12.4371,,160,,851.088
9731,12.4382,,160,,851.305
9732,12.4394,,160,,851.521
9733,12.4405,,160,,851.738
9734,12.4417,,160,,851.955
9735,12.4424,,160,,852.118
9736,12.4431,,160,,852.272
9737,12.4437,,160,,852.427
9738,12.4444,,160,,852.582
9739,12.4451,,160,,852.699
9740,12.4458,,160,,852.812
9741,12.4465,,160,,852.924
9742,12.4472,,160,,853.036
9743,12.4479,,160,,853.148
9744,12.4486,,160,,853.261
9745,12.4492,,160,,853.373
9746,12.4499,,160,,853.485
9747,12.451,,160,,853.489
9748,12.4521,,160,,853.476
9749,12.4531,,160,,853.463
9750,12.4542,,160,,853.45
9751,12.4553,,160,,853.436
9752,12.4566,,160,,853.642
9753,12.4579,,160,,853.883
9754,12.4591,,160,,854.123
9755,12.4604,,160,,854.363
9756,12.4615,,160,,854.509
9757,12.4625,,160,,854.64
9758,12.4635,,160,,854.77
9759,12.4645,,160,,854.901
9760,12.4655,,160,,855.031
9761,12.4665,,160,,855.162
9762,12.4675,,160,,855.549
9763,12.4686,,160,,855.975
9764,12.4696,,160,,856.402
9765,12.4706,,160,,856.829
9766,12.4717,,160,,857.255
9767,12.4718,,160,,857.955
9768,12.4723,,160,,858.356
9769,12.4728,,160,,858.703
9770,12.4733,,158,,859.05
9771,12.4738,,158,,859.398
9772,12.4743,,158,,859.745
9773,12.4748,,158,,860.092
9774,12.4753,,158,,860.439
9775,12.4758,,158,,860.787
9776,12.4763,,158,,861.134
9777,12.4768,,158,,861.481
9778,12.4777,,158,,861.59
9779,12.4786,,158,,861.661
9780,12.4795,,158,,861.732
9781,12.4805,,158,,861.803
9782,12.4814,,158,,861.874
9783,12.4823,,158,,861.945
9784,12.4833,,158,,862.048
9785,12.4844,,157,,862.155
9786,12.4855,,156,,862.263
9787,12.4865,,157,,862.371
9788,12.4876,,157,,862.478
9789,12.4887,,156,,862.601
9790,12.4899,,157,,862.727
9791,12.4911,,156,,862.852
9792,12.4923,,157,,862.977
9793,12.4935,,157,,863.102
9794,12.4948,,156,,863.333
9795,12.4962,,157,,863.581
9796,12.4975,,156,,863.829
9797,12.4989,,157,,864.077
9798,12.5002,,157,,864.28
9799,12.5015,,156,,864.477
9800,12.5027,,157,,864.674
9801,12.504,,156,,864.87
9802,12.5053,,157,,865.067
9803,12.5063,,157,,865.199
9804,12.5074,,156,,865.321
9805,12.5084,,157,,865.443
9806,12.5095,,157,,865.565
9807,12.5105,,156,,865.687
9808,12.5117,,157,,865.892
9809,12.513,,156,,866.11
9810,12.5143,,157,,866.329
9811,12.5156,,157,,866.547
9812,12.5167,,156,,866.701
9813,12.5178,,157,,866.844
9814,12.519,,156,,866.988
9815,12.5201,,157,,867.132
9816,12.5212,,157,,867.275
9817,12.5226,,156,,867.504
9818,12.524,,157,,867.746
9819,12.5254,,156,,867.989
9820,12.5268,,157,,868.231
9821,12.5281,,157,,868.475
9822,12.5295,,156,,868.719
9823,12.5309,,157,,868.963
9824,12.5322,,157,,869.207
9825,12.5336,,156,,869.326
9826,12.5349,,158,,869.424
9827,12.5362,,158,,869.523
9828,12.5376,,158,,869.621
9829,12.539,,158,,870.25
9830,12.5406,,158,,870.965
9831,12.5421,,158,,871.679
9832,12.5436,,158,,872.394
9833,12.5451,,158,,872.769
9834,12.5466,,158,,873.089
9835,12.5481,,158,,873.409
9836,12.5496,,158,,873.729
9837,12.551,,158,,874.16
9838,12.5523,,158,,874.609
9839,12.5537,,158,,875.057
9840,12.5551,,158,,875.505
9841,12.5563,,158,,875.64
9842,12.5576,,158,,875.725
9843,12.5588,,158,,875.809
9844,12.56,,158,,875.894
9845,12.5612,,158,,875.978
9846,12.5628,,158,,876.222
9847,12.5645,,158,,876.492
9848,12.5661,,158,,876.761
9849,12.5677,,158,,877.031
9850,12.5693,,158,,877.22
9851,12.5709,,158,,877.396
9852,12.5724,,158,,877.572
9853,12.574,,158,,877.748
9854,12.5755,,158,,877.911
9855,12.5769,,158,,878.072
9856,12.5784,,158,,878.233
9857,12.5799,,158,,878.393
9858,12.5812,,158,,878.62
9859,12.5824,,158,,878.857
9860,12.5836,,158,,879.094
9861,12.5848,,158,,879.331
9862,12.5861,,158,,879.568
9863,12.5871,,158,,879.734
9864,12.5881,,158,,879.89
9865,12.5891,,158,,880.045
9866,12.5901,,157,,880.2
9867,12.5911,,157,,880.355
9868,12.5925,,156,,880.585
9869,12.5939,,157,,880.826
9870,12.5953,,156,,881.068
9871,12.5967,,157,,881.309
9872,12.5978,,157,,881.604
9873,12.5989,,156,,881.907
9874,12.6,,157,,882.211
9875,12.6011,,156,,882.514
9876,12.6022,,157,,882.817
9877,12.6035,,157,,883.315
9878,12.6048,,156,,883.845
9879,12.6061,,157,,884.375
9880,12.6074,,156,,884.905
9881,12.6088,,157,,885.145
9882,12.6101,,157,,885.338
9883,12.6115,,156,,885.531
9884,12.6128,,157,,885.724
9885,12.6142,,157,,885.948
9886,12.6155,,156,,886.178
9887,12.6168,,157,,886.407
9888,12.6182,,156,,886.636
9889,12.6193,,157,,886.831
9890,12.6204,,157,,887.021
9891,12.6215,,156,,887.21
9892,12.6226,,156,,887.4
9893,12.6237,,156,,887.59
9894,12.6248,,158,,887.853
9895,12.626,,158,,888.129
9896,12.6272,,158,,888.404
9897,12.6283,,158,,888.68
9898,12.6295,,158,,888.956
9899,12.6308,,158,,889.338
9900,12.632,,158,,889.737
9901,12.6333,,158,,890.136
9902,12.6346,,158,,890.536
9903,12.6353,,158,,890.734
9904,12.6358,,158,,890.899
9905,12.6364,,158,,891.064
9906,12.6371,,158,,891.305
9907,12.6378,,158,,891.558
9908,12.6384,,158,,891.812
9909,12.6391,,158,,892.065
9910,12.6398,,158,,892.318
9911,12.6405,,158,,892.571
9912,12.6411,,158,,892.825
9913,12.6418,,158,,893.078
9914,12.6427,,158,,893.371
9915,12.6437,,158,,893.67
9916,12.6446,,158,,893.969
9917,12.6456,,158,,894.268
9918,12.6465,,158,,894.567
9919,12.6474,,158,,894.867
9920,12.6485,,158,,895.15
9921,12.6496,,158,,895.43
9922,12.6508,,158,,895.711
9923,12.6519,,156,,895.991
9924,12.653,,157,,896.272
9925,12.6542,,156,,896.543
9926,12.6554,,157,,896.813
9927,12.6566,,157,,897.083
9928,12.6578,,156,,897.354
9929,12.6591,,156,,897.624
9930,12.6599,,157,,897.623
9931,12.6606,,156,,897.578
9932,12.6614,,157,,897.533
9933,12.6621,,158,,897.488
9934,12.6626,,158,,897.513
9935,12.663,,158,,897.549
9936,12.6634,,156,,897.585
9937,12.6637,,157,,897.62
9938,12.6641,,156,,897.656
9939,12.6645,,157,,897.692
9940,12.6649,,157,,897.728
9941,12.6653,,156,,897.764
9942,12.6657,,157,,897.8
9943,12.6661,,156,,897.836
9944,12.6665,,155,,897.871
9945,12.6669,,156,,897.907
9946,12.6673,,155,,897.943
9947,12.6682,,156,,898.178
9948,12.6692,,155,,898.446
9949,12.6702,,156,,898.713
9950,12.6713,,156,,898.981
9951,12.6723,,155,,899.248
9952,12.6732,,156,,899.461
9953,12.6742,,155,,899.666
9954,12.6751,,156,,899.87
9955,12.676,,156,,900.075
9956,12.677,,155,,900.279
9957,12.6779,,156,,900.484
9958,12.6789,,155,,900.939
9959,12.6799,,156,,901.435
9960,12.6809,,156,,901.931
9961,12.6819,,155,,902.427
9962,12.6829,,156,,902.922
9963,12.684,,155,,903.188
9964,12.6851,,156,,903.416
9965,12.6862,,156,,903.644
9966,12.6874,,155,,903.872
9967,12.6885,,156,,904.1
9968,12.6896,,155,,904.278
9969,12.6908,,156,,904.448
9970,12.6919,,156,,904.618
9971,12.6931,,155,,904.788
9972,12.6943,,156,,904.959
9973,12.6954,,155,,905.17
9974,12.6966,,156,,905.387
9975,12.6978,,156,,905.605
9976,12.699,,156,,905.823
9977,12.7001,,156,,906.041
9978,12.701,,155,,906.27
9979,12.7019,,156,,906.5
9980,12.7027,,156,,906.731
9981,12.7035,,156,,906.964
9982,12.7044,,156,,907.198
9983,12.7052,,155,,907.432
9984,12.7061,,156,,907.666
9985,12.7069,,156,,907.9
9986,12.7077,,156,,908.134
9987,12.7089,,156,,908.252
9988,12.7101,,155,,908.351
9989,12.7113,,156,,908.449
9990,12.7125,,156,,908.548
9991,12.7137,,156,,908.647
9992,12.715,,156,,908.916
9993,12.7163,,155,,909.213
9994,12.7176,,156,,909.51
9995,12.7189,,156,,909.807
9996,12.72,,156,,910.062
9997,12.7211,,156,,910.31
9998,12.7222,,155,,910.558
9999,12.7233,,156,,910.806
10000,12.7243,,156,,911.054
10001,12.7256,,156,,911.322
10002,12.7269,,156,,911.593
10003,12.7282,,155,,911.864
10004,12.7294,,156,,912.135
10005,12.7306,,156,,912.402
10006,12.7317,,156,,912.668
10007,12.7328,,156,,912.934
10008,12.734,,156,,913.2
10009,12.7351,,156,,913.465
10010,12.736,,157,,913.602
10011,12.7369,,157,,913.718
10012,12.7378,,157,,913.834
10013,12.7387,,157,,913.95
10014,12.7397,,157,,914.066
10015,12.7406,,157,,914.182
10016,12.7416,,157,,914.333
10017,12.7427,,157,,914.49
10018,12.7438,,157,,914.646
10019,12.7449,,157,,914.803
10020,12.7459,,157,,914.959
10021,12.7467,,157,,915.007
10022,12.7473,,157,,915.037
10023,12.748,,157,,915.067
10024,12.7487,,157,,915.097
10025,12.7493,,157,,915.127
10026,12.75,,157,,915.158
10027,12.7505,,157,,915.201
10028,12.7509,,158,,915.247
10029,12.7514,,158,,915.292
10030,12.7518,,157,,915.338
10031,12.7523,,157,,915.383
10032,12.7528,,157,,915.429
10033,12.7532,,157,,915.475
10034,12.7537,,157,,915.52
10035,12.7541,,157,,915.566
10036,12.7546,,157,,915.611
10037,12.755,,157,,915.657
10038,12.7555,,157,,915.702
10039,12.7559,,157,,915.748
10040,12.757,,157,,915.962
10041,12.7581,,157,,916.204
10042,12.7592,,157,,916.446
10043,12.7604,,156,,916.688
10044,12.7615,,156,,916.929
10045,12.7627,,156,,917.003
10046,12.7638,,156,,917.049
10047,12.765,,156,,917.095
10048,12.7662,,155,,917.141
10049,12.7673,,155,,917.187
10050,12.7686,,155,,917.277
10051,12.7699,,155,,917.373
10052,12.7713,,155,,917.47
10053,12.7726,,155,,917.566
10054,12.7737,,155,,917.771
10055,12.7748,,155,,917.994
10056,12.7759,,155,,918.216
10057,12.777,,155,,918.439
10058,12.7781,,155,,918.661
10059,12.7791,,155,,918.874
10060,12.78,,155,,919.086
10061,12.781,,155,,919.298
10062,12.782,,155,,919.51
10063,12.7829,,155,,919.722
10064,12.7839,,155,,919.934
10065,12.7848,,155,,920.138
10066,12.7858,,155,,920.341
10067,12.7867,,155,,920.544
10068,12.7876,,155,,920.748
10069,12.7885,,155,,920.951
10070,12.7895,,155,,921.154
10071,12.7905,,155,,921.249
10072,12.7915,,155,,921.327
10073,12.7925,,155,,921.404
10074,12.7935,,155,,921.482
10075,12.7945,,155,,921.559
10076,12.7956,,155,,921.637
10077,12.7967,,155,,921.922
10078,12.7978,,155,,922.24
10079,12.7989,,156,,922.559
10080,12.8,,155,,922.877
10081,12.8012,,156,,923.196
10082,12.8024,,157,,923.315
10083,12.8037,,157,,923.402
10084,12.8049,,156,,923.489
10085,12.8062,,155,,923.576
10086,12.8074,,156,,923.787
10087,12.8087,,156,,924.019
10088,12.8099,,156,,924.251
10089,12.8112,,156,,924.484
10090,12.8124,,155,,924.716
10091,12.8136,,156,,924.963
10092,12.8148,,156,,925.212
10093,12.816,,156,,925.462
10094,12.8172,,156,,925.712
10095,12.8184,,155,,925.962
10096,12.8193,,156,,926.178
10097,12.8202,,156,,926.388
10098,12.821,,156,,926.599
10099,12.8219,,156,,926.809
10100,12.8228,,155,,927.02
10101,12.8237,,156,,927.23
10102,12.8247,,156,,927.62
10103,12.8257,,156,,928.039
10104,12.8268,,155,,928.457
10105,12.8278,,155,,928.876
10106,12.8288,,155,,929.295
10107,12.8301,,155,,929.537
10108,12.8314,,155,,929.75
10109,12.8328,,155,,929.963
10110,12.8341,,155,,930.176
10111,12.8351,,155,,930.279
10112,12.8361,,155,,930.363
10113,12.8371,,155,,930.448
10114,12.838,,155,,930.533
10115,12.839,,155,,930.618
10116,12.84,,154,,930.703
10117,12.8406,,154,,930.885
10118,12.841,,154,,931.084
10119,12.8417,,152,,931.212
10120,12.8423,,152,,931.329
10121,12.8429,,152,,931.446
10122,12.8435,,152,,931.564
10123,12.8442,,152,,931.681
10124,12.8448,,152,,931.798
10125,12.8454,,152,,931.915
10126,12.846,,152,,932.032
10127,12.8473,,152,,932.27
10128,12.8486,,154,,932.527
10129,12.8499,,154,,932.785
10130,12.8512,,155,,933.042
10131,12.8523,,155,,933.068
10132,12.8533,,155,,933.057
10133,12.8543,,156,,933.046
10134,12.8553,,156,,933.035
10135,12.8563,,156,,933.025
10136,12.8577,,157,,933.245
10137,12.8591,,156,,933.503
10138,12.8606,,156,,933.761
10139,12.8621,,156,,934.019
10140,12.8633,,155,,934.182
10141,12.8645,,156,,934.329
10142,12.8656,,155,,934.476
10143,12.8668,,156,,934.624
10144,12.868,,156,,934.771
10145,12.8693,,155,,935.01
10146,12.8707,,156,,935.263
10147,12.8721,,155,,935.517
10148,12.8734,,156,,935.771
10149,12.8746,,156,,936.002
10150,12.8758,,155,,936.229
10151,12.877,,156,,936.457
10152,12.8782,,155,,936.684
10153,12.8794,,156,,936.912
10154,12.8808,,156,,937.307
10155,12.8823,,155,,937.73
10156,12.8837,,156,,938.153
10157,12.8851,,155,,938.576
10158,12.8861,,156,,938.692
10159,12.887,,156,,938.758
10160,12.8879,,155,,938.825
10161,12.8889,,156,,939.214
10162,12.8898,,156,,939.656
10163,12.8908,,157,,940.097
10164,12.8917,,157,,940.539
10165,12.8927,,156,,940.98
10166,12.8937,,157,,941.422
10167,12.8945,,156,,941.809
10168,12.8952,,157,,942.187
10169,12.8959,,157,,942.565
10170,12.8967,,156,,942.943
10171,12.8974,,157,,943.321
10172,12.8982,,156,,943.699
10173,12.8989,,157,,944.077
10174,12.8997,,157,,944.125
10175,12.9006,,156,,944.119
10176,12.9014,,156,,944.113
10177,12.9022,,156,,944.108
10178,12.9031,,157,,944.102
10179,12.9039,,157,,944.096
10180,12.9047,,156,,944.09
10181,12.9056,,157,,944.189
10182,12.9064,,157,,944.304
10183,12.9073,,156,,944.42
10184,12.9082,,157,,944.535
10185,12.909,,156,,944.65
10186,12.9099,,157,,944.766
10187,12.9108,,157,,945.041
10188,12.9118,,155,,945.342
10189,12.9128,,156,,945.643
10190,12.9138,,155,,945.944
10191,12.9148,,155,,946.245
10192,12.9158,,155,,946.546
10193,12.9165,,154,,946.567
10194,12.9171,,154,,946.543
10195,12.9178,,152,,946.52
10196,12.9184,,152,,946.496
10197,12.919,,152,,946.472
10198,12.9197,,152,,946.656
10199,12.9204,,154,,946.874
10200,12.9211,,154,,947.092
10201,12.9217,,154,,947.31
10202,12.9224,,154,,947.527
10203,12.9231,,154,,947.745
10204,12.9238,,154,,947.963
10205,12.9245,,155,,948.181
10206,12.9254,,155,,948.34
10207,12.9264,,155,,948.49
10208,12.9274,,156,,948.64
10209,12.9284,,155,,948.791
10210,12.9294,,156,,948.941
10211,12.9304,,156,,949.1
10212,12.9313,,157,,949.26
10213,12.9322,,157,,949.421
10214,12.9331,,156,,949.581
10215,12.9341,,157,,949.742
10216,12.935,,156,,949.903
10217,12.9359,,157,,950.052
10218,12.9369,,157,,950.199
10219,12.9378,,156,,950.346
10220,12.9388,,157,,950.493
10221,12.9397,,156,,950.64
10222,12.9407,,157,,950.788
10223,12.9418,,157,,950.943
10224,12.943,,156,,951.099
10225,12.9441,,157,,951.255
10226,12.9452,,156,,951.411
10227,12.9464,,157,,951.568
10228,12.9471,,157,,951.816
10229,12.9477,,156,,952.08
10230,12.9484,,156,,952.343
10231,12.949,,157,,952.607
10232,12.9496,,156,,952.871
10233,12.9503,,157,,953.134
10234,12.9509,,156,,953.398
10235,12.9515,,157,,953.661
10236,12.9522,,157,,953.925
10237,12.9532,,156,,954.233
10238,12.9543,,157,,954.548
10239,12.9554,,156,,954.863
10240,12.9565,,157,,955.178
10241,12.9576,,156,,955.493
10242,12.9587,,157,,955.679
10243,12.9599,,157,,955.853
10244,12.9611,,156,,956.027
10245,12.9623,,157,,956.201
10246,12.9634,,157,,956.374
10247,12.9647,,156,,956.485
10248,12.966,,157,,956.59
10249,12.9673,,156,,956.695
10250,12.9685,,157,,956.8
10251,12.9691,,157,,956.878
10252,12.9696,,158,,956.953
10253,12.9702,,158,,957.028
10254,12.9707,,158,,957.103
10255,12.9712,,158,,957.3
10256,12.9718,,158,,957.509
10257,12.9723,,156,,957.718
10258,12.9729,,157,,957.926
10259,12.9734,,157,,958.135
10260,12.974,,155,,958.344
10261,12.9745,,156,,958.553
10262,12.9751,,155,,958.762
10263,12.9756,,156,,958.971
10264,12.9762,,156,,959.18
10265,12.9772,,155,,959.328
10266,12.9782,,155,,959.47
10267,12.9792,,155,,959.612
10268,12.9802,,155,,959.754
10269,12.9813,,155,,959.896
10270,12.9824,,155,,960.03
10271,12.9836,,155,,960.163
10272,12.9848,,155,,960.296
10273,12.986,,156,,960.429
10274,12.9871,,155,,960.563
10275,12.9883,,156,,960.606
10276,12.9895,,156,,960.641
10277,12.9906,,155,,960.676
10278,12.9918,,157,,960.711
10279,12.9929,,156,,960.745
10280,12.9936,,156,,960.823
10281,12.9941,,156,,960.905
10282,12.9947,,155,,960.987
10283,12.9953,,156,,961.123
10284,12.9959,,155,,961.264
10285,12.9965,,156,,961.405
10286,12.9971,,155,,961.546
10287,12.9977,,155,,961.687
10288,12.9983,,154,,961.828
10289,12.9989,,154,,961.969
10290,12.9995,,154,,962.11
10291,13.0001,,154,,962.251
10292,13.0009,,154,,962.419
10293,13.0016,,155,,962.589
10294,13.0024,,155,,962.76
10295,13.0032,,155,,962.93
10296,13.004,,155,,963.101
10297,13.0048,,155,,963.271
10298,13.0056,,155,,963.442
10299,13.0065,,155,,963.642
10300,13.0074,,155,,963.846
10301,13.0082,,155,,964.05
10302,13.0091,,155,,964.254
10303,13.01,,155,,964.458
10304,13.0109,,155,,964.661
10305,13.0119,,155,,965.027
10306,13.0129,,155,,965.409
10307,13.0139,,155,,965.791
10308,13.015,,156,,966.172
10309,13.016,,155,,966.554
10310,13.017,,155,,966.936
10311,13.0185,,155,,967.019
10312,13.02,,155,,967.073
10313,13.0216,,156,,967.127
10314,13.0231,,156,,967.181
10315,13.0244,,155,,967.2
10316,13.0256,,155,,967.216
10317,13.0269,,155,,967.233
10318,13.0282,,155,,967.249
10319,13.0292,,157,,967.362
10320,13.0303,,156,,967.485
10321,13.0313,,157,,967.607
10322,13.0324,,156,,967.73
10323,13.0334,,157,,967.853
10324,13.0344,,157,,968.06
10325,13.0355,,156,,968.275
10326,13.0365,,157,,968.49
10327,13.0376,,157,,968.705
10328,13.0386,,158,,968.921
10329,13.0396,,158,,969.126
10330,13.0407,,158,,969.331
10331,13.0417,,158,,969.535
10332,13.0427,,159,,969.74
10333,13.0438,,159,,969.944
10334,13.0452,,158,,970.119
10335,13.0467,,160,,970.29
10336,13.0482,,160,,970.461
10337,13.0497,,160,,970.633
10338,13.051,,160,,970.799
10339,13.0522,,160,,970.964
10340,13.0534,,160,,971.129
10341,13.0546,,160,,971.294
10342,13.0558,,160,,971.46
10343,13.0575,,160,,971.821
10344,13.0591,,160,,972.202
10345,13.0608,,160,,972.583
10346,13.0625,,160,,972.964
10347,13.0643,,160,,973.305
10348,13.0662,,160,,973.643
10349,13.068,,160,,973.98
10350,13.0696,,160,,974.275
10351,13.0712,,160,,974.565
10352,13.0728,,160,,974.856
10353,13.0744,,160,,975.146
10354,13.0758,,160,,975.5
10355,13.0772,,160,,975.861
10356,13.0786,,160,,976.221
10357,13.08,,160,,976.581
10358,13.0814,,160,,977.044
10359,13.0827,,160,,977.516
10360,13.0841,,160,,977.989
10361,13.0854,,160,,978.461
10362,13.0868,,158,,978.96
10363,13.0882,,158,,979.461
10364,13.0896,,158,,979.963
10365,13.091,,158,,980.464
10366,13.0923,,158,,980.668
10367,13.0936,,158,,980.843
10368,13.0949,,158,,981.017
10369,13.0963,,158,,981.192
10370,13.0976,,158,,981.535
10371,13.099,,158,,981.894
10372,13.1004,,158,,982.253
10373,13.1018,,158,,982.613
10374,13.1031,,158,,982.817
10375,13.1044,,158,,983.007
10376,13.1057,,158,,983.196
10377,13.1071,,158,,983.385
10378,13.1085,,158,,983.464
10379,13.1099,,158,,983.533
10380,13.1113,,158,,983.601
10381,13.1127,,158,,983.67
10382,13.114,,158,,983.748
10383,13.1153,,158,,983.827
10384,13.1166,,158,,983.907
10385,13.118,,158,,983.986
10386,13.1195,,158,,984.007
10387,13.1211,,158,,984.021
10388,13.1227,,158,,984.036
10389,13.1242,,158,,984.051
10390,13.1259,,158,,984.203
10391,13.1275,,158,,984.369
10392,13.1291,,158,,984.535
10393,13.1307,,158,,984.701
10394,13.1324,,158,,984.909
10395,13.134,,158,,985.122
10396,13.1356,,158,,985.334
10397,13.1373,,158,,985.547
10398,13.1387,,158,,985.842
10399,13.1402,,158,,986.145
10400,13.1417,,158,,986.448
10401,13.1431,,158,,986.751
10402,13.1445,,158,,986.964
10403,13.146,,158,,987.167
10404,13.1474,,158,,987.371
10405,13.1488,,158,,987.575
10406,13.1502,,156,,987.674
10407,13.1515,,156,,987.763
10408,13.1528,,157,,987.851
10409,13.1542,,157,,987.94
10410,13.1555,,157,,988.271
10411,13.1569,,157,,988.627
10412,13.1583,,157,,988.982
10413,13.1597,,157,,989.337
10414,13.1611,,157,,989.458
10415,13.1625,,157,,989.555
10416,13.1639,,156,,989.652
10417,13.1653,,156,,989.75
10418,13.1667,,156,,989.944
10419,13.1683,,155,,990.147
10420,13.1698,,155,,990.35
10421,13.1713,,156,,990.554
10422,13.1726,,156,,990.551
10423,13.1739,,155,,990.529
10424,13.1752,,155,,990.506
10425,13.1765,,155,,990.483
10426,13.1779,,155,,990.533
10427,13.1793,,155,,990.59
10428,13.1806,,155,,990.647
10429,13.182,,155,,990.704
10430,13.1835,,155,,991.02
10431,13.185,,156,,991.362
10432,13.1865,,156,,991.704
10433,13.1881,,156,,992.046
10434,13.1896,,156,,992.303
10435,13.1911,,156,,992.552
10436,13.1927,,155,,992.802
10437,13.1942,,155,,993.051
10438,13.1958,,156,,993.406
10439,13.1975,,155,,993.771
10440,13.1991,,156,,994.136
10441,13.2007,,156,,994.501
10442,13.202,,156,,994.682
10443,13.2033,,155,,994.846
10444,13.2046,,155,,995.01
10445,13.2059,,156,,995.173
10446,13.2074,,156,,995.271
10447,13.2089,,156,,995.363
10448,13.2105,,156,,995.454
10449,13.212,,155,,995.545
10450,13.2136,,156,,995.61
10451,13.2152,,156,,995.672
10452,13.2168,,156,,995.734
10453,13.2184,,156,,995.797
10454,13.22,,155,,996.04
10455,13.2216,,156,,996.302
10456,13.2232,,155,,996.564
10457,13.2247,,156,,996.826
10458,13.2261,,156,,997.007
10459,13.2275,,155,,997.181
10460,13.2289,,156,,997.355
10461,13.2302,,155,,997.529
10462,13.2318,,156,,997.764
10463,13.2333,,156,,998.005
10464,13.2348,,155,,998.247
10465,13.2364,,156,,998.488
10466,13.2377,,155,,998.747
10467,13.239,,157,,999.006
10468,13.2403,,157,,999.266
10469,13.2416,,156,,999.526
10470,13.2425,,157,,999.66
10471,13.2433,,156,,999.781
10472,13.2442,,156,,999.902
10473,13.245,,156,,1000.02
10474,13.2459,,155,,1000.14
10475,13.2468,,156,,1000.27
10476,13.2481,,155,,1000.67
10477,13.2494,,157,,1001.1
10478,13.2507,,157,,1001.54
10479,13.2521,,156,,1001.97
10480,13.2533,,157,,1002.36
10481,13.2545,,157,,1002.75
10482,13.2558,,156,,1003.14
10483,13.257,,157,,1003.53
10484,13.2582,,156,,1003.92
10485,13.2591,,157,,1004.14
10486,13.2599,,156,,1004.35
10487,13.2608,,156,,1004.55
10488,13.2616,,157,,1004.76
10489,13.2625,,156,,1004.97
10490,13.2634,,157,,1005.17
10491,13.2646,,157,,1005.44
10492,13.2659,,156,,1005.71
10493,13.2672,,157,,1005.98
10494,13.2685,,156,,1006.25
10495,13.2698,,158,,1006.33
10496,13.2712,,158,,1006.4
10497,13.2726,,158,,1006.47
10498,13.274,,158,,1006.54
10499,13.2752,,158,,1006.71
10500,13.2763,,158,,1006.89
10501,13.2774,,158,,1007.08
10502,13.2786,,158,,1007.26
10503,13.2797,,158,,1007.44
10504,13.2807,,160,,1007.77
10505,13.2818,,160,,1008.11
10506,13.2828,,160,,1008.45
10507,13.2839,,160,,1008.79
10508,13.2849,,160,,1009.13
10509,13.2861,,160,,1009.42
10510,13.2873,,160,,1009.7
10511,13.2884,,160,,1009.98
10512,13.2896,,160,,1010.26
10513,13.2908,,160,,1010.55
10514,13.2919,,161,,1010.72
10515,13.2931,,160,,1010.88
10516,13.2942,,160,,1011.04
10517,13.2953,,160,,1011.21
10518,13.2964,,160,,1011.37
10519,13.2973,,160,,1011.47
10520,13.298,,160,,1011.56
10521,13.2988,,160,,1011.65
10522,13.2996,,160,,1011.74
10523,13.3004,,160,,1011.83
10524,13.3013,,160,,1011.93
10525,13.3023,,160,,1012.02
10526,13.3032,,161,,1012.12
10527,13.3041,,160,,1012.22
10528,13.305,,160,,1012.32
10529,13.306,,160,,1012.41
10530,13.307,,160,,1012.6
10531,13.308,,160,,1012.79
10532,13.3091,,160,,1012.98
10533,13.3101,,160,,1013.17
10534,13.3112,,161,,1013.36
10535,13.3122,,161,,1013.58
10536,13.3132,,160,,1013.8
10537,13.3142,,160,,1014.01
10538,13.3152,,160,,1014.23
10539,13.3163,,162,,1014.45
10540,13.3173,,162,,1014.67
10541,13.3184,,160,,1014.73
10542,13.3195,,161,,1014.78
10543,13.3206,,160,,1014.83
10544,13.3217,,160,,1014.88
10545,13.3228,,160,,1014.93
10546,13.3238,,158,,1014.94
10547,13.3249,,158,,1014.94
10548,13.3259,,158,,1014.94
10549,13.3269,,160,,1014.95
10550,13.3279,,160,,1014.95
10551,13.3286,,160,,1015.07
10552,13.3292,,160,,1015.2
10553,13.3298,,160,,1015.33
10554,13.3304,,160,,1015.46
10555,13.331,,160,,1015.59
10556,13.3316,,160,,1015.72
10557,13.3322,,160,,1015.85
10558,13.3328,,160,,1015.98
10559,13.3334,,160,,1016.11
10560,13.334,,160,,1016.24
10561,13.335,,160,,1016.34
10562,13.3361,,160,,1016.43
10563,13.3371,,158,,1016.53
10564,13.3382,,158,,1016.62
10565,13.3392,,158,,1016.71
10566,13.3401,,158,,1016.84
10567,13.3409,,160,,1016.97
10568,13.3417,,160,,1017.09
10569,13.3426,,158,,1017.22
10570,13.3434,,158,,1017.34
10571,13.3442,,158,,1017.47
10572,13.345,,158,,1017.6
10573,13.3462,,159,,1017.76
10574,13.3474,,159,,1017.93
10575,13.3485,,158,,1018.1
10576,13.3497,,158,,1018.27
10577,13.3509,,158,,1018.44
10578,13.352,,158,,1018.44
10579,13.353,,158,,1018.43
10580,13.3541,,158,,1018.41
10581,13.3552,,158,,1018.4
10582,13.3563,,158,,1018.39
10583,13.3576,,158,,1018.51
10584,13.3589,,158,,1018.64
10585,13.3602,,159,,1018.77
10586,13.3614,,159,,1018.9
10587,13.3627,,158,,1018.99
10588,13.3639,,158,,1019.07
10589,13.3651,,158,,1019.15
10590,13.3663,,156,,1019.24
10591,13.3675,,156,,1019.32
10592,13.3688,,155,,1019.51
10593,13.37,,154,,1019.72
10594,13.3713,,152,,1019.92
10595,13.3725,,152,,1020.13
10596,13.3738,,152,,1020.33
10597,13.3749,,152,,1020.41
10598,13.376,,152,,1020.46
10599,13.3772,,154,,1020.52
10600,13.3783,,154,,1020.58
10601,13.3794,,154,,1020.64
10602,13.3806,,154,,1020.72
10603,13.3818,,154,,1020.8
10604,13.383,,155,,1020.89
10605,13.3842,,155,,1020.98
10606,13.3855,,155,,1021.06
10607,13.3866,,157,,1021.26
10608,13.3877,,157,,1021.47
10609,13.3888,,156,,1021.68
10610,13.39,,156,,1021.89
10611,13.3911,,155,,1022.1
10612,13.3922,,156,,1022.16
10613,13.3934,,157,,1022.2
10614,13.3946,,156,,1022.25
10615,13.3958,,157,,1022.3
10616,13.3969,,156,,1022.34
10617,13.3976,,157,,1022.56
10618,13.3981,,157,,1022.79
10619,13.3987,,156,,1023.01
10620,13.3993,,157,,1023.24
10621,13.3999,,156,,1023.47
10622,13.4,,157,,1023.51
10623,13.4001,,157,,1023.53
10624,13.4002,,155,,1023.55
10625,13.4003,,154,,1023.57
10626,13.4004,,154,,1023.59
10627,13.4005,,152,,1023.61
10628,13.4007,,152,,1023.63
10629,13.4008,,151,,1023.65
10630,13.4009,,151,,1023.67
10631,13.401,,151,,1023.69
10632,13.4011,,150,,1023.71
10633,13.4012,,149,,1023.73
10634,13.4013,,149,,1023.76
10635,13.4014,,148,,1023.78
10636,13.4015,,148,,1023.8
10637,13.4016,,148,,1023.82
10638,13.4017,,148,,1023.84
10639,13.4018,,148,,1023.86
10640,13.4019,,146,,1023.88
10641,13.402,,146,,1023.9
10642,13.4021,,146,,1023.92
10643,13.4022,,145,,1023.94
10644,13.4023,,145,,1023.96
10645,13.4024,,145,,1023.98
10646,13.4026,,144,,1024
10647,13.4027,,142,,1024.02
10648,13.4028,,142,,1024.04
10649,13.4029,,142,,1024.06
10650,13.403,,140,,1024.08
10651,13.4031,,139,,1024.1
10652,13.4032,,138,,1024.12
10653,13.4033,,136,,1024.14
10654,13.4034,,136,,1024.16
10655,13.4035,,136,,1024.18
10656,13.4036,,136,,1024.2
10657,13.4037,,136,,1024.22
10658,13.4038,,135,,1024.24
10659,13.4039,,135,,1024.26
10660,13.404,,134,,1024.28
10661,13.4041,,134,,1024.3
10662,13.4042,,134,,1024.32
10663,13.4043,,134,,1024.35
10664,13.4045,,133,,1024.37
10665,13.4046,,132,,1024.39
10666,13.4047,,131,,1024.41
10667,13.4048,,131,,1024.43
10668,13.4049,,131,,1024.45
10669,13.405,,131,,1024.47
10670,13.4051,,132,,1024.49
10671,13.4052,,132,,1024.51
10672,13.4053,,132,,1024.53
10673,13.4054,,132,,1024.55
10674,13.4055,,132,,1024.57
10675,13.4056,,132,,1024.59
10676,13.4057,,133,,1024.61
10677,13.4077,,134,,1024.62
10678,13.41,,134,,1024.64
10679,13.4122,,134,,1024.65
10680,13.4147,,135,,1024.66
10681,13.4173,,135,,1024.68
10682,13.4201,,138,,1024.6
10683,13.4229,,139,,1024.51
10684,13.4249,,139,,1024.36
10685,13.4267,,139,,1024.2
10686,13.4286,,139,,1024.05
10687,13.4307,,140,,1024.09
10688,13.4329,,139,,1024.16
10689,13.4351,,139,,1024.22
10690,13.4374,,140,,1024.09
10691,13.4398,,139,,1023.93
10692,13.4422,,139,,1023.77
10693,13.4449,,140,,1023.8
10694,13.4476,,140,,1023.85
10695,13.4497,,142,,1023.88
10696,13.4517,,141,,1023.9
10697,13.4537,,142,,1023.91
10698,13.4555,,142,,1023.86
10699,13.4574,,144,,1023.8
10700,13.4593,,144,,1023.73
10701,13.4611,,144,,1023.67
10702,13.4636,,144,,1023.59
10703,13.4662,,144,,1023.5
10704,13.4683,,145,,1023.3
10705,13.4703,,145,,1023.09
10706,13.4723,,145,,1022.88
10707,13.4744,,145,,1022.78
10708,13.4766,,145,,1022.68
10709,13.4788,,145,,1022.58
10710,13.4796,,145,,1022.48
10711,13.4803,,145,,1022.39
10712,13.4817,,145,,1022.23
10713,13.4832,,145,,1022.06
10714,13.4846,,145,,1021.89
10715,13.4861,,145,,1021.72
10716,13.4882,,145,,1021.47
10717,13.4904,,145,,1021.2
10718,13.4927,,145,,1020.94
10719,13.4951,,145,,1020.68
10720,13.4975,,146,,1020.42
10721,13.5,,148,,1020.16
10722,13.5025,,148,,1019.89
10723,13.5051,,148,,1019.62
10724,13.5076,,146,,1019.35
10725,13.5103,,146,,1019.15
10726,13.5131,,145,,1018.96
10727,13.5158,,145,,1018.64
10728,13.5184,,146,,1018.31
10729,13.521,,145,,1017.98
10730,13.5235,,144,,1017.65
10731,13.526,,144,,1017.33
10732,13.5286,,144,,1017.07
10733,13.5312,,144,,1016.82
10734,13.5338,,144,,1016.56
10735,13.5365,,144,,1016.31
10736,13.5387,,144,,1016.28
10737,13.5409,,144,,1016.29
10738,13.5431,,145,,1016.29
10739,13.5454,,145,,1015.67
10740,13.5477,,145,,1015
10741,13.55,,146,,1014.32
10742,13.5524,,147,,1014.08
10743,13.5548,,147,,1013.9
10744,13.5571,,148,,1013.71
10745,13.5594,,148,,1013.41
10746,13.5617,,148,,1013.09
10747,13.564,,147,,1012.77
10748,13.5663,,147,,1012.52
10749,13.5685,,148,,1012.28
10750,13.5707,,148,,1012.04
10751,13.5729,,148,,1011.68
10752,13.5751,,148,,1011.31
10753,13.5772,,148,,1010.94
10754,13.5794,,148,,1010.67
10755,13.5816,,148,,1010.41
10756,13.5839,,146,,1010.16
10757,13.5864,,146,,1010.41
10758,13.589,,146,,1010.73
10759,13.5913,,146,,1010.14
10760,13.5936,,146,,1009.47
10761,13.596,,146,,1008.79
10762,13.5984,,145,,1008.49
10763,13.6009,,145,,1008.22
10764,13.6034,,145,,1007.95
10765,13.6062,,146,,1007.59
10766,13.609,,146,,1007.23
10767,13.612,,146,,1006.92
10768,13.615,,146,,1006.62
10769,13.6179,,144,,1006.45
10770,13.6208,,144,,1006.3
10771,13.6234,,144,,1006.21
10772,13.6261,,145,,1006.13
10773,13.6285,,145,,1005.93
10774,13.6309,,145,,1005.73
10775,13.6333,,145,,1005.52
10776,13.6356,,145,,1005.42
10777,13.638,,145,,1005.33
10778,13.6404,,144,,1005.24
10779,13.6426,,144,,1005.26
10780,13.6447,,144,,1005.29
10781,13.6469,,145,,1005.32
10782,13.6491,,145,,1005.24
10783,13.6513,,145,,1005.14
10784,13.6535,,145,,1005.05
10785,13.6556,,145,,1004.92
10786,13.6578,,145,,1004.79
10787,13.6599,,145,,1004.66
10788,13.6622,,146,,1004.49
10789,13.6644,,146,,1004.32
10790,13.6667,,146,,1004.14
10791,13.6692,,146,,1004.08
10792,13.6717,,148,,1004.04
10793,13.6743,,148,,1004
10794,13.6767,,148,,1003.92
10795,13.6791,,148,,1003.84
10796,13.6815,,148,,1003.76
10797,13.6834,,148,,1003.51
10798,13.6854,,148,,1003.25
10799,13.6873,,148,,1002.98
10800,13.6895,,148,,1002.76
10801,13.6917,,148,,1002.54
10802,13.6939,,148,,1002.32
10803,13.6961,,148,,1002.3
10804,13.6983,,148,,1002.3
10805,13.7006,,148,,1002.3
10806,13.7026,,148,,1001.73
10807,13.7046,,148,,1001.1
10808,13.7067,,148,,1000.47
10809,13.7091,,148,,1000.24
10810,13.7115,,148,,1000.04
10811,13.7139,,148,,999.852
10812,13.7162,,148,,999.664
10813,13.7185,,148,,999.477
10814,13.7208,,148,,999.29
10815,13.723,,148,,999.173
10816,13.7252,,148,,999.064
10817,13.7274,,148,,998.956
10818,13.7296,,148,,998.851
10819,13.7318,,148,,998.747
10820,13.734,,146,,998.643
10821,13.7361,,146,,998.437
10822,13.7382,,146,,998.22
10823,13.7402,,146,,998.002
10824,13.7424,,145,,997.922
10825,13.7445,,145,,997.855
10826,13.7467,,145,,997.789
10827,13.7489,,145,,997.592
10828,13.7512,,145,,997.383
10829,13.7535,,145,,997.173
10830,13.7558,,145,,997.018
10831,13.7581,,145,,996.868
10832,13.7604,,145,,996.719
10833,13.7629,,145,,996.487
10834,13.7655,,145,,996.246
10835,13.7681,,145,,996.02
10836,13.7707,,145,,995.795
10837,13.7728,,145,,995.565
10838,13.7749,,145,,995.334
10839,13.777,,145,,995.102
10840,13.7791,,145,,995.014
10841,13.7812,,145,,994.941
10842,13.7833,,145,,994.868
10843,13.7855,,145,,994.802
10844,13.7876,,145,,994.735
10845,13.7897,,145,,994.669
10846,13.7919,,145,,994.616
10847,13.794,,145,,994.564
10848,13.7962,,145,,994.512
10849,13.7983,,145,,994.462
10850,13.8004,,145,,994.411
10851,13.8024,,145,,994.361
10852,13.8045,,146,,994.321
10853,13.8067,,146,,994.282
10854,13.8088,,148,,994.244
10855,13.8108,,148,,994.17
10856,13.8128,,148,,994.093
10857,13.8148,,148,,994.015
10858,13.8169,,148,,993.975
10859,13.819,,148,,993.939
10860,13.821,,148,,993.903
10861,13.823,,148,,993.942
10862,13.825,,148,,993.989
10863,13.8271,,148,,994.035
10864,13.829,,148,,993.984
10865,13.8309,,148,,993.923
10866,13.8329,,148,,993.862
10867,13.8349,,148,,993.846
10868,13.837,,148,,993.834
10869,13.8391,,149,,993.823
10870,13.8409,,149,,993.811
10871,13.8426,,149,,993.8
10872,13.8444,,151,,993.788
10873,13.8459,,148,,993.864
10874,13.8473,,148,,993.949
10875,13.8488,,149,,994.034
10876,13.8503,,149,,994.119
10877,13.8516,,150,,994.13
10878,13.8529,,151,,994.133
10879,13.8542,,150,,994.136
10880,13.8555,,151,,994.138
10881,13.8568,,150,,994.065
10882,13.8581,,151,,993.983
10883,13.8594,,151,,993.901
10884,13.8606,,151,,993.819
10885,13.8621,,150,,993.894
10886,13.8635,,151,,993.985
10887,13.865,,150,,994.075
10888,13.8665,,151,,994.166
10889,13.8681,,151,,994.38
10890,13.8697,,151,,994.606
10891,13.8713,,151,,994.833
10892,13.873,,151,,995.06
10893,13.8745,,151,,995.099
10894,13.876,,152,,995.118
10895,13.8775,,152,,995.137
10896,13.879,,152,,995.156
10897,13.8805,,152,,995.024
10898,13.882,,152,,994.875
10899,13.8835,,152,,994.726
10900,13.885,,152,,994.577
10901,13.8865,,152,,994.574
10902,13.8881,,152,,994.586
10903,13.8896,,152,,994.598
10904,13.8911,,152,,994.611
10905,13.8934,,152,,994.732
10906,13.8957,,151,,994.865
10907,13.8981,,151,,994.997
10908,13.9005,,151,,995.177
10909,13.9029,,151,,995.361
10910,13.9053,,151,,995.545
10911,13.9077,,151,,995.716
10912,13.9101,,151,,995.885
10913,13.9125,,151,,996.055
10914,13.9148,,151,,996.199
10915,13.917,,151,,996.341
10916,13.9192,,151,,996.482
10917,13.9215,,151,,996.554
10918,13.9238,,151,,996.619
10919,13.9261,,151,,996.683
10920,13.9282,,151,,996.707
10921,13.9302,,151,,996.726
10922,13.9322,,151,,996.745
10923,13.9343,,151,,996.756
10924,13.9365,,151,,996.766
10925,13.9386,,151,,996.776
10926,13.9408,,151,,996.733
10927,13.943,,151,,996.685
10928,13.9452,,152,,996.637
10929,13.9474,,154,,996.563
10930,13.9497,,152,,996.487
10931,13.952,,151,,996.411
10932,13.9544,,150,,996.353
10933,13.9567,,151,,996.298
10934,13.959,,150,,996.242
10935,13.9613,,151,,996.084
10936,13.9634,,151,,995.915
10937,13.9656,,151,,995.746
10938,13.9678,,151,,995.656
10939,13.97,,150,,995.575
10940,13.9722,,151,,995.494
10941,13.9746,,151,,995.441
10942,13.9769,,151,,995.392
10943,13.9793,,150,,995.342
10944,13.9815,,151,,995.238
10945,13.9838,,150,,995.129
10946,13.986,,149,,995.019
10947,13.9882,,150,,994.999
10948,13.9904,,151,,994.988
10949,13.9926,,150,,994.976
10950,13.9948,,151,,994.891
10951,13.9969,,150,,994.798
10952,13.999,,149,,994.704
10953,14.0009,,149,,994.582
10954,14.0028,,149,,994.457
10955,14.0047,,149,,994.332
10956,14.0068,,149,,994.205
10957,14.0089,,149,,994.078
10958,14.011,,148,,993.951
10959,14.013,,148,,993.825
10960,14.015,,148,,993.698
10961,14.0171,,149,,993.572
10962,14.0191,,149,,993.478
10963,14.0211,,149,,993.388
10964,14.0232,,148,,993.297
10965,14.0253,,148,,993.111
10966,14.0274,,148,,992.915
10967,14.0295,,148,,992.719
10968,14.0317,,148,,992.547
10969,14.0339,,148,,992.378
10970,14.0362,,148,,992.209
10971,14.0385,,148,,992.125
10972,14.0408,,148,,992.051
10973,14.0431,,148,,991.977
10974,14.0454,,148,,991.835
10975,14.0478,,148,,991.687
10976,14.0501,,148,,991.539
10977,14.0524,,149,,991.397
10978,14.0548,,148,,991.255
10979,14.0571,,148,,991.112
10980,14.0595,,148,,991.075
10981,14.0618,,148,,991.048
10982,14.0642,,148,,991.021
10983,14.0667,,148,,991.007
10984,14.0691,,148,,990.995
10985,14.0716,,148,,990.983
10986,14.0738,,148,,990.991
10987,14.0759,,148,,991.002
10988,14.0781,,148,,991.013
10989,14.0803,,148,,991.03
10990,14.0826,,148,,991.048
10991,14.0848,,148,,991.066
10992,14.0871,,148,,991.044
10993,14.0894,,148,,991.018
10994,14.0916,,148,,990.993
10995,14.0939,,148,,990.977
10996,14.0961,,148,,990.962
10997,14.0983,,148,,990.947
10998,14.1006,,146,,990.884
10999,14.1028,,145,,990.816
11000,14.1051,,145,,990.748
11001,14.1074,,145,,990.615
11002,14.1097,,145,,990.474
11003,14.112,,146,,990.334
11004,14.1142,,146,,990.237
11005,14.1163,,148,,990.145
11006,14.1185,,148,,990.053
11007,14.1208,,147,,990.108
11008,14.1231,,147,,990.18
11009,14.1254,,148,,990.251
11010,14.1277,,148,,990.321
11011,14.13,,148,,990.392
11012,14.1323,,148,,990.462
11013,14.1346,,149,,990.494
11014,14.1368,,149,,990.521
11015,14.1391,,149,,990.548
11016,14.1413,,149,,990.573
11017,14.1434,,149,,990.599
11018,14.1456,,149,,990.624
11019,14.1478,,149,,990.76
11020,14.15,,149,,990.908
11021,14.1523,,149,,991.056
11022,14.1544,,149,,991.12
11023,14.1565,,149,,991.175
11024,14.1587,,149,,991.23
11025,14.1606,,149,,990.962
11026,14.1624,,149,,990.661
11027,14.1643,,149,,990.359
11028,14.1663,,150,,990.219
11029,14.1682,,150,,990.097
11030,14.1702,,149,,989.974
11031,14.1725,,150,,990.022
11032,14.1748,,151,,990.088
11033,14.1771,,150,,990.154
11034,14.179,,151,,990.188
11035,14.1809,,150,,990.217
11036,14.1827,,151,,990.247
11037,14.1844,,151,,990.379
11038,14.1861,,150,,990.522
11039,14.1877,,151,,990.665
11040,14.1894,,151,,990.808
11041,14.1909,,151,,990.887
11042,14.1923,,150,,990.959
11043,14.1937,,151,,991.031
11044,14.1952,,150,,991.104
11045,14.1966,,151,,991.215
11046,14.198,,151,,991.33
11047,14.1995,,151,,991.446
11048,14.2009,,151,,991.561
11049,14.2023,,151,,991.535
11050,14.2036,,151,,991.493
11051,14.205,,151,,991.452
11052,14.2064,,151,,991.411
11053,14.2077,,151,,991.402
11054,14.2091,,151,,991.396
11055,14.2104,,151,,991.39
11056,14.2117,,150,,991.385
11057,14.2129,,151,,991.528
11058,14.2141,,150,,991.688
11059,14.2153,,151,,991.847
11060,14.2165,,150,,992.007
11061,14.2177,,151,,992.166
11062,14.2192,,151,,992.42
11063,14.2208,,151,,992.685
11064,14.2223,,151,,992.95
11065,14.2238,,151,,993.214
11066,14.2252,,151,,993.36
11067,14.2266,,151,,993.493
11068,14.2281,,152,,993.626
11069,14.2295,,152,,993.76
11070,14.2311,,152,,993.926
11071,14.2327,,152,,994.096
11072,14.2343,,152,,994.267
11073,14.2359,,152,,994.437
11074,14.2376,,152,,994.555
11075,14.2392,,154,,994.667
11076,14.2408,,154,,994.78
11077,14.2424,,154,,994.893
11078,14.2441,,154,,995.146
11079,14.2457,,154,,995.414
11080,14.2473,,154,,995.683
11081,14.2489,,154,,995.951
11082,14.2505,,152,,996.022
11083,14.2521,,152,,996.072
11084,14.2538,,152,,996.123
11085,14.2554,,152,,996.173
11086,14.2571,,152,,996.137
11087,14.2588,,151,,996.092
11088,14.2605,,151,,996.047
11089,14.2622,,150,,996.146
11090,14.2639,,149,,996.261
11091,14.2656,,148,,996.375
11092,14.2673,,148,,996.284
11093,14.269,,148,,996.171
11094,14.2707,,148,,996.058
11095,14.2725,,148,,995.964
11096,14.2744,,148,,995.873
11097,14.2762,,148,,995.782
11098,14.2783,,148,,995.968
11099,14.2804,,148,,996.182
11100,14.2825,,149,,996.397
11101,14.285,,149,,996.413
11102,14.2875,,150,,996.407
11103,14.2899,,150,,996.404
11104,14.2923,,150,,996.401
11105,14.2947,,151,,996.399
11106,14.2968,,150,,996.429
11107,14.2989,,151,,996.462
11108,14.3009,,150,,996.496
11109,14.3033,,151,,996.432
11110,14.3056,,149,,996.357
11111,14.308,,149,,996.282
11112,14.3102,,149,,996.345
11113,14.3125,,149,,996.422
11114,14.3148,,149,,996.5
11115,14.3171,,149,,996.585
11116,14.3194,,149,,996.671
11117,14.3217,,149,,996.757
11118,14.3224,,149,,996.848
11119,14.3229,,149,,996.939
11120,14.3235,,149,,997.03
11121,14.3237,,151,,997.045
11122,14.3238,,149,,997.052
11123,14.324,,150,,997.059
11124,14.3241,,150,,997.066
11125,14.3243,,149,,997.073
11126,14.3244,,149,,997.08
11127,14.3246,,149,,997.086
11128,14.3248,,148,,997.093
11129,14.3249,,148,,997.1
11130,14.3251,,148,,997.107
11131,14.3252,,148,,997.114
11132,14.3254,,148,,997.121
11133,14.3256,,148,,997.128
11134,14.3257,,148,,997.135
11135,14.3259,,148,,997.142
11136,14.326,,146,,997.148
11137,14.3262,,145,,997.155
11138,14.3263,,145,,997.162
11139,14.3265,,144,,997.169
11140,14.3267,,144,,997.176
11141,14.3268,,144,,997.183
11142,14.327,,142,,997.19
11143,14.3271,,142,,997.197
11144,14.3273,,142,,997.203
11145,14.3274,,140,,997.21
11146,14.3276,,140,,997.217
11147,14.3278,,139,,997.224
11148,14.3279,,140,,997.231
11149,14.3281,,139,,997.238
11150,14.3282,,139,,997.245
11151,14.3284,,139,,997.252
11152,14.3286,,138,,997.258
11153,14.3287,,136,,997.265
11154,14.3289,,134,,997.272
11155,14.329,,134,,997.279
11156,14.3292,,133,,997.286
11157,14.3293,,133,,997.293
11158,14.3295,,133,,997.3
11159,14.3297,,132,,997.307
11160,14.3298,,132,,997.313
11161,14.3319,,132,,997.629
11162,14.3342,,133,,997.979
11163,14.3366,,135,,998.328
11164,14.3387,,135,,998.452
11165,14.3409,,136,,998.551
11166,14.3431,,138,,998.65
11167,14.3449,,138,,998.526
11168,14.3468,,138,,998.377
11169,14.3487,,138,,998.228
11170,14.3507,,139,,998.186
11171,14.3527,,139,,998.157
11172,14.3547,,139,,998.127
11173,14.3569,,140,,998.338
11174,14.359,,140,,998.575
11175,14.3612,,140,,998.813
11176,14.3632,,141,,999.135
11177,14.3653,,141,,999.466
11178,14.3674,,142,,999.797
11179,14.3695,,142,,1000.2
11180,14.3716,,144,,1000.6
11181,14.3736,,144,,1001.01
11182,14.3759,,144,,1001.04
11183,14.3781,,144,,1001.03
11184,14.3803,,144,,1001.02
11185,14.3825,,144,,1001.12
11186,14.3847,,145,,1001.23
11187,14.3868,,145,,1001.34
11188,14.3888,,146,,1001.24
11189,14.3908,,146,,1001.12
11190,14.3927,,146,,1001
11191,14.3947,,146,,1001.01
11192,14.3966,,148,,1001.04
11193,14.3985,,148,,1001.07
11194,14.4006,,148,,1001.1
11195,14.4027,,148,,1001.13
11196,14.4048,,148,,1001.16
11197,14.4066,,148,,1001.34
11198,14.4084,,148,,1001.54
11199,14.4101,,149,,1001.74
11200,14.4118,,149,,1001.88
11201,14.4135,,149,,1002.01
11202,14.4152,,149,,1002.15
11203,14.4168,,149,,1002.61
11204,14.4184,,149,,1003.11
11205,14.42,,150,,1003.62
11206,14.4216,,150,,1004.12
11207,14.4231,,151,,1004.13
11208,14.4247,,151,,1004.08
11209,14.4263,,151,,1004.03
11210,14.4278,,151,,1003.99
11211,14.4295,,151,,1003.97
11212,14.4311,,151,,1003.94
11213,14.4328,,151,,1003.92
11214,14.4345,,152,,1003.9
11215,14.436,,152,,1004.07
11216,14.4375,,152,,1004.27
11217,14.439,,152,,1004.46
11218,14.4405,,152,,1004.66
11219,14.442,,152,,1004.65
11220,14.4434,,152,,1004.63
11221,14.4448,,152,,1004.61
11222,14.4462,,152,,1004.58
11223,14.4474,,152,,1004.74
11224,14.4486,,152,,1004.91
11225,14.4498,,152,,1005.08
11226,14.4509,,152,,1005.25
11227,14.4521,,152,,1005.42
11228,14.4535,,152,,1005.7
11229,14.4549,,152,,1005.98
11230,14.4563,,152,,1006.26
11231,14.4577,,152,,1006.54
11232,14.4591,,152,,1006.64
11233,14.4605,,152,,1006.72
11234,14.4619,,152,,1006.8
11235,14.4633,,152,,1006.88
11236,14.4648,,152,,1006.87
11237,14.4662,,152,,1006.84
11238,14.4677,,152,,1006.82
11239,14.4692,,152,,1006.79
11240,14.4707,,152,,1006.87
11241,14.4723,,152,,1006.96
11242,14.4738,,154,,1007.05
11243,14.4754,,154,,1007.14
11244,14.4771,,154,,1007.26
11245,14.4787,,152,,1007.37
11246,14.4804,,152,,1007.49
11247,14.4821,,152,,1007.61
11248,14.4838,,152,,1007.67
11249,14.4855,,152,,1007.73
11250,14.4872,,152,,1007.78
11251,14.489,,152,,1007.96
11252,14.4908,,152,,1008.15
11253,14.4926,,152,,1008.35
11254,14.4944,,152,,1008.48
11255,14.4961,,152,,1008.62
11256,14.4979,,152,,1008.75
11257,14.4994,,152,,1008.78
11258,14.5009,,152,,1008.79
11259,14.5024,,152,,1008.81
11260,14.5039,,151,,1008.83
11261,14.5055,,151,,1008.95
11262,14.5071,,151,,1009.08
11263,14.5088,,151,,1009.21
11264,14.5104,,151,,1009.34
11265,14.5119,,151,,1009.25
11266,14.5134,,151,,1009.13
11267,14.5149,,150,,1009.01
11268,14.5164,,151,,1008.89
11269,14.5178,,150,,1008.94
11270,14.5192,,151,,1009.01
11271,14.5207,,149,,1009.08
11272,14.5221,,149,,1009.15
11273,14.5236,,149,,1009.09
11274,14.5251,,149,,1009.02
11275,14.5265,,149,,1008.95
11276,14.528,,149,,1008.87
11277,14.5298,,149,,1008.86
11278,14.5316,,149,,1008.85
11279,14.5333,,149,,1008.85
11280,14.5351,,149,,1009.01
11281,14.5368,,149,,1009.2
11282,14.5386,,148,,1009.39
11283,14.5403,,148,,1009.37
11284,14.5421,,148,,1009.32
11285,14.5439,,148,,1009.28
11286,14.5458,,148,,1009.14
11287,14.5478,,148,,1008.99
11288,14.5497,,148,,1008.85
11289,14.5512,,148,,1008.91
11290,14.5527,,148,,1009.01
11291,14.5541,,146,,1009.1
11292,14.5556,,146,,1009.19
11293,14.5561,,145,,1009.28
11294,14.5565,,145,,1009.37
11295,14.5573,,144,,1009.42
11296,14.5581,,144,,1009.46
11297,14.559,,144,,1009.5
11298,14.5598,,142,,1009.54
11299,14.5606,,142,,1009.58
11300,14.5615,,141,,1009.63
11301,14.5628,,142,,1009.43
11302,14.5643,,142,,1009.21
11303,14.5657,,140,,1009
11304,14.5672,,140,,1008.78
11305,14.5687,,140,,1008.81
11306,14.5702,,140,,1008.86
11307,14.5716,,139,,1008.92
11308,14.5731,,138,,1008.97
11309,14.5748,,136,,1008.74
11310,14.5764,,135,,1008.47
11311,14.5781,,134,,1008.2
11312,14.58,,132,,1008.13
11313,14.5819,,132,,1008.09
11314,14.5838,,132,,1008.04
11315,14.5857,,133,,1007.75
11316,14.5875,,133,,1007.42
11317,14.5893,,134,,1007.1
11318,14.591,,134,,1007
11319,14.5927,,135,,1006.94
11320,14.5944,,135,,1006.87
11321,14.596,,135,,1006.63
11322,14.5976,,136,,1006.36
11323,14.5992,,136,,1006.1
11324,14.6008,,136,,1005.84
11325,14.6022,,138,,1005.77
11326,14.6035,,138,,1005.72
11327,14.6049,,139,,1005.67
11328,14.6063,,139,,1005.63
11329,14.6077,,139,,1005.62
11330,14.6091,,139,,1005.62
11331,14.6105,,139,,1005.63
11332,14.6119,,139,,1005.63
11333,14.6137,,139,,1005.46
11334,14.6155,,138,,1005.28
11335,14.6174,,139,,1005.09
11336,14.6193,,139,,1005.11
11337,14.6212,,139,,1005.16
11338,14.6231,,139,,1005.21
11339,14.6245,,140,,1005.03
11340,14.6258,,139,,1004.82
11341,14.6271,,139,,1004.61
11342,14.6284,,139,,1004.41
11343,14.6301,,139,,1004.43
11344,14.6318,,139,,1004.47
11345,14.6336,,139,,1004.52
11346,14.6354,,139,,1004.48
11347,14.6373,,139,,1004.44
11348,14.6392,,139,,1004.39
11349,14.6406,,139,,1003.79
11350,14.6419,,139,,1003.11
11351,14.6432,,140,,1002.44
11352,14.6444,,140,,1001.77
11353,14.6453,,140,,1001.35
11354,14.6462,,141,,1000.95
11355,14.647,,142,,1000.55
11356,14.6479,,142,,1000.15
11357,14.6487,,141,,999.752
11358,14.6496,,142,,999.354
11359,14.651,,142,,999.288
11360,14.6525,,142,,999.26
11361,14.654,,142,,999.232
11362,14.6555,,142,,999.203
11363,14.6574,,142,,998.913
11364,14.6594,,142,,998.593
11365,14.6613,,142,,998.274
11366,14.6633,,143,,997.978
11367,14.6652,,143,,997.685
11368,14.6671,,142,,997.392
11369,14.6691,,142,,997.071
11370,14.6711,,142,,996.746
11371,14.6731,,142,,996.422
11372,14.6749,,142,,996.159
11373,14.6767,,144,,995.902
11374,14.6786,,144,,995.645
11375,14.6799,,144,,995.483
11376,14.6812,,144,,995.331
11377,14.6825,,144,,995.179
11378,14.6838,,144,,995.027
11379,14.6855,,144,,994.704
11380,14.6873,,144,,994.362
11381,14.689,,144,,994.019
11382,14.6905,,144,,993.928
11383,14.692,,144,,993.864
11384,14.6935,,144,,993.801
11385,14.6949,,144,,993.737
11386,14.6974,,144,,994.012
11387,14.7,,142,,994.324
11388,14.7026,,142,,994.636
11389,14.7048,,142,,994.41
11390,14.7069,,142,,994.125
11391,14.7091,,141,,993.839
11392,14.7112,,142,,993.896
11393,14.7133,,140,,993.991
11394,14.7154,,140,,994.087
11395,14.7165,,139,,993.981
11396,14.7176,,139,,993.853
11397,14.7186,,139,,993.725
11398,14.7197,,139,,993.597
11399,14.7207,,139,,993.469
11400,14.7218,,140,,993.11
11401,14.7228,,139,,992.726
11402,14.7238,,139,,992.341
11403,14.7249,,140,,991.956
11404,14.7259,,140,,991.571
11405,14.726,,142,,991.004
11406,14.7268,,141,,990.555
11407,14.7277,,142,,990.122
11408,14.7285,,142,,989.689
11409,14.7294,,144,,989.256
11410,14.7302,,144,,988.822
11411,14.7311,,144,,988.389
11412,14.732,,144,,987.956
11413,14.7333,,144,,987.444
11414,14.7348,,144,,986.924
11415,14.7362,,144,,986.404
11416,14.7377,,144,,985.884
11417,14.7388,,144,,985.717
11418,14.74,,144,,985.59
11419,14.7411,,144,,985.463
11420,14.7422,,144,,985.336
11421,14.7433,,144,,985.208
11422,14.7443,,144,,984.915
11423,14.7453,,145,,984.603
11424,14.7463,,145,,984.291
11425,14.7473,,145,,983.978
11426,14.7482,,145,,983.666
11427,14.7492,,145,,983.354
11428,14.75,,145,,983.237
11429,14.7507,,145,,983.141
11430,14.7515,,145,,983.046
11431,14.7522,,145,,982.95
11432,14.753,,145,,982.855
11433,14.7537,,145,,982.759
11434,14.7545,,145,,982.664
11435,14.7557,,144,,982.549
11436,14.757,,144,,982.431
11437,14.7583,,144,,982.314
11438,14.7596,,144,,982.197
11439,14.7608,,144,,982.079
11440,14.7619,,144,,981.802
11441,14.7629,,144,,981.506
11442,14.7639,,144,,981.21
11443,14.765,,144,,980.915
11444,14.766,,144,,980.619
11445,14.7668,,144,,980.487
11446,14.7676,,144,,980.372
11447,14.7684,,144,,980.258
11448,14.7691,,144,,980.144
11449,14.7699,,144,,980.03
11450,14.7707,,142,,979.916
11451,14.7715,,142,,979.801
11452,14.7723,,142,,979.456
11453,14.7732,,142,,979.086
11454,14.774,,142,,978.715
11455,14.7749,,141,,978.344
11456,14.7757,,140,,977.974
11457,14.7765,,139,,977.603
11458,14.7774,,140,,977.232
11459,14.7783,,139,,976.796
11460,14.7792,,139,,976.353
11461,14.7801,,139,,975.909
11462,14.781,,139,,975.466
11463,14.782,,139,,975.022
11464,14.7829,,139,,974.579
11465,14.7837,,140,,974.131
11466,14.7844,,139,,973.683
11467,14.7852,,139,,973.234
11468,14.7859,,140,,972.786
11469,14.7867,,139,,972.337
11470,14.7875,,140,,971.889
11471,14.7882,,140,,971.44
11472,14.7895,,140,,971.198
11473,14.7908,,141,,970.979
11474,14.7921,,142,,970.76
11475,14.7934,,142,,970.541
11476,14.7947,,142,,970.322
11477,14.7961,,142,,970.046
11478,14.7974,,142,,969.764
11479,14.7988,,142,,969.481
11480,14.8002,,142,,969.199
11481,14.8013,,142,,968.926
11482,14.8024,,142,,968.653
11483,14.8035,,142,,968.381
11484,14.8046,,142,,968.108
11485,14.8057,,142,,967.836
11486,14.8068,,142,,967.577
11487,14.8078,,142,,967.319
11488,14.8088,,142,,967.062
11489,14.8099,,142,,966.805
11490,14.8109,,142,,966.547
11491,14.8119,,142,,966.295
11492,14.813,,142,,966.044
11493,14.814,,142,,965.792
11494,14.815,,142,,965.541
11495,14.816,,142,,965.289
11496,14.8175,,142,,965.186
11497,14.8191,,142,,965.1
11498,14.8207,,142,,965.013
11499,14.8223,,142,,964.927
11500,14.8237,,142,,964.594
11501,14.8251,,142,,964.233
11502,14.8265,,142,,963.873
11503,14.8279,,141,,963.512
11504,14.8291,,142,,962.981
11505,14.8302,,141,,962.43
11506,14.8313,,142,,961.879
11507,14.8324,,142,,961.328
11508,14.8335,,142,,960.777
11509,14.8352,,142,,960.609
11510,14.8369,,142,,960.484
11511,14.8386,,142,,960.359
11512,14.8404,,142,,960.267
11513,14.8423,,142,,960.179
11514,14.8441,,142,,960.091
11515,14.8456,,142,,959.723
11516,14.847,,142,,959.323
11517,14.8485,,144,,958.924
11518,14.85,,144,,958.525
11519,14.8511,,144,,958.387
11520,14.8523,,144,,958.279
11521,14.8534,,142,,958.171
11522,14.8545,,142,,958.063
11523,14.8556,,142,,957.955
11524,14.8567,,142,,957.639
11525,14.8577,,142,,957.3
11526,14.8588,,142,,956.96
11527,14.8598,,142,,956.621
11528,14.8608,,142,,956.281
11529,14.8617,,142,,955.743
11530,14.8626,,142,,955.183
11531,14.8635,,143,,954.622
11532,14.8644,,143,,954.062
11533,14.8652,,142,,953.502
11534,14.8661,,141,,952.941
11535,14.8671,,141,,952.612
11536,14.8682,,142,,952.309
11537,14.8692,,141,,952.006
11538,14.8703,,142,,951.703
11539,14.8714,,142,,951.399
11540,14.8724,,141,,951.103
11541,14.8734,,142,,950.807
11542,14.8744,,141,,950.511
11543,14.8754,,141,,950.215
11544,14.8764,,142,,949.919
11545,14.8775,,140,,949.628
11546,14.8787,,140,,949.338
11547,14.8799,,140,,949.048
11548,14.881,,140,,948.758
11549,14.8822,,140,,948.468
11550,14.8836,,140,,948.16
11551,14.8851,,140,,947.85
11552,14.8866,,140,,947.539
11553,14.888,,140,,947.229
11554,14.8898,,140,,946.961
11555,14.8915,,140,,946.698
11556,14.8933,,140,,946.436
11557,14.8948,,140,,946.193
11558,14.8962,,140,,945.953
11559,14.8976,,141,,945.713
11560,14.899,,141,,945.473
11561,14.9008,,142,,945.247
11562,14.9026,,141,,945.022
11563,14.9045,,141,,944.797
11564,14.9063,,142,,944.573
11565,14.9087,,143,,944.343
11566,14.9111,,143,,944.113
11567,14.9136,,143,,943.883
11568,14.917,,142,,943.495
11569,14.9204,,142,,943.088
11570,14.9238,,142,,942.543
11571,14.9272,,142,,941.981
11572,14.9301,,144,,941.743
11573,14.933,,144,,941.543
11574,14.9361,,144,,941.572
11575,14.9393,,144,,941.627
11576,14.9429,,144,,941.378
11577,14.9465,,144,,941.094
11578,14.9493,,144,,940.65
11579,14.9521,,144,,940.187
11580,14.9545,,144,,939.883
11581,14.9569,,144,,939.597
11582,14.9593,,145,,939.31
11583,14.9623,,145,,938.979
11584,14.9653,,145,,938.642
11585,14.9688,,145,,938.441
11586,14.9723,,145,,938.256
11587,14.9747,,146,,938.042
11588,14.9771,,146,,937.823
11589,14.9794,,146,,937.605
11590,14.9815,,146,,936.855
11591,14.9836,,146,,936.043
11592,14.9858,,148,,935.232
11593,14.9875,,148,,934.349
11594,14.9893,,148,,933.459
11595,14.9911,,148,,932.569
11596,14.9924,,148,,931.749
11597,14.9937,,148,,930.937
11598,14.995,,148,,930.125
11599,14.9963,,148,,929.313
11600,14.9964,,149,,928.746
11601,14.9973,,149,,928.418
11602,14.9983,,151,,928.115
11603,14.9993,,151,,927.811
11604,15.0004,,151,,927.508
11605,15.0014,,151,,927.204
11606,15.0027,,151,,926.768
11607,15.004,,151,,926.316
11608,15.0053,,151,,925.864
11609,15.0066,,151,,925.413
11610,15.008,,151,,924.961
11611,15.0109,,151,,924.019
11612,15.0141,,151,,923.021
11613,15.0171,,151,,922.675
11614,15.0201,,151,,922.405
11615,15.0231,,151,,921.965
11616,15.0261,,151,,921.505
11617,15.0294,,151,,921.183
11618,15.0328,,151,,920.876
11619,15.0356,,151,,920.613
11620,15.0382,,151,,920.354
11621,15.0409,,151,,919.994
11622,15.0437,,151,,919.623
11623,15.0467,,152,,919.461
11624,15.0497,,152,,919.323
11625,15.0525,,152,,919.495
11626,15.0553,,152,,919.702
11627,15.058,,152,,919.167
11628,15.0606,,152,,918.545
11629,15.0624,,152,,918.19
11630,15.0641,,152,,917.866
11631,15.0658,,152,,917.542
11632,15.0673,,152,,917.056
11633,15.0688,,152,,916.552
11634,15.0703,,151,,916.048
11635,15.0717,,151,,915.544
11636,15.0738,,151,,915.008
11637,15.076,,151,,914.467
11638,15.0782,,151,,913.927
11639,15.0806,,151,,913.482
11640,15.0831,,151,,913.048
11641,15.0856,,151,,912.615
11642,15.0881,,151,,912.412
11643,15.0906,,150,,912.236
11644,15.0926,,151,,911.959
11645,15.0946,,151,,911.67
11646,15.0966,,151,,911.381
11647,15.0983,,150,,911.114
11648,15.1,,151,,910.849
11649,15.1018,,150,,910.583
11650,15.1044,,151,,910.159
11651,15.1071,,150,,909.715
11652,15.1098,,151,,909.681
11653,15.1124,,150,,909.694
11654,15.1152,,151,,909.387
11655,15.118,,150,,909.043
11656,15.1206,,151,,908.901
11657,15.1232,,150,,908.782
11658,15.125,,149,,908.792
11659,15.1267,,149,,908.816
11660,15.1284,,148,,908.841
11661,15.1304,,148,,908.422
11662,15.1325,,149,,907.952
11663,15.1345,,149,,907.481
11664,15.1376,,149,,906.831
11665,15.1407,,149,,906.16
11666,15.144,,148,,905.526
11667,15.1473,,148,,904.896
11668,15.1503,,146,,904.581
11669,15.1532,,146,,904.302
11670,15.1561,,145,,904.08
11671,15.159,,145,,903.865
11672,15.1613,,144,,903.464
11673,15.1635,,144,,903.041
11674,15.1657,,144,,902.619
11675,15.1682,,144,,901.988
11676,15.1707,,144,,901.333
11677,15.1731,,145,,900.935
11678,15.1755,,146,,900.566
11679,15.1779,,148,,900.198
11680,15.1801,,148,,900.071
11681,15.1822,,148,,899.972
11682,15.1843,,148,,899.874
11683,15.1862,,149,,899.437
11684,15.1881,,149,,898.962
11685,15.19,,149,,898.486
11686,15.192,,148,,898.196
11687,15.194,,148,,897.928
11688,15.196,,148,,897.66
11689,15.1988,,149,,896.638
11690,15.2017,,149,,895.529
11691,15.2045,,149,,895.253
11692,15.2073,,149,,895.074
11693,15.2094,,149,,894.812
11694,15.2114,,149,,894.54
11695,15.2134,,149,,894.268
11696,15.2158,,149,,894.157
11697,15.2183,,149,,894.065
11698,15.2207,,148,,893.973
11699,15.2234,,148,,893.889
11700,15.2261,,148,,893.806
11701,15.2286,,149,,893.416
11702,15.231,,149,,892.99
11703,15.2333,,149,,892.564
11704,15.2343,,149,,892.109
11705,15.2351,,148,,891.65
11706,15.2359,,148,,891.192
11707,15.2367,,148,,890.733
11708,15.2375,,149,,890.275
11709,15.2383,,149,,889.816
11710,15.2391,,149,,889.358
11711,15.2415,,149,,889.024
11712,15.244,,149,,888.706
11713,15.2465,,148,,888.046
11714,15.2491,,148,,887.346
11715,15.2516,,148,,886.885
11716,15.254,,148,,886.451
11717,15.2565,,148,,886.018
11718,15.2593,,148,,885.186
11719,15.2622,,148,,884.307
11720,15.2644,,148,,883.914
11721,15.2664,,148,,883.578
11722,15.2685,,148,,883.243
11723,15.2703,,148,,882.493
11724,15.272,,148,,881.694
11725,15.2737,,148,,880.896
11726,15.2754,,148,,880.098
11727,15.2781,,148,,879.424
11728,15.2809,,148,,878.765
11729,15.283,,148,,877.899
11730,15.2849,,148,,877.009
11731,15.2869,,148,,876.118
11732,15.2883,,148,,875.841
11733,15.2897,,148,,875.637
11734,15.2911,,148,,875.432
11735,15.2925,,148,,875.227
11736,15.2944,,148,,874.97
11737,15.2963,,148,,874.707
11738,15.2982,,148,,874.444
11739,15.2998,,148,,873.9
11740,15.3013,,146,,873.323
11741,15.3028,,146,,872.747
11742,15.3043,,146,,872.17
11743,15.3058,,148,,871.453
11744,15.3072,,148,,870.718
11745,15.3086,,148,,869.984
11746,15.3101,,148,,869.25
11747,15.3121,,148,,868.776
11748,15.3143,,148,,868.332
11749,15.3164,,148,,867.888
11750,15.3187,,148,,867.312
11751,15.3209,,148,,866.722
11752,15.3232,,148,,866.131
11753,15.3247,,148,,865.737
11754,15.326,,146,,865.367
11755,15.3274,,146,,864.997
11756,15.3287,,148,,864.626
11757,15.3297,,148,,864.339
11758,15.3305,,148,,864.061
11759,15.3314,,148,,863.784
11760,15.3323,,148,,863.506
11761,15.3332,,146,,863.228
11762,15.334,,147,,862.951
11763,15.3358,,147,,862.76
11764,15.3376,,148,,862.579
11765,15.3395,,148,,862.398
11766,15.3416,,148,,862.062
11767,15.3437,,148,,861.707
11768,15.3459,,148,,861.353
11769,15.3483,,148,,860.915
11770,15.3507,,148,,860.468
11771,15.3531,,148,,860.021
11772,15.3557,,148,,859.813
11773,15.3583,,148,,859.632
11774,15.361,,147,,859.022
11775,15.3636,,147,,858.362
11776,15.3662,,148,,858.01
11777,15.3688,,148,,857.695
11778,15.3711,,148,,857.623
11779,15.3733,,148,,857.581
11780,15.3755,,148,,857.538
11781,15.3777,,148,,857.814
11782,15.3799,,148,,858.126
11783,15.3821,,148,,858.438
11784,15.3841,,148,,858.221
11785,15.3861,,148,,857.941
11786,15.3881,,148,,857.661
11787,15.3894,,146,,857.16
11788,15.3907,,147,,856.633
11789,15.392,,147,,856.106
11790,15.3932,,146,,855.578
11791,15.395,,146,,855.021
11792,15.3968,,145,,854.46
11793,15.3986,,144,,853.9
11794,15.4005,,144,,853.577
11795,15.4024,,144,,853.283
11796,15.4043,,144,,852.988
11797,15.4058,,144,,852.665
11798,15.4072,,144,,852.338
11799,15.4087,,144,,852.012
11800,15.4101,,144,,851.685
11801,15.412,,144,,851.518
11802,15.414,,144,,851.371
11803,15.4159,,145,,851.223
11804,15.4178,,145,,851.064
11805,15.4197,,145,,850.905
11806,15.4215,,146,,850.745
11807,15.423,,146,,850.158
11808,15.4246,,146,,849.521
11809,15.4261,,148,,848.884
11810,15.4276,,148,,848.247
11811,15.4301,,148,,847.43
11812,15.4327,,148,,846.592
11813,15.4353,,148,,845.753
11814,15.4374,,148,,845.028
11815,15.4394,,148,,844.317
11816,15.4414,,148,,843.605
11817,15.4431,,148,,843.174
11818,15.4447,,148,,842.776
11819,15.4463,,148,,842.379
11820,15.4479,,148,,841.981
11821,15.4509,,148,,841.308
11822,15.454,,148,,840.603
11823,15.4559,,148,,840.404
11824,15.4577,,148,,840.263
11825,15.4595,,149,,840.123
11826,15.4617,,148,,839.586
11827,15.464,,149,,839.003
11828,15.4662,,148,,838.42
11829,15.4685,,148,,837.784
11830,15.4708,,146,,837.142
11831,15.4731,,146,,836.5
11832,15.4748,,146,,836.294
11833,15.4765,,146,,836.14
11834,15.4782,,148,,835.985
11835,15.4799,,148,,835.528
11836,15.4816,,148,,835.035
11837,15.4834,,148,,834.542
11838,15.4852,,149,,834.043
11839,15.4871,,148,,833.542
11840,15.489,,148,,833.042
11841,15.4906,,146,,833.002
11842,15.4922,,146,,833.016
11843,15.4938,,148,,833.031
11844,15.4955,,148,,833.045
11845,15.4965,,147,,832.646
11846,15.4974,,147,,832.199
11847,15.4984,,148,,831.751
11848,15.5,,148,,831.439
11849,15.5018,,148,,831.142
11850,15.5035,,148,,830.846
11851,15.5059,,148,,830.425
11852,15.5085,,148,,829.989
11853,15.5111,,148,,829.402
11854,15.5137,,148,,828.797
11855,15.5156,,148,,828.338
11856,15.5174,,148,,827.895
11857,15.5192,,148,,827.453
11858,15.5213,,148,,826.855
11859,15.5234,,148,,826.238
11860,15.5255,,148,,825.621
11861,15.5277,,148,,825.276
11862,15.5298,,148,,824.962
11863,15.532,,148,,824.648
11864,15.5357,,148,,824.099
11865,15.5396,,148,,823.522
11866,15.542,,148,,822.912
11867,15.5442,,148,,822.299
11868,15.5464,,148,,821.685
11869,15.5483,,148,,821.485
11870,15.5502,,148,,821.333
11871,15.5521,,148,,821.18
11872,15.5546,,148,,820.484
11873,15.5572,,148,,819.722
11874,15.5586,,148,,819.063
11875,15.5599,,148,,818.416
11876,15.5612,,148,,817.769
11877,15.5625,,148,,817.122
11878,15.5638,,148,,816.474
11879,15.565,,148,,815.91
11880,15.5661,,148,,815.355
11881,15.5673,,148,,814.8
11882,15.5684,,148,,814.245
11883,15.5696,,148,,813.69
11884,15.5702,,148,,813.064
11885,15.5707,,148,,812.43
11886,15.5712,,148,,811.796
11887,15.5717,,148,,811.162
11888,15.5722,,148,,810.528
11889,15.5727,,148,,809.894
11890,15.5732,,146,,809.26
11891,15.5737,,146,,808.625
11892,15.5742,,145,,807.991
11893,15.5752,,145,,807.452
11894,15.5763,,145,,806.925
11895,15.5774,,144,,806.397
11896,15.5785,,144,,805.869
11897,15.5796,,144,,805.341
11898,15.5819,,144,,804.872
11899,15.5844,,144,,804.41
11900,15.5868,,144,,803.947
11901,15.5897,,144,,803.584
11902,15.5926,,144,,803.231
11903,15.5957,,144,,803.103
11904,15.5988,,144,,803.002
11905,15.6015,,144,,802.833
11906,15.6042,,144,,802.655
11907,15.6069,,144,,802.58
11908,15.6096,,144,,802.518
11909,15.6118,,145,,802.278
11910,15.614,,145,,802.017
11911,15.6161,,145,,801.756
11912,15.6187,,145,,801.59
11913,15.6214,,145,,801.436
11914,15.625,,145,,801.134
11915,15.6287,,144,,800.815
11916,15.6316,,144,,800.648
11917,15.6345,,144,,800.5
11918,15.6362,,145,,800.285
11919,15.6378,,146,,800.061
11920,15.6394,,146,,799.838
11921,15.641,,146,,799.615
11922,15.6432,,145,,799.325
11923,15.6454,,146,,799.027
11924,15.6477,,146,,798.729
11925,15.6498,,148,,798.189
11926,15.652,,148,,797.62
11927,15.6541,,146,,797.052
11928,15.6565,,148,,796.865
11929,15.659,,148,,796.724
11930,15.6614,,148,,796.583
11931,15.6643,,148,,796.309
11932,15.6673,,149,,796.02
11933,15.6701,,149,,796.048
11934,15.673,,149,,796.113
11935,15.6761,,149,,795.897
11936,15.6792,,149,,795.648
11937,15.6826,,149,,795.431
11938,15.6861,,149,,795.217
11939,15.6899,,149,,794.911
11940,15.6938,,149,,794.594
11941,15.697,,150,,794.607
11942,15.7001,,151,,794.659
11943,15.7023,,150,,794.471
11944,15.7045,,151,,794.256
11945,15.7066,,150,,794.041
11946,15.7089,,151,,793.981
11947,15.7112,,151,,793.941
11948,15.7136,,151,,793.9
11949,15.7169,,152,,793.885
11950,15.7203,,152,,793.874
11951,15.7222,,152,,793.712
11952,15.7239,,152,,793.531
11953,15.7256,,152,,793.351
11954,15.7272,,152,,793.029
11955,15.7289,,152,,792.69
11956,15.7305,,154,,792.351
11957,15.7322,,154,,792.012
11958,15.7331,,154,,791.872
11959,15.734,,154,,791.756
11960,15.7349,,154,,791.639
11961,15.7358,,154,,791.523
11962,15.7366,,154,,791.406
11963,15.7375,,154,,791.289
11964,15.7376,,154,,791.175
11965,15.7391,,154,,791.305
11966,15.7408,,154,,791.464
11967,15.7425,,154,,791.623
11968,15.7439,,154,,791.703
11969,15.7452,,154,,791.773
11970,15.7465,,154,,791.843
11971,15.7478,,155,,791.912
11972,15.7491,,155,,791.792
11973,15.7504,,155,,791.648
11974,15.7516,,155,,791.505
11975,15.7529,,155,,791.362
11976,15.7538,,155,,791.297
11977,15.7547,,155,,791.243
11978,15.7555,,155,,791.188
11979,15.7564,,155,,791.133
11980,15.7573,,155,,791.079
11981,15.7582,,155,,791.024
11982,15.759,,155,,790.969
11983,15.76,,155,,791.033
11984,15.7609,,155,,791.112
11985,15.7619,,155,,791.19
11986,15.7628,,155,,791.268
11987,15.7638,,155,,791.346
11988,15.7647,,155,,791.425
11989,15.7656,,155,,791.287
11990,15.7664,,155,,791.123
11991,15.7672,,155,,790.959
11992,15.768,,155,,790.795
11993,15.7688,,155,,790.631
11994,15.7696,,155,,790.467
11995,15.7704,,155,,790.302
11996,15.7717,,155,,790.26
11997,15.7732,,155,,790.232
11998,15.7746,,156,,790.204
11999,15.7761,,156,,790.176
12000,15.777,,157,,790.333
12001,15.778,,157,,790.513
12002,15.7789,,157,,790.692
12003,15.7798,,158,,790.872
12004,15.7807,,158,,791.051
12005,15.7817,,158,,791.231
12006,15.7825,,158,,791.324
12007,15.7833,,158,,791.406
12008,15.7842,,159,,791.489
12009,15.785,,159,,791.571
12010,15.7858,,158,,791.654
12011,15.7867,,158,,791.736
12012,15.7875,,158,,791.818
12013,15.789,,158,,791.739
12014,15.7906,,160,,791.641
12015,15.7923,,160,,791.542
12016,15.7939,,160,,791.443
12017,15.7951,,160,,791.245
12018,15.7963,,160,,791.035
12019,15.7974,,160,,790.826
12020,15.7986,,160,,790.616
12021,15.7998,,160,,790.406
12022,15.801,,160,,790.488
12023,15.8023,,160,,790.605
12024,15.8036,,160,,790.722
12025,15.8048,,160,,790.84
12026,15.8061,,160,,790.957
12027,15.807,,160,,790.864
12028,15.8078,,160,,790.746
12029,15.8086,,160,,790.627
12030,15.8094,,160,,790.509
12031,15.8103,,160,,790.391
12032,15.8116,,160,,790.342
12033,15.813,,160,,790.303
12034,15.8145,,160,,790.263
12035,15.8159,,160,,790.223
12036,15.8163,,160,,790.191
12037,15.8166,,160,,790.16
12038,15.817,,158,,790.129
12039,15.8173,,158,,790.098
12040,15.8176,,158,,790.066
12041,15.8179,,158,,790.035
12042,15.8182,,158,,790.004
12043,15.8185,,157,,789.973
12044,15.8189,,156,,789.942
12045,15.8192,,156,,789.911
12046,15.8195,,155,,789.879
12047,15.8198,,155,,789.848
12048,15.8201,,154,,789.817
12049,15.8205,,154,,789.786
12050,15.8208,,154,,789.755
12051,15.8211,,154,,789.723
12052,15.8214,,155,,789.692
12053,15.8226,,155,,789.488
12054,15.8239,,155,,789.263
12055,15.8252,,155,,789.038
12056,15.8265,,155,,788.812
12057,15.828,,155,,788.85
12058,15.8295,,155,,788.92
12059,15.831,,156,,788.99
12060,15.8325,,156,,789.059
12061,15.8349,,156,,788.948
12062,15.8374,,156,,788.815
12063,15.84,,156,,789.098
12064,15.8426,,157,,789.433
12065,15.8445,,157,,789.652
12066,15.8464,,156,,789.857
12067,15.8483,,157,,790.061
12068,15.8497,,157,,789.967
12069,15.8512,,157,,789.837
12070,15.8526,,157,,789.707
12071,15.854,,156,,789.576
12072,15.8557,,158,,789.797
12073,15.8574,,158,,790.06
12074,15.8591,,158,,790.323
12075,15.8609,,157,,790.587
12076,15.8622,,156,,790.678
12077,15.8634,,157,,790.748
12078,15.8647,,157,,790.819
12079,15.866,,156,,790.889
12080,15.8684,,157,,791.243
12081,15.8711,,156,,791.633
12082,15.8747,,157,,792.243
12083,15.8785,,157,,792.88
12084,15.8816,,156,,793.001
12085,15.8848,,157,,793.059
12086,15.8885,,157,,793.322
12087,15.8922,,156,,793.611
12088,15.8951,,157,,793.987
12089,15.8979,,156,,794.372
12090,15.8999,,157,,794.376
12091,15.9019,,157,,794.333
12092,15.9039,,156,,794.29
12093,15.9051,,157,,794.207
12094,15.9062,,156,,794.119
12095,15.9073,,157,,794.032
12096,15.9084,,157,,793.944
12097,15.9094,,158,,793.857
12098,15.9104,,158,,793.823
12099,15.9112,,158,,793.795
12100,15.9121,,158,,793.768
12101,15.913,,158,,793.74
12102,15.9139,,158,,793.713
12103,15.9151,,158,,793.658
12104,15.9163,,158,,793.599
12105,15.9175,,158,,793.54
12106,15.9187,,158,,793.481
12107,15.9199,,158,,793.422
12108,15.921,,158,,793.639
12109,15.9221,,158,,793.889
12110,15.9231,,156,,794.139
12111,15.9242,,157,,794.39
12112,15.9253,,157,,794.64
12113,15.9271,,156,,794.982
12114,15.929,,157,,795.335
12115,15.9308,,156,,795.688
12116,15.932,,157,,795.804
12117,15.933,,157,,795.89
12118,15.934,,156,,795.977
12119,15.9351,,156,,796.064
12120,15.9361,,155,,796.15
12121,15.9367,,156,,796.012
12122,15.9372,,156,,795.846
12123,15.9378,,155,,795.68
12124,15.9388,,156,,795.898
12125,15.94,,155,,796.162
12126,15.9411,,156,,796.426
12127,15.9423,,156,,796.691
12128,15.9434,,155,,796.955
12129,15.9449,,156,,796.937
12130,15.9465,,156,,796.883
12131,15.9481,,157,,796.83
12132,15.9496,,157,,796.777
12133,15.9509,,156,,796.892
12134,15.9522,,157,,797.029
12135,15.9535,,156,,797.165
12136,15.9547,,157,,797.301
12137,15.9554,,157,,797.387
12138,15.9561,,158,,797.466
12139,15.9567,,158,,797.545
12140,15.9573,,158,,797.624
12141,15.958,,158,,797.704
12142,15.9586,,158,,797.783
12143,15.9593,,158,,797.862
12144,15.9599,,158,,797.941
12145,15.9609,,158,,798.091
12146,15.9619,,158,,798.249
12147,15.9629,,158,,798.408
12148,15.9639,,158,,798.566
12149,15.9649,,158,,798.725
12150,15.9659,,158,,798.883
12151,15.9676,,158,,798.983
12152,15.9695,,158,,799.075
12153,15.9714,,158,,799.168
12154,15.9733,,158,,799.158
12155,15.9752,,158,,799.136
12156,15.9772,,158,,799.114
12157,15.9797,,158,,798.857
12158,15.9823,,158,,798.571
12159,15.9849,,158,,798.285
12160,15.9881,,158,,798.167
12161,15.9914,,158,,798.07
12162,15.9941,,158,,797.385
12163,15.9966,,158,,796.627
12164,15.9989,,158,,796.357
12165,16.0011,,158,,796.146
12166,16.0033,,158,,795.935
12167,16.0048,,156,,795.437
12168,16.0063,,157,,794.904
12169,16.0077,,157,,794.371
12170,16.0091,,156,,793.838
12171,16.0102,,157,,793.729
12172,16.0112,,157,,793.674
12173,16.0123,,156,,793.618
12174,16.0133,,156,,793.562
12175,16.0144,,155,,793.506
12176,16.0162,,155,,793.263
12177,16.0181,,155,,792.997
12178,16.0201,,155,,792.731
12179,16.0214,,156,,792.567
12180,16.0227,,155,,792.416
12181,16.0239,,156,,792.264
12182,16.0252,,155,,792.112
12183,16.0263,,156,,791.898
12184,16.0274,,155,,791.676
12185,16.0284,,155,,791.453
12186,16.0295,,155,,791.231
12187,16.0306,,155,,791.009
12188,16.0307,,155,,790.281
12189,16.0313,,154,,789.897
12190,16.032,,154,,789.563
12191,16.0327,,154,,789.229
12192,16.0334,,152,,788.895
12193,16.0341,,152,,788.561
12194,16.0347,,152,,788.227
12195,16.0354,,151,,787.893
12196,16.0361,,151,,787.559
12197,16.0371,,151,,787.302
12198,16.0382,,151,,787.054
12199,16.0393,,151,,786.806
12200,16.0403,,150,,786.558
12201,16.0414,,151,,786.31
12202,16.0421,,150,,786.064
12203,16.0428,,151,,785.819
12204,16.0435,,150,,785.573
12205,16.0441,,151,,785.328
12206,16.0448,,151,,785.082
12207,16.0455,,151,,784.837
12208,16.0461,,151,,784.591
12209,16.0468,,150,,784.346
12210,16.0487,,151,,784.207
12211,16.0508,,152,,784.081
12212,16.0528,,152,,783.955
12213,16.055,,151,,783.978
12214,16.0571,,151,,784.019
12215,16.0593,,150,,784.06
12216,16.0599,,151,,783.896
12217,16.0603,,150,,783.708
12218,16.0607,,151,,783.519
12219,16.0611,,149,,783.33
12220,16.0614,,149,,783.141
12221,16.0618,,148,,782.952
12222,16.0622,,148,,782.763
12223,16.0626,,148,,782.574
12224,16.063,,148,,782.385
12225,16.0634,,148,,782.196
12226,16.0638,,148,,782.007
12227,16.0641,,148,,781.819
12228,16.0645,,148,,781.63
12229,16.0652,,148,,781.444
12230,16.0659,,148,,781.26
12231,16.0666,,148,,781.075
12232,16.0673,,148,,780.89
12233,16.068,,148,,780.705
12234,16.0687,,148,,780.521
12235,16.0694,,148,,780.336
12236,16.0701,,148,,780.151
12237,16.0721,,148,,779.614
12238,16.0743,,148,,779.035
12239,16.0765,,148,,778.455
12240,16.079,,148,,777.57
12241,16.0815,,148,,776.648
12242,16.0836,,148,,776.297
12243,16.0855,,148,,776.016
12244,16.0875,,148,,775.734
12245,16.0894,,148,,774.984
12246,16.0912,,148,,774.175
12247,16.0931,,149,,773.366
12248,16.0952,,149,,772.985
12249,16.0973,,149,,772.656
12250,16.0994,,149,,772.327
12251,16.1009,,149,,771.763
12252,16.1023,,151,,771.17
12253,16.1037,,150,,770.576
12254,16.1051,,151,,769.983
12255,16.1066,,149,,769.624
12256,16.1082,,149,,769.294
12257,16.1098,,149,,768.963
12258,16.1113,,149,,768.633
12259,16.1126,,149,,768.388
12260,16.1139,,148,,768.153
12261,16.1152,,148,,767.918
12262,16.1164,,148,,767.683
12263,16.1179,,149,,767.053
12264,16.1194,,149,,766.373
12265,16.1209,,149,,765.694
12266,16.1224,,149,,765.014
12267,16.1239,,149,,764.334
12268,16.1268,,149,,763.993
12269,16.1298,,149,,763.693
12270,16.132,,149,,763.245
12271,16.1342,,149,,762.78
12272,16.1364,,149,,762.314
12273,16.1383,,149,,761.91
12274,16.1401,,149,,761.513
12275,16.142,,149,,761.116
12276,16.1434,,149,,760.913
12277,16.1447,,149,,760.733
12278,16.1461,,149,,760.554
12279,16.1474,,148,,760.374
12280,16.1485,,148,,759.935
12281,16.1495,,148,,759.464
12282,16.1505,,148,,758.993
12283,16.1515,,148,,758.521
12284,16.1526,,148,,758.05
12285,16.154,,148,,757.69
12286,16.1555,,148,,757.344
12287,16.157,,148,,756.998
12288,16.1585,,148,,756.652
12289,16.16,,148,,755.677
12290,16.1615,,148,,754.624
12291,16.163,,148,,753.572
12292,16.1645,,148,,752.52
12293,16.166,,148,,751.927
12294,16.1676,,148,,751.392
12295,16.1692,,148,,750.856
12296,16.1707,,148,,750.321
12297,16.1714,,148,,749.96
12298,16.1719,,148,,749.621
12299,16.1724,,148,,749.282
12300,16.1729,,148,,748.943
12301,16.1735,,148,,748.603
12302,16.174,,148,,748.264
12303,16.1745,,148,,747.925
12304,16.1751,,148,,747.586
12305,16.1756,,148,,747.247
12306,16.176,,148,,746.772
12307,16.1763,,148,,746.28
12308,16.1767,,148,,745.788
12309,16.177,,148,,745.296
12310,16.1774,,148,,744.804
12311,16.1777,,148,,744.312
12312,16.1781,,146,,743.82
12313,16.1784,,146,,743.328
12314,16.1788,,146,,742.836
12315,16.1791,,148,,742.344
12316,16.1795,,148,,741.852
12317,16.1798,,148,,741.36
12318,16.1802,,148,,740.868
12319,16.1805,,148,,740.376
12320,16.1809,,148,,739.884
12321,16.1814,,148,,739.484
12322,16.182,,148,,739.095
12323,16.1826,,148,,738.706
12324,16.1832,,146,,738.317
12325,16.1838,,146,,737.928
12326,16.1843,,145,,737.539
12327,16.1849,,145,,737.15
12328,16.1855,,145,,736.761
12329,16.1861,,145,,736.372
12330,16.1866,,145,,735.983
12331,16.1872,,145,,735.594
12332,16.1887,,146,,735.402
12333,16.1902,,146,,735.235
12334,16.1917,,146,,735.068
12335,16.1933,,146,,734.901
12336,16.1947,,148,,734.626
12337,16.1962,,148,,734.338
12338,16.1976,,147,,734.05
12339,16.199,,147,,733.761
12340,16.2003,,148,,733.258
12341,16.2016,,148,,732.729
12342,16.2029,,148,,732.199
12343,16.2042,,148,,731.669
12344,16.2055,,148,,731.14
12345,16.2078,,148,,730.584
12346,16.2103,,148,,730.026
12347,16.2127,,148,,729.468
12348,16.2164,,148,,729.316
12349,16.2202,,148,,729.214
12350,16.2237,,148,,729.296
12351,16.2272,,149,,729.4
12352,16.2295,,149,,729.151
12353,16.2317,,149,,728.859
12354,16.2339,,148,,728.568
12355,16.2359,,148,,728.053
12356,16.2378,,148,,727.51
12357,16.2398,,149,,726.968
12358,16.2406,,149,,726.445
12359,16.2413,,149,,725.925
12360,16.242,,149,,725.406
12361,16.2426,,149,,724.886
12362,16.2433,,149,,724.366
12363,16.244,,149,,723.846
12364,16.2447,,149,,723.326
12365,16.2454,,148,,722.806
12366,16.2463,,148,,722.404
12367,16.2472,,148,,722.017
12368,16.2481,,148,,721.629
12369,16.249,,148,,721.242
12370,16.2499,,148,,720.855
12371,16.2508,,148,,720.467
12372,16.2517,,148,,720.08
12373,16.2534,,148,,719.722
12374,16.2552,,148,,719.367
12375,16.2571,,148,,719.013
12376,16.2584,,148,,718.636
12377,16.2596,,148,,718.257
12378,16.2608,,148,,717.877
12379,16.2621,,148,,717.498
12380,16.2633,,148,,717.118
12381,16.2637,,148,,716.938
12382,16.2641,,148,,716.781
12383,16.2649,,148,,716.44
12384,16.2658,,148,,716.077
12385,16.2667,,148,,715.713
12386,16.2676,,147,,715.35
12387,16.2685,,147,,714.986
12388,16.2694,,148,,714.623
12389,16.2704,,148,,714.209
12390,16.2714,,148,,713.79
12391,16.2725,,148,,713.37
12392,16.2735,,148,,712.95
12393,16.2745,,148,,712.53
12394,16.2758,,148,,712.102
12395,16.2772,,148,,711.673
12396,16.2785,,148,,711.244
12397,16.2799,,148,,710.814
12398,16.281,,148,,710.435
12399,16.2821,,148,,710.061
12400,16.2832,,148,,709.687
12401,16.2843,,148,,709.314
12402,16.2854,,148,,708.94
12403,16.2878,,148,,708.43
12404,16.2904,,148,,707.902
12405,16.2935,,146,,707.573
12406,16.2967,,146,,707.269
12407,16.2994,,146,,706.388
12408,16.3021,,146,,705.437
12409,16.3039,,146,,704.908
12410,16.3057,,148,,704.43
12411,16.3074,,148,,703.953
12412,16.309,,148,,703.693
12413,16.3105,,148,,703.46
12414,16.312,,146,,703.227
12415,16.3135,,146,,702.994
12416,16.3149,,146,,702.645
12417,16.3164,,146,,702.281
12418,16.3178,,146,,701.916
12419,16.3193,,148,,701.552
12420,16.3205,,148,,701.072
12421,16.3217,,148,,700.577
12422,16.3229,,148,,700.082
12423,16.3241,,145,,699.587
12424,16.3254,,145,,699.092
12425,16.3262,,146,,698.626
12426,16.327,,146,,698.164
12427,16.3278,,146,,697.701
12428,16.3286,,146,,697.239
12429,16.3294,,146,,696.777
12430,16.3302,,145,,696.315
12431,16.331,,145,,695.852
12432,16.332,,145,,695.632
12433,16.333,,145,,695.443
12434,16.334,,144,,695.254
12435,16.335,,144,,695.065
12436,16.336,,144,,694.876
12437,16.337,,144,,694.743
12438,16.3379,,144,,694.617
12439,16.3389,,144,,694.491
12440,16.3399,,142,,694.365
12441,16.3409,,142,,694.24
12442,16.3419,,142,,694.114
12443,16.343,,142,,693.83
12444,16.3441,,142,,693.526
12445,16.3451,,143,,693.222
12446,16.3462,,143,,692.917
12447,16.3473,,144,,692.613
12448,16.3483,,144,,692.309
12449,16.3496,,144,,692.07
12450,16.3508,,144,,691.839
12451,16.3521,,144,,691.608
12452,16.3534,,144,,691.377
12453,16.3546,,144,,691.142
12454,16.3559,,144,,690.907
12455,16.3572,,144,,690.672
12456,16.3585,,142,,690.436
12457,16.3598,,144,,690.201
12458,16.3618,,144,,689.963
12459,16.364,,144,,689.725
12460,16.3662,,144,,689.487
12461,16.3675,,144,,689.317
12462,16.3687,,145,,689.156
12463,16.3699,,145,,688.994
12464,16.3711,,145,,688.833
12465,16.3722,,145,,688.671
12466,16.3729,,145,,688.532
12467,16.3735,,145,,688.395
12468,16.3741,,145,,688.259
12469,16.3748,,145,,688.122
12470,16.3754,,145,,687.985
12471,16.376,,145,,687.849
12472,16.3766,,145,,687.712
12473,16.3772,,145,,687.575
12474,16.3778,,145,,687.438
12475,16.3799,,145,,687.369
12476,16.3822,,145,,687.307
12477,16.3845,,145,,687.246
12478,16.3877,,145,,686.887
12479,16.391,,145,,686.49
12480,16.3926,,145,,686.41
12481,16.3939,,145,,686.371
12482,16.3953,,145,,686.331
12483,16.3967,,145,,686.292
12484,16.3984,,146,,686.153
12485,16.4001,,146,,686.001
12486,16.4018,,148,,685.85
12487,16.4029,,148,,685.867
12488,16.4038,,148,,685.905
12489,16.4048,,146,,685.944
12490,16.4057,,145,,685.983
12491,16.4067,,145,,686.021
12492,16.4076,,145,,686.06
12493,16.4083,,146,,685.741
12494,16.409,,146,,685.377
12495,16.4096,,146,,685.012
12496,16.4103,,146,,684.648
12497,16.4109,,146,,684.284
12498,16.4116,,146,,683.919
12499,16.4122,,146,,683.555
12500,16.4129,,146,,683.191
12501,16.4136,,146,,682.818
12502,16.4143,,147,,682.445
12503,16.415,,147,,682.072
12504,16.4157,,146,,681.699
12505,16.4164,,146,,681.325
12506,16.4171,,146,,680.952
12507,16.4179,,146,,680.579
12508,16.4186,,146,,680.206
12509,16.4196,,145,,679.9
12510,16.4207,,145,,679.603
12511,16.4218,,145,,679.306
12512,16.4229,,145,,679.009
12513,16.424,,145,,678.712
12514,16.4259,,145,,678.531
12515,16.4279,,145,,678.365
12516,16.43,,145,,678.199
12517,16.4318,,145,,678.041
12518,16.4336,,145,,677.884
12519,16.4353,,145,,677.726
12520,16.4366,,145,,677.53
12521,16.4379,,146,,677.329
12522,16.4392,,146,,677.128
12523,16.4404,,146,,676.926
12524,16.4424,,146,,676.381
12525,16.4445,,146,,675.791
12526,16.4465,,146,,675.202
12527,16.4489,,144,,674.566
12528,16.4514,,144,,673.925
12529,16.4538,,144,,673.283
12530,16.4557,,144,,672.855
12531,16.4576,,145,,672.455
12532,16.4595,,145,,672.054
12533,16.462,,145,,671.684
12534,16.4645,,145,,671.318
12535,16.4665,,145,,670.975
12536,16.4685,,144,,670.636
12537,16.4704,,144,,670.296
12538,16.4715,,144,,669.96
12539,16.4724,,142,,669.625
12540,16.4733,,142,,669.289
12541,16.4742,,142,,668.953
12542,16.4751,,142,,668.617
12543,16.476,,142,,668.282
12544,16.4779,,144,,667.909
12545,16.4799,,144,,667.531
12546,16.4818,,144,,667.153
12547,16.4826,,144,,666.951
12548,16.4831,,144,,666.771
12549,16.4837,,145,,666.592
12550,16.4843,,145,,666.412
12551,16.4849,,145,,666.232
12552,16.4855,,145,,666.052
12553,16.4861,,146,,665.872
12554,16.4866,,148,,665.692
12555,16.4872,,148,,665.513
12556,16.4878,,148,,665.333
12557,16.4884,,148,,665.153
12558,16.4894,,148,,664.261
12559,16.4905,,148,,663.279
12560,16.4916,,148,,662.296
12561,16.4927,,148,,661.314
12562,16.4938,,148,,660.331
12563,16.4957,,148,,659.379
12564,16.4977,,148,,658.43
12565,16.4998,,148,,657.481
12566,16.5011,,149,,657.244
12567,16.5024,,149,,657.098
12568,16.5037,,149,,656.951
12569,16.5049,,149,,656.805
12570,16.5066,,149,,656.486
12571,16.5082,,149,,656.144
12572,16.5099,,150,,655.803
12573,16.511,,151,,655.318
12574,16.5121,,150,,654.814
12575,16.5131,,151,,654.311
12576,16.5142,,151,,653.807
12577,16.5147,,151,,653.427
12578,16.5152,,151,,653.062
12579,16.5156,,151,,652.696
12580,16.5161,,151,,652.331
12581,16.5165,,151,,651.966
12582,16.517,,151,,651.601
12583,16.5175,,151,,651.236
12584,16.5179,,151,,650.871
12585,16.5184,,151,,650.506
12586,16.5188,,151,,650.141
12587,16.5193,,151,,649.776
12588,16.5201,,152,,649.122
12589,16.521,,152,,648.431
12590,16.5218,,152,,647.74
12591,16.5227,,152,,647.05
12592,16.5235,,152,,646.359
12593,16.5244,,152,,645.668
12594,16.5252,,154,,644.978
12595,16.5263,,154,,644.352
12596,16.5274,,154,,643.734
12597,16.5286,,155,,643.116
12598,16.5297,,155,,642.499
12599,16.5308,,156,,641.881
12600,16.5321,,155,,641.742
12601,16.5334,,156,,641.664
12602,16.5347,,157,,641.587
12603,16.536,,156,,641.509
12604,16.5375,,157,,641.276
12605,16.5389,,156,,641.023
12606,16.5404,,157,,640.77
12607,16.5419,,157,,640.517
12608,16.5436,,156,,640.17
12609,16.5453,,157,,639.81
12610,16.547,,157,,639.451
12611,16.5482,,156,,639.299
12612,16.5493,,157,,639.173
12613,16.5504,,158,,639.047
12614,16.5515,,158,,638.92
12615,16.5526,,158,,638.794
12616,16.5539,,158,,638.91
12617,16.5552,,158,,639.057
12618,16.5565,,158,,639.203
12619,16.5578,,158,,639.35
12620,16.5591,,158,,639.484
12621,16.5604,,158,,639.617
12622,16.5617,,158,,639.751
12623,16.563,,158,,639.884
12624,16.5637,,158,,639.75
12625,16.5643,,158,,639.583
12626,16.5648,,158,,639.416
12627,16.5654,,158,,639.249
12628,16.566,,158,,639.082
12629,16.5666,,158,,638.915
12630,16.5673,,158,,638.73
12631,16.568,,158,,638.541
12632,16.5687,,158,,638.353
12633,16.5695,,158,,638.165
12634,16.5702,,158,,637.977
12635,16.5709,,158,,637.789
12636,16.5716,,158,,637.601
12637,16.5723,,158,,637.28
12638,16.573,,158,,636.942
12639,16.5737,,158,,636.604
12640,16.5744,,158,,636.266
12641,16.575,,158,,635.928
12642,16.5757,,158,,635.59
12643,16.5764,,158,,635.252
12644,16.5771,,157,,634.914
12645,16.5776,,156,,634.891
12646,16.578,,157,,634.908
12647,16.5785,,157,,634.925
12648,16.5789,,158,,634.942
12649,16.5794,,158,,634.959
12650,16.5798,,158,,634.977
12651,16.5803,,158,,634.994
12652,16.5807,,158,,635.011
12653,16.5812,,158,,635.028
12654,16.5816,,158,,635.045
12655,16.5821,,158,,635.062
12656,16.5825,,158,,635.079
12657,16.5831,,158,,634.94
12658,16.5838,,158,,634.781
12659,16.5844,,158,,634.623
12660,16.585,,158,,634.464
12661,16.5857,,158,,634.306
12662,16.5863,,160,,634.147
12663,16.5869,,160,,633.988
12664,16.5876,,160,,633.83
12665,16.588,,160,,633.977
12666,16.5883,,160,,634.164
12667,16.5887,,158,,634.35
12668,16.589,,158,,634.536
12669,16.5894,,158,,634.723
12670,16.5897,,158,,634.909
12671,16.5901,,158,,635.096
12672,16.5904,,158,,635.282
12673,16.5908,,158,,635.469
12674,16.5911,,158,,635.655
12675,16.5915,,158,,635.842
12676,16.5918,,158,,636.028
12677,16.5922,,158,,636.215
12678,16.5925,,158,,636.401
12679,16.5929,,158,,636.587
12680,16.5932,,158,,636.867
12681,16.5935,,158,,637.158
12682,16.5938,,158,,637.449
12683,16.5941,,160,,637.74
12684,16.5944,,160,,638.032
12685,16.5947,,160,,638.323
12686,16.5951,,160,,638.614
12687,16.5954,,160,,638.905
12688,16.5957,,160,,639.197
12689,16.596,,160,,639.488
12690,16.5963,,160,,639.779
12691,16.5966,,160,,640.07
12692,16.5969,,160,,640.361
12693,16.5972,,160,,640.653
12694,16.5976,,160,,640.944
12695,16.5979,,160,,641.235
12696,16.5982,,160,,641.526
12697,16.5985,,160,,641.818
12698,16.5988,,160,,642.109
12699,16.5997,,161,,642.359
12700,16.6006,,160,,642.605
12701,16.6015,,160,,642.85
12702,16.6024,,161,,643.096
12703,16.6033,,160,,643.341
12704,16.6042,,160,,643.586
12705,16.605,,161,,643.959
12706,16.6058,,160,,644.347
12707,16.6066,,160,,644.736
12708,16.6073,,161,,645.125
12709,16.6081,,160,,645.513
12710,16.6089,,161,,645.902
12711,16.6097,,161,,646.29
12712,16.6106,,160,,646.443
12713,16.6116,,160,,646.566
12714,16.6125,,161,,646.689
12715,16.6134,,160,,646.812
12716,16.6144,,160,,646.934
12717,16.6153,,161,,647.057
12718,16.6162,,160,,647.18
12719,16.6168,,160,,647.221
12720,16.6174,,161,,647.251
12721,16.6179,,160,,647.282
12722,16.6185,,160,,647.312
12723,16.619,,161,,647.343
12724,16.6196,,161,,647.373
12725,16.6201,,160,,647.404
12726,16.6207,,160,,647.434
12727,16.6212,,161,,647.465
12728,16.6217,,160,,647.495
12729,16.6225,,160,,647.596
12730,16.6233,,161,,647.705
12731,16.6241,,160,,647.815
12732,16.6249,,160,,647.924
12733,16.6257,,161,,648.034
12734,16.6265,,160,,648.143
12735,16.6272,,160,,648.253
12736,16.628,,161,,648.391
12737,16.6288,,162,,648.533
12738,16.6295,,162,,648.675
12739,16.6303,,162,,648.817
12740,16.631,,162,,648.959
12741,16.6318,,162,,649.101
12742,16.6325,,162,,649.243
12743,16.633,,162,,649.565
12744,16.6335,,162,,649.909
12745,16.634,,162,,650.253
12746,16.6344,,162,,650.598
12747,16.6349,,162,,650.942
12748,16.6354,,162,,651.287
12749,16.6358,,162,,651.631
12750,16.6363,,162,,651.975
12751,16.6368,,162,,652.32
12752,16.6372,,162,,652.664
12753,16.6377,,162,,653.009
12754,16.6382,,162,,653.191
12755,16.6387,,162,,653.352
12756,16.6393,,162,,653.514
12757,16.6398,,162,,653.675
12758,16.6403,,162,,653.837
12759,16.6408,,162,,653.998
12760,16.6414,,162,,654.16
12761,16.6419,,162,,654.321
12762,16.6424,,162,,654.483
12763,16.643,,162,,654.644
12764,16.6435,,160,,654.806
12765,16.6439,,160,,654.943
12766,16.6444,,160,,655.078
12767,16.6449,,160,,655.212
12768,16.6453,,160,,655.347
12769,16.6458,,160,,655.481
12770,16.6462,,160,,655.616
12771,16.6467,,160,,655.75
12772,16.6471,,160,,655.884
12773,16.6476,,160,,656.019
12774,16.648,,160,,656.153
12775,16.6485,,160,,656.288
12776,16.6492,,160,,656.325
12777,16.65,,160,,656.35
12778,16.6507,,160,,656.375
12779,16.6514,,160,,656.399
12780,16.6522,,160,,656.424
12781,16.6529,,160,,656.449
12782,16.6537,,160,,656.474
12783,16.6545,,160,,656.838
12784,16.6554,,160,,657.247
12785,16.6563,,160,,657.655
12786,16.6572,,161,,658.063
12787,16.6581,,162,,658.471
12788,16.659,,162,,658.88
12789,16.6591,,162,,658.972
12790,16.6599,,162,,658.999
12791,16.6609,,162,,659.024
12792,16.6618,,162,,659.048
12793,16.6627,,162,,659.073
12794,16.6636,,162,,659.097
12795,16.6645,,162,,659.121
12796,16.6652,,162,,659.232
12797,16.6659,,162,,659.354
12798,16.6665,,162,,659.476
12799,16.6672,,162,,659.598
12800,16.6678,,162,,659.719
12801,16.6685,,162,,659.841
12802,16.6691,,162,,659.963
12803,16.6698,,163,,660.085
12804,16.6704,,163,,660.207
12805,16.6714,,163,,660.447
12806,16.6725,,163,,660.702
12807,16.6735,,163,,660.957
12808,16.6746,,163,,661.212
12809,16.6756,,163,,661.467
12810,16.6767,,162,,661.722
12811,16.6776,,162,,661.871
12812,16.6784,,162,,662.007
12813,16.6792,,162,,662.144
12814,16.6801,,160,,662.28
12815,16.6809,,160,,662.416
12816,16.6818,,160,,662.552
12817,16.6826,,160,,662.746
12818,16.6834,,160,,662.948
12819,16.6841,,160,,663.15
12820,16.6849,,160,,663.351
12821,16.6857,,160,,663.553
12822,16.6865,,160,,663.755
12823,16.6873,,160,,663.957
12824,16.6883,,160,,664.066
12825,16.6894,,160,,664.163
12826,16.6905,,160,,664.261
12827,16.6917,,160,,664.358
12828,16.6928,,160,,664.456
12829,16.6941,,160,,664.887
12830,16.6954,,160,,665.361
12831,16.6968,,160,,665.835
12832,16.6981,,160,,666.308
12833,16.6993,,160,,666.684
12834,16.7004,,160,,667.046
12835,16.7016,,160,,667.408
12836,16.7028,,160,,667.771
12837,16.7039,,160,,668.133
12838,16.7056,,160,,668.414
12839,16.7073,,160,,668.684
12840,16.709,,160,,668.954
12841,16.7108,,162,,668.755
12842,16.7125,,162,,668.495
12843,16.7142,,162,,668.236
12844,16.716,,162,,667.976
12845,16.7178,,162,,668.416
12846,16.7197,,162,,668.945
12847,16.7215,,162,,669.474
12848,16.7233,,162,,669.561
12849,16.725,,162,,669.592
12850,16.7268,,162,,669.624
12851,16.7279,,162,,669.714
12852,16.7289,,162,,669.812
12853,16.73,,162,,669.91
12854,16.731,,162,,670.008
12855,16.7321,,162,,670.107
12856,16.733,,162,,670.286
12857,16.734,,162,,670.476
12858,16.7349,,162,,670.665
12859,16.7358,,162,,670.855
12860,16.7368,,162,,671.045
12861,16.7377,,162,,671.235
12862,16.7387,,162,,671.157
12863,16.7398,,162,,671.043
12864,16.7408,,160,,670.93
12865,16.7418,,160,,670.817
12866,16.7429,,160,,670.703
12867,16.7439,,160,,670.59
12868,16.7456,,160,,670.761
12869,16.7473,,161,,670.971
12870,16.749,,160,,671.18
12871,16.7509,,160,,671.237
12872,16.7527,,160,,671.274
12873,16.7546,,160,,671.31
12874,16.7571,,160,,671.024
12875,16.7596,,160,,670.695
12876,16.7621,,160,,670.367
12877,16.7643,,160,,670.416
12878,16.7665,,160,,670.515
12879,16.7686,,158,,670.615
12880,16.7707,,158,,670.808
12881,16.7728,,158,,671.013
12882,16.7749,,159,,671.218
12883,16.7767,,158,,671.206
12884,16.7784,,158,,671.164
12885,16.7801,,158,,671.123
12886,16.7812,,158,,670.933
12887,16.7823,,158,,670.724
12888,16.7833,,158,,670.515
12889,16.7844,,158,,670.305
12890,16.7854,,157,,670.096
12891,16.7869,,156,,669.876
12892,16.7883,,156,,669.654
12893,16.7898,,156,,669.433
12894,16.7913,,155,,669.211
12895,16.793,,155,,669.072
12896,16.7947,,154,,668.944
12897,16.7964,,154,,668.816
12898,16.7986,,152,,668.307
12899,16.8009,,152,,667.746
12900,16.8032,,152,,667.186
12901,16.8058,,152,,667.133
12902,16.8085,,152,,667.147
12903,16.8114,,152,,667.042
12904,16.8143,,152,,666.922
12905,16.8172,,152,,666.867
12906,16.8201,,152,,666.82
12907,16.8234,,154,,666.538
12908,16.8267,,154,,666.225
12909,16.8305,,154,,665.966
12910,16.8343,,154,,665.714
12911,16.838,,155,,665.68
12912,16.8417,,155,,665.675
12913,16.8456,,156,,665.82
12914,16.8495,,155,,665.985
12915,16.8526,,156,,665.591
12916,16.8557,,155,,665.123
12917,16.8593,,155,,664.681
12918,16.863,,155,,664.241
12919,16.8657,,155,,663.932
12920,16.8683,,156,,663.641
12921,16.8709,,155,,663.273
12922,16.8736,,155,,662.895
12923,16.8761,,155,,662.313
12924,16.8786,,155,,661.704
12925,16.8811,,156,,661.095
12926,16.8846,,155,,660.557
12927,16.8882,,156,,660.027
12928,16.8917,,155,,659.635
12929,16.8952,,155,,659.261
12930,16.8972,,155,,658.984
12931,16.8989,,155,,658.719
12932,16.9006,,156,,658.455
12933,16.9019,,156,,658.04
12934,16.9032,,155,,657.606
12935,16.9044,,156,,657.171
12936,16.9056,,155,,656.737
12937,16.9068,,155,,656.302
12938,16.9083,,155,,656.123
12939,16.9098,,155,,655.977
12940,16.9112,,155,,655.832
12941,16.9127,,155,,655.686
12942,16.9141,,155,,655.475
12943,16.9154,,155,,655.257
12944,16.9168,,155,,655.038
12945,16.9182,,155,,654.819
12946,16.9192,,155,,654.759
12947,16.9202,,155,,654.72
12948,16.9213,,155,,654.681
12949,16.9223,,156,,654.642
12950,16.9233,,155,,654.603
12951,16.9243,,156,,654.564
12952,16.9257,,156,,654.519
12953,16.9271,,155,,654.472
12954,16.9286,,155,,654.426
12955,16.93,,156,,654.379
12956,16.9313,,157,,654.32
12957,16.9325,,157,,654.258
12958,16.9338,,156,,654.197
12959,16.9351,,157,,654.135
12960,16.9368,,156,,654.118
12961,16.9386,,157,,654.107
12962,16.9404,,157,,654.096
12963,16.9414,,156,,654.078
12964,16.9423,,157,,654.059
12965,16.9432,,156,,654.04
12966,16.9442,,157,,654.022
12967,16.9451,,157,,654.003
12968,16.946,,156,,653.984
12969,16.9474,,157,,653.852
12970,16.9489,,156,,653.704
12971,16.9504,,156,,653.557
12972,16.9518,,157,,653.41
12973,16.9536,,158,,653.282
12974,16.9554,,158,,653.156
12975,16.9572,,158,,653.03
12976,16.959,,158,,652.905
12977,16.9611,,158,,652.911
12978,16.9633,,158,,652.936
12979,16.9654,,156,,652.96
12980,16.9664,,157,,652.735
12981,16.9673,,156,,652.476
12982,16.9682,,157,,652.217
12983,16.9691,,157,,651.958
12984,16.97,,156,,651.7
12985,16.9708,,156,,651.441
12986,16.9711,,155,,651.126
12987,16.9713,,156,,650.804
12988,16.9722,,156,,650.588
12989,16.9731,,155,,650.385
12990,16.974,,155,,650.182
12991,16.975,,155,,649.979
12992,16.9759,,155,,649.777
12993,16.9768,,154,,649.574
12994,16.9776,,154,,649.43
12995,16.9783,,154,,649.293
12996,16.9791,,152,,649.157
12997,16.9798,,152,,649.021
12998,16.9806,,152,,648.885
12999,16.9813,,151,,648.748
13000,16.9821,,151,,648.612
13001,16.9837,,151,,648.587
13002,16.9854,,150,,648.576
13003,16.9872,,151,,648.565
13004,16.9893,,150,,648.416
13005,16.9916,,151,,648.25
13006,16.9938,,151,,648.083
13007,16.9959,,151,,647.999
13008,16.998,,151,,647.926
13009,17.0001,,151,,647.852
13010,17.0026,,151,,648.081
13011,17.0052,,151,,648.35
13012,17.0073,,150,,648.077
13013,17.0093,,149,,647.732
13014,17.0113,,149,,647.388
13015,17.0127,,149,,647.026
13016,17.014,,150,,646.661
13017,17.0153,,151,,646.296
13018,17.0166,,150,,645.932
13019,17.0176,,151,,645.64
13020,17.0186,,150,,645.358
13021,17.0197,,151,,645.076
13022,17.0207,,151,,644.794
13023,17.0217,,151,,644.512
13024,17.0236,,151,,644.275
13025,17.0256,,151,,644.044
13026,17.0276,,151,,643.812
13027,17.0297,,149,,643.731
13028,17.0319,,149,,643.669
13029,17.0341,,149,,643.607
13030,17.037,,151,,643.376
13031,17.0399,,150,,643.123
13032,17.0419,,151,,642.989
13033,17.0438,,150,,642.871
13034,17.0457,,151,,642.753
13035,17.047,,151,,642.665
13036,17.0483,,152,,642.58
13037,17.0496,,152,,642.495
13038,17.0509,,152,,642.41
13039,17.0522,,152,,642.325
13040,17.0546,,151,,642.066
13041,17.0571,,152,,641.785
13042,17.0607,,152,,641.705
13043,17.0645,,154,,641.651
13044,17.0678,,154,,641.252
13045,17.0711,,155,,640.807
13046,17.0738,,155,,640.412
13047,17.0764,,155,,640.024
13048,17.0792,,155,,639.782
13049,17.082,,155,,639.559
13050,17.0848,,156,,639.282
13051,17.0876,,155,,638.999
13052,17.0902,,156,,638.678
13053,17.0927,,155,,638.353
13054,17.0952,,156,,638.245
13055,17.0976,,157,,638.166
13056,17.1,,158,,638.087
13057,17.1023,,158,,638.039
13058,17.1045,,158,,637.995
13059,17.1068,,158,,637.951
13060,17.1091,,158,,637.789
13061,17.1114,,156,,637.611
13062,17.1137,,157,,637.434
13063,17.1155,,157,,637.333
13064,17.1173,,156,,637.243
13065,17.1191,,156,,637.153
13066,17.1197,,156,,636.929
13067,17.1201,,157,,636.687
13068,17.1205,,158,,636.445
13069,17.1209,,158,,636.203
13070,17.1213,,158,,635.961
13071,17.1217,,158,,635.72
13072,17.1221,,158,,635.478
13073,17.1225,,158,,635.236
13074,17.1229,,158,,634.994
13075,17.1233,,158,,634.752
13076,17.1237,,160,,634.511
13077,17.1241,,160,,634.269
13078,17.1245,,160,,634.027
13079,17.1257,,160,,633.542
13080,17.1269,,160,,633.025
13081,17.1281,,160,,632.508
13082,17.1293,,160,,631.991
13083,17.1305,,160,,631.474
13084,17.1319,,160,,631.012
13085,17.1334,,160,,630.557
13086,17.1348,,160,,630.102
13087,17.1363,,158,,629.647
13088,17.138,,158,,629.403
13089,17.1398,,158,,629.187
13090,17.1416,,158,,628.97
13091,17.1434,,158,,628.754
13092,17.1466,,158,,628.251
13093,17.1499,,158,,627.711
13094,17.1515,,158,,627.127
13095,17.1529,,158,,626.537
13096,17.1543,,158,,625.947
13097,17.1557,,156,,625.358
13098,17.1573,,157,,624.847
13099,17.159,,157,,624.346
13100,17.1607,,156,,623.846
13101,17.1624,,157,,623.346
13102,17.1648,,155,,622.994
13103,17.1674,,156,,622.661
13104,17.17,,156,,622.329
13105,17.1726,,155,,621.94
13106,17.1753,,156,,621.543
13107,17.1765,,156,,621.164
13108,17.1776,,157,,620.787
13109,17.1786,,157,,620.41
13110,17.1796,,155,,620.033
13111,17.1807,,155,,619.656
13112,17.1818,,154,,619.241
13113,17.1828,,154,,618.82
13114,17.1839,,154,,618.4
13115,17.185,,154,,617.979
13116,17.1858,,154,,617.735
13117,17.1866,,154,,617.514
13118,17.1874,,154,,617.294
13119,17.1882,,152,,617.073
13120,17.189,,152,,616.852
13121,17.1898,,152,,616.631
13122,17.1905,,152,,616.41
13123,17.1915,,152,,615.787
13124,17.1926,,152,,615.111
13125,17.1936,,152,,614.435
13126,17.1946,,152,,613.759
13127,17.1956,,151,,613.083
13128,17.1968,,151,,612.745
13129,17.198,,151,,612.452
13130,17.1992,,151,,612.158
13131,17.2004,,151,,611.865
13132,17.2016,,151,,611.572
13133,17.2031,,151,,611.19
13134,17.2046,,151,,610.796
13135,17.2061,,151,,610.402
13136,17.2076,,151,,610.008
13137,17.2092,,151,,609.632
13138,17.2108,,151,,609.259
13139,17.2124,,151,,608.886
13140,17.214,,150,,608.513
13141,17.2153,,151,,608.358
13142,17.2166,,150,,608.233
13143,17.2178,,151,,608.107
13144,17.2191,,151,,607.981
13145,17.2205,,151,,607.77
13146,17.2219,,151,,607.547
13147,17.2233,,151,,607.325
13148,17.2247,,151,,607.102
13149,17.2258,,151,,606.923
13150,17.2268,,151,,606.75
13151,17.2279,,151,,606.577
13152,17.2289,,151,,606.403
13153,17.23,,150,,606.23
13154,17.2321,,151,,605.997
13155,17.2344,,150,,605.757
13156,17.2367,,151,,605.516
13157,17.2387,,150,,605.374
13158,17.2408,,151,,605.245
13159,17.2429,,151,,605.116
13160,17.2441,,151,,604.781
13161,17.2452,,151,,604.419
13162,17.2463,,151,,604.057
13163,17.2474,,151,,603.694
13164,17.2485,,151,,603.332
13165,17.2499,,152,,603.032
13166,17.2513,,152,,602.74
13167,17.2528,,152,,602.449
13168,17.2542,,152,,602.157
13169,17.2557,,152,,601.844
13170,17.2573,,152,,601.528
13171,17.2588,,152,,601.212
13172,17.2603,,152,,600.896
13173,17.2619,,152,,600.631
13174,17.2634,,154,,600.373
13175,17.2649,,154,,600.114
13176,17.2665,,154,,599.856
13177,17.2676,,154,,599.414
13178,17.2688,,154,,598.947
13179,17.2699,,154,,598.481
13180,17.271,,155,,598.015
13181,17.2721,,155,,597.548
13182,17.2732,,155,,597.082
13183,17.2747,,155,,596.542
13184,17.2762,,155,,595.993
13185,17.2777,,155,,595.444
13186,17.2791,,155,,594.895
13187,17.2805,,156,,594.771
13188,17.2819,,156,,594.703
13189,17.2833,,156,,594.636
13190,17.2847,,157,,594.569
13191,17.286,,157,,594.609
13192,17.2872,,157,,594.663
13193,17.2885,,157,,594.717
13194,17.2898,,157,,594.772
13195,17.2908,,157,,595.013
13196,17.2918,,156,,595.278
13197,17.2928,,156,,595.544
13198,17.2938,,157,,595.81
13199,17.2948,,157,,596.076
13200,17.2958,,158,,596.341
13201,17.2971,,158,,596.509
13202,17.2983,,158,,596.663
13203,17.2995,,158,,596.818
13204,17.3007,,158,,596.973
13205,17.302,,158,,597.127
13206,17.3033,,158,,596.781
13207,17.3046,,158,,596.368
13208,17.306,,158,,595.956
13209,17.3073,,158,,595.543
13210,17.3087,,158,,594.881
13211,17.31,,158,,594.186
13212,17.3114,,160,,593.491
13213,17.3127,,160,,592.796
13214,17.3134,,160,,592.525
13215,17.3139,,158,,592.309
13216,17.3145,,158,,592.093
13217,17.3153,,158,,591.75
13218,17.3161,,158,,591.391
13219,17.3169,,158,,591.031
13220,17.3177,,158,,590.671
13221,17.3185,,158,,590.312
13222,17.3193,,158,,589.952
13223,17.3201,,157,,589.592
13224,17.3213,,157,,589.581
13225,17.3226,,157,,589.616
13226,17.3238,,157,,589.652
13227,17.3251,,157,,589.687
13228,17.3268,,157,,589.558
13229,17.3285,,156,,589.407
13230,17.3302,,156,,589.257
13231,17.3316,,156,,588.95
13232,17.3331,,156,,588.623
13233,17.3345,,156,,588.296
13234,17.3359,,156,,587.968
13235,17.3377,,156,,587.749
13236,17.3396,,156,,587.543
13237,17.3414,,156,,587.338
13238,17.3428,,155,,587.353
13239,17.3442,,155,,587.396
13240,17.3455,,155,,587.44
13241,17.3469,,155,,587.484
13242,17.3489,,155,,587.417
13243,17.351,,155,,587.335
13244,17.3531,,155,,587.253
13245,17.3551,,154,,587.293
13246,17.3571,,154,,587.349
13247,17.3591,,152,,587.405
13248,17.3606,,152,,587.309
13249,17.3621,,152,,587.194
13250,17.3635,,151,,587.078
13251,17.3649,,151,,586.963
13252,17.3677,,148,,586.799
13253,17.3706,,148,,586.629
13254,17.3728,,148,,586.371
13255,17.375,,150,,586.102
13256,17.3771,,150,,585.833
13257,17.3794,,149,,585.765
13258,17.3817,,149,,585.725
13259,17.384,,149,,585.684
13260,17.3843,,150,,585.468
13261,17.3864,,151,,585.285
13262,17.3887,,151,,585.109
13263,17.3911,,151,,584.934
13264,17.3945,,151,,584.774
13265,17.3981,,151,,584.616
13266,17.401,,151,,584.595
13267,17.4037,,151,,584.593
13268,17.4064,,152,,584.681
13269,17.4089,,152,,584.781
13270,17.4109,,154,,585.002
13271,17.4128,,154,,585.239
13272,17.4147,,154,,585.477
13273,17.4174,,155,,585.503
13274,17.4204,,154,,585.502
13275,17.423,,154,,585.81
13276,17.4256,,154,,586.16
13277,17.4286,,154,,585.847
13278,17.4316,,154,,585.446
13279,17.4355,,154,,585.326
13280,17.4396,,155,,585.244
13281,17.4429,,155,,585.432
13282,17.446,,155,,585.656
13283,17.4475,,155,,585.64
13284,17.4487,,154,,585.591
13285,17.45,,155,,585.541
13286,17.4513,,155,,585.492
13287,17.4525,,155,,585.443
13288,17.4546,,155,,585.083
13289,17.4569,,156,,584.68
13290,17.4591,,155,,584.278
13291,17.462,,156,,584.35
13292,17.465,,155,,584.488
13293,17.4683,,156,,584.424
13294,17.4715,,156,,584.333
13295,17.4741,,155,,584.572
13296,17.4767,,156,,584.857
13297,17.4786,,156,,584.733
13298,17.4804,,157,,584.554
13299,17.4823,,157,,584.374
13300,17.4839,,156,,584.112
13301,17.4854,,157,,583.839
13302,17.487,,155,,583.566
13303,17.4885,,156,,583.293
13304,17.4898,,156,,583.252
13305,17.4911,,155,,583.242
13306,17.4924,,157,,583.233
13307,17.4937,,156,,583.223
13308,17.495,,157,,583.214
13309,17.4963,,157,,583.089
13310,17.4976,,155,,582.948
13311,17.4989,,156,,582.807
13312,17.5003,,155,,582.666
13313,17.5011,,156,,582.22
13314,17.5019,,157,,581.732
13315,17.5033,,156,,581.56
13316,17.5047,,157,,581.43
13317,17.5061,,156,,581.301
13318,17.5075,,157,,581.171
13319,17.5087,,157,,580.765
13320,17.5099,,156,,580.321
13321,17.5111,,158,,579.877
13322,17.5122,,158,,579.434
13323,17.5134,,158,,578.99
13324,17.5147,,158,,578.469
13325,17.5161,,158,,577.936
13326,17.5175,,158,,577.404
13327,17.5189,,158,,576.872
13328,17.5203,,158,,576.34
13329,17.5229,,158,,575.745
13330,17.5257,,158,,575.141
13331,17.5274,,158,,574.799
13332,17.529,,158,,574.494
13333,17.5306,,158,,574.188
13334,17.5322,,158,,573.882
13335,17.5346,,158,,573.457
13336,17.5372,,158,,573.015
13337,17.5396,,158,,572.785
13338,17.5419,,158,,572.584
13339,17.5443,,158,,572.383
13340,17.547,,158,,572.03
13341,17.5498,,158,,571.656
13342,17.5529,,158,,571.057
13343,17.5559,,158,,570.427
13344,17.5596,,158,,570.315
13345,17.5634,,158,,570.273
13346,17.5668,,158,,569.815
13347,17.5703,,156,,569.3
13348,17.5732,,157,,568.661
13349,17.576,,157,,568.004
13350,17.5786,,158,,567.35
13351,17.5811,,158,,566.696
13352,17.584,,158,,566.165
13353,17.5871,,158,,565.651
13354,17.5898,,158,,565.47
13355,17.5925,,156,,565.335
13356,17.5956,,157,,565.187
13357,17.5987,,157,,565.037
13358,17.6014,,158,,564.878
13359,17.604,,158,,564.718
13360,17.607,,158,,564.72
13361,17.6101,,158,,564.745
13362,17.6136,,158,,564.419
13363,17.6172,,158,,564.046
13364,17.6204,,158,,563.894
13365,17.6234,,158,,563.771
13366,17.6267,,158,,563.728
13367,17.6301,,158,,563.695
13368,17.6328,,158,,563.411
13369,17.6355,,158,,563.093
13370,17.6381,,158,,562.792
13371,17.6407,,159,,562.493
13372,17.6434,,159,,562.194
13373,17.6463,,158,,562.057
13374,17.6493,,158,,561.942
13375,17.652,,158,,561.887
13376,17.6547,,158,,561.84
13377,17.6567,,158,,561.504
13378,17.6586,,158,,561.128
13379,17.6605,,158,,560.751
13380,17.6631,,158,,560.795
13381,17.6657,,160,,560.897
13382,17.668,,160,,560.856
13383,17.6702,,160,,560.795
13384,17.6724,,160,,560.734
13385,17.6748,,160,,560.351
13386,17.6773,,160,,559.923
13387,17.6798,,160,,559.495
13388,17.6822,,160,,559.261
13389,17.6844,,160,,559.053
13390,17.6867,,160,,558.845
13391,17.6891,,158,,558.627
13392,17.6914,,158,,558.408
13393,17.6937,,158,,558.189
13394,17.6962,,160,,557.94
13395,17.6987,,160,,557.686
13396,17.7011,,160,,557.688
13397,17.7033,,160,,557.724
13398,17.7056,,160,,557.761
13399,17.7077,,160,,557.721
13400,17.7096,,160,,557.671
13401,17.7116,,160,,557.621
13402,17.7134,,160,,557.648
13403,17.7152,,160,,557.684
13404,17.717,,160,,557.721
13405,17.7185,,160,,557.502
13406,17.72,,158,,557.248
13407,17.7214,,160,,556.994
13408,17.7229,,160,,556.74
13409,17.7252,,160,,556.628
13410,17.7276,,158,,556.536
13411,17.73,,158,,556.443
13412,17.7319,,158,,556.444
13413,17.7338,,158,,556.457
13414,17.7357,,157,,556.47
13415,17.7371,,155,,556.371
13416,17.7383,,156,,556.257
13417,17.7396,,155,,556.144
13418,17.7408,,156,,556.03
13419,17.7419,,156,,555.73
13420,17.743,,155,,555.405
13421,17.7441,,155,,555.08
13422,17.7452,,155,,554.755
13423,17.7463,,155,,554.429
13424,17.7474,,155,,554.104
13425,17.7502,,155,,553.588
13426,17.7531,,154,,553.045
13427,17.7554,,154,,552.433
13428,17.7575,,154,,551.812
13429,17.7596,,155,,551.191
13430,17.7611,,155,,550.491
13431,17.7625,,155,,549.78
13432,17.7639,,155,,549.069
13433,17.7653,,155,,548.358
13434,17.7673,,155,,547.728
13435,17.7693,,155,,547.107
13436,17.7714,,155,,546.487
13437,17.7731,,156,,546.133
13438,17.7748,,156,,545.816
13439,17.7765,,155,,545.498
13440,17.7785,,156,,545.111
13441,17.7806,,155,,544.715
13442,17.7827,,155,,544.319
13443,17.7846,,155,,543.682
13444,17.7864,,155,,543.012
13445,17.7883,,157,,542.341
13446,17.7901,,156,,541.671
13447,17.7926,,157,,541.354
13448,17.7952,,156,,541.085
13449,17.7977,,155,,540.642
13450,17.8002,,156,,540.176
13451,17.8027,,156,,539.709
13452,17.8053,,157,,538.922
13453,17.8079,,157,,538.091
13454,17.8107,,156,,537.528
13455,17.8134,,157,,537.003
13456,17.8164,,156,,536.684
13457,17.8193,,157,,536.394
13458,17.8217,,157,,536.267
13459,17.824,,156,,536.162
13460,17.8263,,158,,536.057
13461,17.8292,,158,,535.667
13462,17.8321,,158,,535.237
13463,17.8339,,158,,534.891
13464,17.8354,,156,,534.556
13465,17.837,,157,,534.221
13466,17.8386,,157,,533.886
13467,17.8404,,156,,533.649
13468,17.8423,,157,,533.425
13469,17.8441,,156,,533.2
13470,17.8463,,156,,532.832
13471,17.8485,,155,,532.445
13472,17.8507,,155,,532.057
13473,17.8534,,155,,531.761
13474,17.8561,,154,,531.478
13475,17.859,,154,,530.67
13476,17.862,,155,,529.789
13477,17.8642,,155,,529.15
13478,17.8662,,155,,528.544
13479,17.8683,,155,,527.937
13480,17.8704,,154,,527.372
13481,17.8725,,154,,526.813
13482,17.8746,,154,,526.254
13483,17.8768,,155,,525.793
13484,17.879,,155,,525.346
13485,17.8812,,154,,524.9
13486,17.8828,,154,,524.22
13487,17.8844,,154,,523.509
13488,17.8859,,152,,522.797
13489,17.8875,,151,,522.086
13490,17.8896,,150,,521.674
13491,17.8917,,151,,521.303
13492,17.8939,,150,,520.932
13493,17.8965,,151,,520.396
13494,17.899,,151,,519.837
13495,17.9016,,151,,519.279
13496,17.9047,,152,,519.221
13497,17.9078,,152,,519.232
13498,17.9096,,154,,519.244
13499,17.9114,,154,,519.257
13500,17.9131,,155,,519.269
13501,17.9146,,155,,519.106
13502,17.9161,,155,,518.918
13503,17.9176,,155,,518.731
13504,17.9191,,156,,518.544
13505,17.9203,,156,,518.324
13506,17.9216,,155,,518.1
13507,17.9229,,157,,517.875
13508,17.9242,,156,,517.651
13509,17.9254,,157,,517.426
13510,17.9268,,157,,517.13
13511,17.9281,,156,,516.824
13512,17.9294,,157,,516.518
13513,17.9307,,156,,516.212
13514,17.9318,,157,,515.904
13515,17.9328,,157,,515.596
13516,17.9339,,156,,515.288
13517,17.9349,,157,,514.98
13518,17.936,,156,,514.672
13519,17.937,,157,,514.369
13520,17.9381,,156,,514.066
13521,17.9391,,155,,513.764
13522,17.9401,,156,,513.462
13523,17.9412,,155,,513.159
13524,17.9422,,156,,512.857
13525,17.9436,,156,,512.596
13526,17.9449,,155,,512.34
13527,17.9462,,155,,512.085
13528,17.9476,,155,,511.829
13529,17.9477,,156,,510.881
13530,17.9492,,156,,510.794
13531,17.9508,,155,,510.838
13532,17.9524,,155,,510.882
13533,17.9541,,154,,510.926
13534,17.9554,,154,,510.565
13535,17.9567,,154,,510.149
13536,17.9579,,154,,509.733
13537,17.9592,,154,,509.316
13538,17.9606,,154,,509.065
13539,17.9619,,154,,508.835
13540,17.9633,,154,,508.606
13541,17.9646,,152,,508.377
13542,17.966,,152,,508.156
13543,17.9674,,152,,507.937
13544,17.9689,,152,,507.717
13545,17.9703,,152,,507.498
13546,17.9727,,152,,507.324
13547,17.9753,,152,,507.156
13548,17.9776,,152,,506.993
13549,17.9799,,152,,506.831
13550,17.9821,,152,,506.668
13551,17.9843,,152,,506.31
13552,17.9865,,152,,505.924
13553,17.9886,,152,,505.538
13554,17.9916,,152,,505.88
13555,17.9946,,152,,506.322
13556,17.9967,,152,,506.377
13557,17.9987,,152,,506.378
13558,18.0007,,152,,506.379
13559,18.0028,,154,,506.342
13560,18.005,,154,,506.298
13561,18.0073,,154,,506.255
13562,18.0101,,154,,506.108
13563,18.0131,,154,,505.947
13564,18.0161,,154,,506.02
13565,18.0192,,154,,506.125
13566,18.0213,,154,,506.094
13567,18.0232,,154,,506.043
13568,18.0251,,154,,505.993
13569,18.0261,,154,,506.133
13570,18.027,,155,,506.299
13571,18.0278,,155,,506.465
13572,18.0286,,155,,506.631
13573,18.0295,,155,,506.797
13574,18.0303,,155,,506.963
13575,18.0312,,155,,507.129
13576,18.032,,155,,507.295
13577,18.0345,,156,,507.156
13578,18.0373,,156,,506.976
13579,18.0401,,156,,506.751
13580,18.043,,156,,506.519
13581,18.0456,,155,,506.239
13582,18.0482,,156,,505.952
13583,18.0511,,157,,505.811
13584,18.054,,157,,505.69
13585,18.057,,157,,505.502
13586,18.0599,,157,,505.305
13587,18.0623,,157,,504.818
13588,18.0647,,157,,504.292
13589,18.067,,157,,503.765
13590,18.0696,,157,,503.384
13591,18.0722,,157,,503.024
13592,18.0744,,157,,502.559
13593,18.0765,,157,,502.079
13594,18.0787,,157,,501.6
13595,18.0805,,157,,501.109
13596,18.0823,,157,,500.617
13597,18.0841,,157,,500.125
13598,18.0865,,157,,499.931
13599,18.089,,158,,499.779
13600,18.0915,,158,,499.626
13601,18.0941,,158,,499.655
13602,18.0968,,158,,499.709
13603,18.0995,,158,,499.502
13604,18.1023,,158,,499.26
13605,18.105,,158,,499.067
13606,18.1077,,158,,498.882
13607,18.1103,,158,,498.674
13608,18.1129,,158,,498.463
13609,18.1151,,158,,498.422
13610,18.1172,,158,,498.403
13611,18.1194,,158,,498.384
13612,18.1217,,157,,498.377
13613,18.1241,,157,,498.372
13614,18.1265,,157,,498.366
13615,18.1291,,157,,498.391
13616,18.1317,,157,,498.42
13617,18.1343,,157,,498.478
13618,18.137,,157,,498.539
13619,18.1396,,157,,498.601
13620,18.1413,,157,,498.445
13621,18.1429,,157,,498.259
13622,18.1446,,157,,498.073
13623,18.1462,,157,,497.887
13624,18.1479,,157,,497.443
13625,18.1495,,156,,496.965
13626,18.1512,,156,,496.486
13627,18.153,,156,,496.239
13628,18.1549,,156,,496.025
13629,18.1567,,156,,495.811
13630,18.1593,,157,,495.608
13631,18.1619,,157,,495.407
13632,18.1645,,157,,495.205
13633,18.167,,157,,494.9
13634,18.1695,,157,,494.58
13635,18.172,,156,,494.261
13636,18.1748,,155,,494.227
13637,18.1776,,157,,494.232
13638,18.1804,,157,,494.208
13639,18.1833,,157,,494.179
13640,18.1866,,157,,493.929
13641,18.1899,,156,,493.648
13642,18.1925,,158,,493.455
13643,18.195,,158,,493.274
13644,18.1978,,158,,493.107
13645,18.2006,,158,,492.942
13646,18.2033,,158,,492.597
13647,18.206,,158,,492.226
13648,18.2089,,158,,491.997
13649,18.2118,,158,,491.787
13650,18.2151,,158,,491.478
13651,18.2185,,158,,491.155
13652,18.2214,,158,,490.879
13653,18.2242,,158,,490.609
13654,18.2269,,158,,490.114
13655,18.2297,,158,,489.587
13656,18.2327,,158,,489.671
13657,18.2358,,158,,489.839
13658,18.239,,158,,489.735
13659,18.2422,,158,,489.593
13660,18.2446,,158,,489.422
13661,18.247,,158,,489.248
13662,18.2493,,158,,489.074
13663,18.252,,159,,488.806
13664,18.2547,,159,,488.525
13665,18.2573,,158,,488.29
13666,18.2599,,158,,488.062
13667,18.2625,,158,,487.963
13668,18.2651,,158,,487.881
13669,18.2672,,158,,487.766
13670,18.2692,,158,,487.647
13671,18.2712,,159,,487.528
13672,18.2734,,159,,487.406
13673,18.2757,,158,,487.284
13674,18.2779,,158,,487.163
13675,18.2801,,158,,487.116
13676,18.2824,,158,,487.08
13677,18.2846,,156,,487.043
13678,18.2866,,156,,486.839
13679,18.2885,,155,,486.611
13680,18.2904,,156,,486.384
13681,18.2916,,156,,486.268
13682,18.2927,,155,,486.167
13683,18.2938,,156,,486.066
13684,18.2949,,155,,485.966
13685,18.296,,156,,485.865
13686,18.2973,,157,,485.579
13687,18.2986,,156,,485.267
13688,18.3,,156,,484.955
13689,18.3013,,156,,484.643
13690,18.303,,157,,484.299
13691,18.3048,,157,,483.951
13692,18.3065,,156,,483.603
13693,18.3083,,157,,483.283
13694,18.3102,,156,,482.966
13695,18.312,,157,,482.649
13696,18.3134,,157,,482.427
13697,18.3147,,156,,482.218
13698,18.316,,157,,482.009
13699,18.3173,,157,,481.8
13700,18.3193,,156,,481.435
13701,18.3214,,157,,481.049
13702,18.3235,,155,,480.664
13703,18.326,,155,,480.53
13704,18.3286,,157,,480.431
13705,18.3312,,155,,480.275
13706,18.3338,,156,,480.111
13707,18.3361,,155,,479.936
13708,18.3385,,155,,479.76
13709,18.3408,,155,,479.583
13710,18.3431,,156,,479.465
13711,18.3454,,156,,479.356
13712,18.3477,,155,,479.247
13713,18.3499,,156,,479.085
13714,18.3521,,155,,478.915
13715,18.3544,,156,,478.746
13716,18.3568,,155,,478.654
13717,18.3592,,155,,478.573
13718,18.3617,,155,,478.492
13719,18.3639,,155,,477.995
13720,18.3662,,154,,477.44
13721,18.3684,,154,,476.884
13722,18.371,,155,,476.553
13723,18.3736,,155,,476.253
13724,18.3761,,155,,475.954
13725,18.3788,,155,,475.257
13726,18.3814,,155,,474.505
13727,18.3845,,155,,473.843
13728,18.3877,,155,,473.194
13729,18.3907,,154,,472.902
13730,18.3937,,155,,472.662
13731,18.3966,,155,,472.345
13732,18.3996,,155,,472.017
13733,18.4029,,155,,471.78
13734,18.4063,,155,,471.556
13735,18.4091,,155,,471.74
13736,18.4117,,155,,471.982
13737,18.4137,,155,,471.955
13738,18.4157,,155,,471.89
13739,18.4177,,157,,471.825
13740,18.4205,,155,,471.505
13741,18.4233,,155,,471.149
13742,18.4267,,155,,471.368
13743,18.4303,,154,,471.668
13744,18.4331,,154,,471.697
13745,18.4359,,155,,471.689
13746,18.4385,,156,,471.286
13747,18.4411,,155,,470.827
13748,18.4436,,155,,470.635
13749,18.4462,,156,,470.481
13750,18.4487,,155,,470.133
13751,18.4512,,157,,469.756
13752,18.4537,,157,,469.38
13753,18.4555,,158,,469.25
13754,18.4572,,158,,469.154
13755,18.4589,,158,,469.058
13756,18.4603,,158,,468.677
13757,18.4616,,158,,468.256
13758,18.4629,,158,,467.835
13759,18.4642,,158,,467.414
13760,18.4653,,160,,467.122
13761,18.4665,,158,,466.849
13762,18.4676,,158,,466.576
13763,18.4688,,158,,466.302
13764,18.47,,158,,466.029
13765,18.4715,,160,,466
13766,18.4731,,160,,466.005
13767,18.4746,,160,,466.01
13768,18.4762,,160,,466.015
13769,18.4789,,160,,465.716
13770,18.4818,,160,,465.373
13771,18.4848,,160,,465.143
13772,18.4879,,160,,464.93
13773,18.4899,,158,,464.91
13774,18.4917,,158,,464.918
13775,18.4936,,158,,464.925
13776,18.4942,,158,,464.722
13777,18.4947,,158,,464.489
13778,18.4963,,158,,464.076
13779,18.4982,,158,,463.638
13780,18.5,,157,,463.2
13781,18.5025,,156,,463.156
13782,18.505,,157,,463.168
13783,18.5083,,156,,462.896
13784,18.5117,,157,,462.583
13785,18.5147,,157,,462.44
13786,18.5177,,156,,462.321
13787,18.5195,,157,,462.399
13788,18.521,,155,,462.504
13789,18.5226,,156,,462.61
13790,18.5242,,156,,462.715
13791,18.5258,,155,,462.718
13792,18.5274,,157,,462.707
13793,18.529,,156,,462.695
13794,18.5306,,156,,462.684
13795,18.5319,,156,,462.312
13796,18.5332,,155,,461.889
13797,18.5344,,156,,461.465
13798,18.5357,,155,,461.042
13799,18.537,,156,,460.619
13800,18.5383,,156,,460.234
13801,18.5395,,155,,459.855
13802,18.5408,,156,,459.475
13803,18.542,,155,,459.095
13804,18.5439,,156,,458.744
13805,18.5458,,155,,458.396
13806,18.5477,,155,,458.049
13807,18.5495,,155,,457.723
13808,18.5512,,155,,457.401
13809,18.553,,155,,457.079
13810,18.5549,,155,,456.411
13811,18.5568,,155,,455.694
13812,18.5587,,155,,454.977
13813,18.56,,154,,454.313
13814,18.5612,,154,,453.656
13815,18.5625,,154,,452.999
13816,18.5637,,154,,452.341
13817,18.5648,,154,,451.975
13818,18.5658,,154,,451.651
13819,18.5668,,155,,451.326
13820,18.5679,,155,,451.001
13821,18.5689,,155,,450.677
13822,18.5699,,154,,450.119
13823,18.5709,,154,,449.529
13824,18.5719,,154,,448.939
13825,18.5729,,154,,448.348
13826,18.574,,152,,447.758
13827,18.575,,152,,447.167
13828,18.5763,,151,,446.508
13829,18.5776,,152,,445.839
13830,18.579,,152,,445.17
13831,18.5804,,152,,444.501
13832,18.5814,,152,,444.382
13833,18.5825,,154,,444.342
13834,18.5835,,154,,444.301
13835,18.5845,,154,,444.261
13836,18.5856,,152,,444.22
13837,18.5866,,152,,443.823
13838,18.5875,,152,,443.376
13839,18.5885,,152,,442.928
13840,18.5894,,152,,442.48
13841,18.5904,,152,,442.032
13842,18.5914,,152,,441.585
13843,18.5923,,154,,441.137
13844,18.5943,,155,,440.625
13845,18.5965,,155,,440.103
13846,18.5987,,154,,439.582
13847,18.601,,152,,439.631
13848,18.6033,,152,,439.761
13849,18.6057,,151,,439.89
13850,18.6092,,150,,439.773
13851,18.6129,,151,,439.62
13852,18.6164,,151,,439.408
13853,18.6198,,151,,439.188
13854,18.6236,,151,,438.842
13855,18.6275,,151,,438.478
13856,18.6305,,152,,438.437
13857,18.6333,,152,,438.442
13858,18.6367,,152,,438.349
13859,18.6403,,152,,438.242
13860,18.6439,,152,,438.294
13861,18.6474,,152,,438.37
13862,18.6501,,154,,438.163
13863,18.6526,,154,,437.916
13864,18.6551,,155,,437.67
13865,18.6583,,155,,437.523
13866,18.6615,,155,,437.39
13867,18.6652,,155,,437.222
13868,18.669,,155,,437.049
13869,18.6723,,157,,436.829
13870,18.6755,,157,,436.602
13871,18.6782,,156,,436.46
13872,18.6808,,156,,436.33
13873,18.6833,,155,,435.851
13874,18.6859,,155,,435.322
13875,18.6887,,156,,435.013
13876,18.6914,,156,,434.734
13877,18.694,,157,,434.644
13878,18.6966,,158,,434.58
13879,18.6994,,158,,434.257
13880,18.7022,,158,,433.898
13881,18.705,,156,,433.851
13882,18.7078,,158,,433.849
13883,18.7108,,157,,433.788
13884,18.7139,,158,,433.718
13885,18.7172,,158,,433.787
13886,18.7204,,158,,433.875
13887,18.724,,158,,433.799
13888,18.7277,,158,,433.698
13889,18.7314,,158,,433.486
13890,18.7351,,160,,433.258
13891,18.7391,,160,,432.999
13892,18.7431,,161,,432.736
13893,18.7463,,160,,432.683
13894,18.7493,,162,,432.661
13895,18.7511,,162,,432.525
13896,18.7528,,160,,432.374
13897,18.7545,,158,,432.222
13898,18.7561,,158,,432.07
13899,18.7582,,158,,431.129
13900,18.7603,,158,,430.075
13901,18.7624,,160,,429.022
13902,18.764,,160,,428.532
13903,18.7655,,160,,428.124
13904,18.767,,160,,427.715
13905,18.7685,,160,,427.306
13906,18.7706,,160,,426.411
13907,18.7727,,158,,425.446
13908,18.7749,,158,,424.482
13909,18.7769,,158,,423.861
13910,18.7788,,158,,423.288
13911,18.7808,,160,,422.716
13912,18.7835,,160,,422.369
13913,18.7862,,160,,422.055
13914,18.7889,,160,,421.495
13915,18.7917,,160,,420.901
13916,18.7942,,160,,420.606
13917,18.7967,,160,,420.354
13918,18.7993,,160,,420.006
13919,18.8019,,161,,419.644
13920,18.8045,,162,,419.358
13921,18.8071,,162,,419.084
13922,18.8095,,162,,418.905
13923,18.8119,,160,,418.74
13924,18.8143,,160,,418.575
13925,18.8168,,158,,418.645
13926,18.8193,,160,,418.748
13927,18.8213,,160,,418.589
13928,18.8233,,161,,418.393
13929,18.8253,,160,,418.196
13930,18.8273,,162,,418.008
13931,18.8294,,161,,417.821
13932,18.8314,,160,,417.634
13933,18.8332,,160,,417.519
13934,18.8349,,158,,417.414
13935,18.8367,,158,,417.309
13936,18.8382,,158,,417.197
13937,18.8397,,160,,417.085
13938,18.8413,,160,,416.973
13939,18.8428,,160,,416.86
13940,18.8451,,160,,416.64
13941,18.8476,,160,,416.404
13942,18.8501,,158,,416.168
13943,18.8527,,158,,415.893
13944,18.8552,,158,,415.614
13945,18.8571,,160,,415.049
13946,18.859,,160,,414.443
13947,18.8609,,160,,413.837
13948,18.8622,,160,,413.444
13949,18.8636,,160,,413.081
13950,18.8649,,160,,412.718
13951,18.8662,,160,,412.355
13952,18.8679,,160,,412.106
13953,18.8697,,160,,411.872
13954,18.8714,,162,,411.639
13955,18.8741,,162,,411.33
13956,18.8769,,162,,411.01
13957,18.8805,,162,,410.563
13958,18.8842,,160,,410.098
13959,18.8877,,160,,409.685
13960,18.8913,,160,,409.279
13961,18.8958,,161,,408.702
13962,18.9004,,160,,408.101
13963,18.9042,,160,,408.015
13964,18.9078,,161,,408.003
13965,18.9103,,158,,407.68
13966,18.9126,,160,,407.313
13967,18.915,,160,,406.945
13968,18.918,,160,,406.896
13969,18.9211,,160,,406.891
13970,18.9238,,161,,406.903
13971,18.9265,,160,,406.917
13972,18.929,,160,,406.73
13973,18.9316,,160,,406.515
13974,18.934,,160,,405.875
13975,18.9365,,160,,405.174
13976,18.9389,,160,,404.473
13977,18.9413,,160,,403.678
13978,18.9436,,161,,402.87
13979,18.946,,160,,402.061
13980,18.9475,,160,,401.445
13981,18.9489,,160,,400.857
13982,18.9503,,160,,400.268
13983,18.9517,,160,,399.679
13984,18.9538,,160,,399.262
13985,18.9559,,158,,398.87
13986,18.958,,158,,398.477
13987,18.9602,,157,,398.192
13988,18.9624,,157,,397.923
13989,18.9646,,157,,397.654
13990,18.9666,,157,,397.446
13991,18.9686,,157,,397.248
13992,18.9705,,156,,397.049
13993,18.973,,158,,396.656
13994,18.9756,,158,,396.235
13995,18.9783,,158,,395.819
13996,18.981,,158,,395.404
13997,18.9836,,158,,394.855
13998,18.9861,,159,,394.287
13999,18.9886,,159,,393.719
14000,18.9911,,160,,392.789
14001,18.9937,,160,,391.808
14002,18.9962,,160,,391.188
14003,18.9987,,160,,390.619
14004,19.0014,,160,,390.298
14005,19.0041,,160,,390.013
14006,19.0064,,160,,390.138
14007,19.0088,,160,,390.322
14008,19.0111,,160,,390.506
14009,19.0137,,160,,390.237
14010,19.0164,,160,,389.904
14011,19.0191,,162,,389.57
14012,19.0224,,162,,389.026
14013,19.0258,,162,,388.453
14014,19.0288,,162,,388.067
14015,19.0317,,162,,387.707
14016,19.0347,,162,,387.411
14017,19.0377,,162,,387.125
14018,19.0405,,162,,386.693
14019,19.0434,,162,,386.24
14020,19.0464,,162,,385.714
14021,19.0495,,163,,385.178
14022,19.0528,,163,,384.72
14023,19.0561,,163,,384.272
14024,19.059,,163,,383.476
14025,19.0619,,163,,382.63
14026,19.064,,163,,382.174
14027,19.0659,,162,,381.773
14028,19.0679,,163,,381.372
14029,19.0707,,163,,380.811
14030,19.0737,,163,,380.227
14031,19.0774,,164,,379.645
14032,19.0811,,164,,379.064
14033,19.0849,,164,,378.625
14034,19.0887,,164,,378.208
14035,19.0916,,164,,377.124
14036,19.0945,,164,,375.946
14037,19.0967,,164,,375.601
14038,19.0989,,164,,375.375
14039,19.101,,165,,375.149
14040,19.1023,,165,,374.739
14041,19.1035,,164,,374.301
14042,19.1047,,164,,373.864
14043,19.1058,,164,,373.427
14044,19.107,,164,,372.989
14045,19.1085,,164,,372.606
14046,19.11,,164,,372.23
14047,19.1114,,164,,371.854
14048,19.1129,,164,,371.478
14049,19.1138,,164,,371.145
14050,19.1146,,164,,370.817
14051,19.1154,,165,,370.49
14052,19.1161,,165,,370.162
14053,19.1169,,165,,369.835
14054,19.1177,,165,,369.507
14055,19.1185,,164,,369.18
14056,19.1192,,164,,368.852
14057,19.1211,,164,,368.445
14058,19.1232,,164,,368.027
14059,19.1252,,164,,367.608
14060,19.1278,,163,,367.242
14061,19.1305,,163,,366.883
14062,19.1332,,163,,366.524
14063,19.1369,,163,,366.158
14064,19.1408,,163,,365.791
14065,19.1444,,163,,365.75
14066,19.1479,,164,,365.757
14067,19.1507,,164,,365.723
14068,19.1534,,164,,365.683
14069,19.157,,164,,365.402
14070,19.1607,,163,,365.088
14071,19.1643,,163,,364.75
14072,19.168,,163,,364.41
14073,19.1717,,163,,364.364
14074,19.1755,,164,,364.36
14075,19.1789,,165,,364.02
14076,19.1822,,166,,363.632
14077,19.1861,,166,,363.676
14078,19.1901,,166,,363.781
14079,19.1941,,168,,363.808
14080,19.198,,166,,363.824
14081,19.2016,,166,,363.855
14082,19.2051,,165,,363.888
14083,19.2088,,165,,363.717
14084,19.2126,,166,,363.518
14085,19.2162,,166,,363.356
14086,19.2198,,167,,363.199
14087,19.2232,,168,,363.202
14088,19.2265,,168,,363.227
14089,19.2299,,168,,363.234
14090,19.2333,,167,,363.239
14091,19.2356,,169,,363.21
14092,19.2378,,169,,363.175
14093,19.2401,,169,,363.141
14094,19.2423,,169,,363.18
14095,19.2445,,169,,363.23
14096,19.2467,,169,,363.279
14097,19.2492,,169,,363.065
14098,19.2517,,169,,362.812
14099,19.2546,,169,,362.904
14100,19.2577,,169,,363.044
14101,19.2608,,169,,362.875
14102,19.264,,169,,362.661
14103,19.2669,,169,,362.624
14104,19.2698,,169,,362.613
14105,19.2725,,169,,362.436
14106,19.2752,,169,,362.236
14107,19.2779,,169,,362.332
14108,19.2805,,169,,362.471
14109,19.283,,169,,362.414
14110,19.2855,,169,,362.329
14111,19.2891,,169,,362.23
14112,19.2928,,167,,362.129
14113,19.2967,,168,,361.591
14114,19.3008,,168,,360.989
14115,19.3048,,168,,360.734
14116,19.3089,,168,,360.528
14117,19.3126,,167,,360.541
14118,19.3162,,168,,360.586
14119,19.3195,,168,,360.467
14120,19.3228,,168,,360.325
14121,19.3265,,169,,359.746
14122,19.3304,,169,,359.104
14123,19.3345,,169,,359.185
14124,19.3387,,169,,359.37
14125,19.3418,,168,,359.307
14126,19.3449,,167,,359.208
14127,19.3476,,168,,359.028
14128,19.3503,,169,,358.837
14129,19.353,,169,,358.715
14130,19.3558,,169,,358.603
14131,19.3573,,169,,358.654
14132,19.3587,,169,,358.728
14133,19.36,,168,,358.802
14134,19.3614,,168,,358.876
14135,19.3628,,169,,358.673
14136,19.3643,,169,,358.43
14137,19.3657,,169,,358.187
14138,19.3672,,169,,357.943
14139,19.3691,,169,,357.684
14140,19.3712,,168,,357.421
14141,19.3732,,168,,357.159
14142,19.3753,,167,,356.935
14143,19.3775,,168,,356.715
14144,19.3797,,169,,356.496
14145,19.3825,,169,,356.425
14146,19.3855,,168,,356.376
14147,19.3891,,167,,356.452
14148,19.3927,,168,,356.545
14149,19.3962,,169,,356.398
14150,19.3997,,169,,356.214
14151,19.403,,169,,355.439
14152,19.4062,,169,,354.577
14153,19.4081,,169,,354.089
14154,19.4098,,169,,353.656
14155,19.4115,,169,,353.223
14156,19.4132,,169,,352.79
14157,19.4148,,169,,352.242
14158,19.4165,,167,,351.677
14159,19.4181,,168,,351.112
14160,19.4197,,168,,350.547
14161,19.4214,,168,,350.033
14162,19.4231,,167,,349.527
14163,19.4248,,168,,349.022
14164,19.4265,,168,,348.516
14165,19.4284,,168,,348.226
14166,19.4304,,168,,347.967
14167,19.4323,,167,,347.709
14168,19.4334,,168,,347.42
14169,19.4343,,166,,347.126
14170,19.4352,,166,,346.833
14171,19.4361,,165,,346.539
14172,19.437,,166,,346.245
14173,19.438,,166,,345.952
14174,19.4409,,166,,345.87
14175,19.4442,,166,,345.82
14176,19.447,,166,,345.683
14177,19.4498,,165,,345.533
14178,19.4514,,165,,345.491
14179,19.4529,,165,,345.466
14180,19.4544,,165,,345.441
14181,19.4559,,165,,345.416
14182,19.4583,,165,,345.483
14183,19.4608,,165,,345.564
14184,19.4642,,165,,345.754
14185,19.4677,,165,,345.96
14186,19.4719,,164,,345.969
14187,19.4763,,165,,345.949
14188,19.4815,,166,,345.635
14189,19.487,,167,,345.583
14190,19.491,,168,,345.132
14191,19.4947,,166,,344.615
14192,19.4977,,165,,344.466
14193,19.5005,,164,,344.371
14194,19.5034,,163,,344.34
14195,19.5064,,165,,344.318
14196,19.51,,166,,344.399
14197,19.5136,,166,,344.496
14198,19.5174,,166,,344.355
14199,19.5212,,165,,344.178
14200,19.5248,,165,,344.107
14201,19.5283,,165,,344.052
14202,19.5314,,165,,344.013
14203,19.5345,,166,,343.977
14204,19.5382,,168,,343.743
14205,19.5419,,168,,343.48
14206,19.5454,,167,,343.591
14207,19.549,,166,,343.757
14208,19.5512,,166,,343.527
14209,19.5533,,166,,343.238
14210,19.5554,,168,,342.95
14211,19.5578,,167,,342.868
14212,19.5603,,168,,342.818
14213,19.5628,,168,,342.767
14214,19.5658,,168,,342.879
14215,19.5687,,166,,343.015
14216,19.5721,,166,,343.108
14217,19.5754,,166,,343.196
14218,19.5795,,166,,343.307
14219,19.5837,,166,,343.421
14220,19.5867,,169,,343.368
14221,19.5896,,169,,343.291
14222,19.5929,,169,,343.223
14223,19.5962,,169,,343.156
14224,19.5993,,169,,342.94
14225,19.6023,,169,,342.702
14226,19.6054,,169,,342.617
14227,19.6085,,169,,342.555
14228,19.6116,,169,,342.381
14229,19.6148,,170,,342.19
14230,19.6178,,170,,342.424
14231,19.6208,,172,,342.72
14232,19.622,,171,,342.772
14233,19.623,,171,,342.788
14234,19.6253,,173,,342.845
14235,19.6278,,173,,342.908
14236,19.6304,,173,,342.971
14237,19.6333,,173,,342.684
14238,19.6362,,171,,342.345
14239,19.6396,,172,,342.219
14240,19.643,,173,,342.123
14241,19.6467,,173,,342.238
14242,19.6503,,174,,342.383
14243,19.6533,,174,,342.367
14244,19.6562,,174,,342.327
14245,19.6592,,174,,342.252
14246,19.6621,,174,,342.172
14247,19.6653,,174,,341.933
14248,19.6684,,173,,341.67
14249,19.6706,,174,,341.564
14250,19.6726,,174,,341.48
14251,19.6746,,174,,341.396
14252,19.6761,,173,,341.005
14253,19.6775,,173,,340.569
14254,19.6789,,173,,340.132
14255,19.6804,,173,,339.696
14256,19.6823,,172,,339.358
14257,19.6843,,171,,339.036
14258,19.6863,,171,,338.713
14259,19.6883,,171,,338.61
14260,19.6903,,171,,338.539
14261,19.6924,,171,,338.468
14262,19.6949,,171,,337.926
14263,19.6975,,170,,337.315
14264,19.7005,,170,,336.977
14265,19.7036,,170,,336.681
14266,19.7058,,170,,336.463
14267,19.7079,,170,,336.256
14268,19.7101,,170,,336.05
14269,19.7121,,170,,335.461
14270,19.7141,,170,,334.816
14271,19.7161,,170,,334.171
14272,19.7181,,169,,333.667
14273,19.72,,169,,333.185
14274,19.722,,169,,332.703
14275,19.7253,,170,,332.516
14276,19.7288,,170,,332.372
14277,19.7333,,170,,332.224
14278,19.7378,,170,,332.074
14279,19.7431,,170,,332.139
14280,19.7478,,170,,331.941
14281,19.7523,,170,,331.701
14282,19.7573,,169,,331.693
14283,19.7623,,169,,331.72
14284,19.7667,,169,,331.408
14285,19.7711,,170,,331.046
14286,19.7756,,170,,331.009
14287,19.7801,,171,,331.019
14288,19.7845,,169,,330.875
14289,19.7889,,169,,330.708
14290,19.7928,,169,,330.458
14291,19.7967,,169,,330.196
14292,19.7999,,170,,329.888
14293,19.803,,169,,329.573
14294,19.8053,,169,,329.183
14295,19.8074,,169,,328.782
14296,19.8096,,170,,328.381
14297,19.8107,,170,,327.66
14298,19.8117,,170,,326.891
14299,19.8127,,169,,326.122
14300,19.8137,,169,,325.354
