secs,km,power,hr,cad,alt
0,0,,54,,91.2
1,0.000693333,,55,,90.5333
2,0.00138667,,56,,89.8667
3,0.00208,,57,,89.2
4,0.0043,,59,,89
5,0.00652,,61,,88.8
6,0.0096,,65,,88.6
7,0.01281,,67,,88.3
8,0.01602,,69,,88
9,0.01968,,73,,87.8
10,0.022885,,75.5,,87.8
11,0.02609,,78,,87.8
12,0.030715,,80,,87.4
13,0.03534,,82,,87
14,0.038755,,84,,85.6
15,0.04217,,86,,84.2
16,0.04604,,89,,83.4
17,0.0506,,92,,82.4
18,0.05423,,93.5,,82.1
19,0.05786,,95,,81.8
20,0.06135,,97,,81.5
21,0.06484,,99,,81.2
22,0.069295,,100.5,,80.9
23,0.07375,,102,,80.6
24,0.07781,,104,,80.5
25,0.08187,,106,,80.4
26,0.0850767,,107.333,,80.4
27,0.0882833,,108.667,,80.4
28,0.09149,,110,,80.4
29,0.0946,,111,,80.2
30,0.09771,,112,,80
31,0.10082,,113,,79.8
32,0.10482,,114,,79.3333
33,0.10882,,115,,78.8667
34,0.11282,,116,,78.4
35,0.116348,,116.333,,78.1
36,0.119877,,116.667,,77.8
37,0.123405,,117,,77.5
38,0.126933,,117.333,,77.2
39,0.130462,,117.667,,76.9
40,0.13399,,118,,76.6
41,0.137272,,118.25,,76.3
42,0.140555,,118.5,,76
43,0.143838,,118.75,,75.7
44,0.14712,,119,,75.4
45,0.150093,,119,,74.6
46,0.153065,,119,,73.8
47,0.156037,,119,,73
48,0.15901,,119,,72.2
49,0.162179,,119.286,,71.3714
50,0.165347,,119.571,,70.5429
51,0.168516,,119.857,,69.7143
52,0.171684,,120.143,,68.8857
53,0.174853,,120.429,,68.0571
54,0.178021,,120.714,,67.2286
55,0.18119,,121,,66.4
56,0.184331,,121,,66.0286
57,0.187473,,121,,65.6571
58,0.190614,,121,,65.2857
59,0.193756,,121,,64.9143
60,0.196897,,121,,64.5429
61,0.200039,,121,,64.1714
62,0.20318,,121,,63.8
63,0.20639,,121.5,,63.8
64,0.2096,,122,,63.8
65,0.21281,,122.5,,63.8
66,0.21602,,123,,63.8
67,0.21923,,123.5,,63.8
68,0.22244,,124,,63.8
69,0.225251,,124.429,,63.2857
70,0.228063,,124.857,,62.7714
71,0.230874,,125.286,,62.2571
72,0.233686,,125.714,,61.7429
73,0.236497,,126.143,,61.2286
74,0.239309,,126.571,,60.7143
75,0.24212,,127,,60.2
76,0.245466,,127.143,,59.9143
77,0.248811,,127.286,,59.6286
78,0.252157,,127.429,,59.3429
79,0.255503,,127.571,,59.0571
80,0.258849,,127.714,,58.7714
81,0.262194,,127.857,,58.4857
82,0.26554,,128,,58.2
83,0.269346,,128.2,,58.36
84,0.273152,,128.4,,58.52
85,0.276958,,128.6,,58.68
86,0.280764,,128.8,,58.84
87,0.28457,,129,,59
88,0.288137,,129.333,,59.3667
89,0.291703,,129.667,,59.7333
90,0.29527,,130,,60.1
91,0.298837,,130.333,,60.4667
92,0.302403,,130.667,,60.8333
93,0.30597,,131,,61.2
94,0.309648,,131,,61.5333
95,0.313327,,131,,61.8667
96,0.317005,,131,,62.2
97,0.320683,,131,,62.5333
98,0.324362,,131,,62.8667
99,0.32804,,131,,63.2
100,0.331346,,131.143,,63.4571
101,0.334651,,131.286,,63.7143
102,0.337957,,131.429,,63.9714
103,0.341263,,131.571,,64.2286
104,0.344569,,131.714,,64.4857
105,0.347874,,131.857,,64.7429
106,0.35118,,132,,65
107,0.354409,,132.143,,65.2571
108,0.357637,,132.286,,65.5143
109,0.360866,,132.429,,65.7714
110,0.364094,,132.571,,66.0286
111,0.367323,,132.714,,66.2857
112,0.370551,,132.857,,66.5429
113,0.37378,,133,,66.8
114,0.376974,,133.286,,66.9429
115,0.380169,,133.571,,67.0857
116,0.383363,,133.857,,67.2286
117,0.386557,,134.143,,67.3714
118,0.389751,,134.429,,67.5143
119,0.392946,,134.714,,67.6571
120,0.39614,,135,,67.8
121,0.399431,,135.143,,68.0286
122,0.402723,,135.286,,68.2571
123,0.406014,,135.429,,68.4857
124,0.409306,,135.571,,68.7143
125,0.412597,,135.714,,68.9429
126,0.415889,,135.857,,69.1714
127,0.41918,,136,,69.4
128,0.422635,,135.833,,69.6667
129,0.42609,,135.667,,69.9333
130,0.429545,,135.5,,70.2
131,0.433,,135.333,,70.4667
132,0.436455,,135.167,,70.7333
133,0.43991,,135,,71
134,0.44312,,135.143,,70.9714
135,0.44633,,135.286,,70.9429
136,0.44954,,135.429,,70.9143
137,0.45275,,135.571,,70.8857
138,0.45596,,135.714,,70.8571
139,0.45917,,135.857,,70.8286
140,0.46238,,136,,70.8
141,0.465553,,137,,70.8
142,0.468727,,138,,70.8
143,0.4719,,139,,70.8
144,0.475252,,139.167,,71.0667
145,0.478603,,139.333,,71.3333
146,0.481955,,139.5,,71.6
147,0.485307,,139.667,,71.8667
148,0.488658,,139.833,,72.1333
149,0.49201,,140,,72.4
150,0.495304,,140.143,,72.3714
151,0.498599,,140.286,,72.3429
152,0.501893,,140.429,,72.3143
153,0.505187,,140.571,,72.2857
154,0.508481,,140.714,,72.2571
155,0.511776,,140.857,,72.2286
156,0.51507,,141,,72.2
157,0.518417,,140.833,,72.4667
158,0.521763,,140.667,,72.7333
159,0.52511,,140.5,,73
160,0.528457,,140.333,,73.2667
161,0.531803,,140.167,,73.5333
162,0.53515,,140,,73.8
163,0.538565,,140.167,,74.0667
164,0.54198,,140.333,,74.3333
165,0.545395,,140.5,,74.6
166,0.54881,,140.667,,74.8667
167,0.552225,,140.833,,75.1333
168,0.55564,,141,,75.4
169,0.559043,,141,,75.5333
170,0.562447,,141,,75.6667
171,0.56585,,141,,75.8
172,0.569253,,141,,75.9333
173,0.572657,,141,,76.0667
174,0.57606,,141,,76.2
175,0.579422,,141,,76.2333
176,0.582783,,141,,76.2667
177,0.586145,,141,,76.3
178,0.589507,,141,,76.3333
179,0.592868,,141,,76.3667
180,0.59623,,141,,76.4
181,0.599653,,141,,76.6
182,0.603077,,141,,76.8
183,0.6065,,141,,77
184,0.609923,,141,,77.2
185,0.613347,,141,,77.4
186,0.61677,,141,,77.6
187,0.620006,,141,,77.7429
188,0.623241,,141,,77.8857
189,0.626477,,141,,78.0286
190,0.629713,,141,,78.1714
191,0.632949,,141,,78.3143
192,0.636184,,141,,78.4571
193,0.63942,,141,,78.6
194,0.642683,,141,,78.7429
195,0.645946,,141,,78.8857
196,0.649209,,141,,79.0286
197,0.652471,,141,,79.1714
198,0.655734,,141,,79.3143
199,0.658997,,141,,79.4571
200,0.66226,,141,,79.6
201,0.665569,,141,,79.4571
202,0.668877,,141,,79.3143
203,0.672186,,141,,79.1714
204,0.675494,,141,,79.0286
205,0.678803,,141,,78.8857
206,0.682111,,141,,78.7429
207,0.68542,,141,,78.6
208,0.68878,,141,,78.3333
209,0.69214,,141,,78.0667
210,0.6955,,141,,77.8
211,0.69886,,141,,77.5333
212,0.70222,,141,,77.2667
213,0.70558,,141,,77
214,0.709055,,141,,77.0667
215,0.71253,,141,,77.1333
216,0.716005,,141,,77.2
217,0.71948,,141,,77.2667
218,0.722955,,141,,77.3333
219,0.72643,,141,,77.4
220,0.729823,,141,,77.4667
221,0.733217,,141,,77.5333
222,0.73661,,141,,77.6
223,0.740003,,141,,77.6667
224,0.743397,,141,,77.7333
225,0.74679,,141,,77.8
226,0.750049,,141,,78.1143
227,0.753307,,141,,78.4286
228,0.756566,,141,,78.7429
229,0.759824,,141,,79.0571
230,0.763083,,141,,79.3714
231,0.766341,,141,,79.6857
232,0.7696,,141,,80
233,0.772935,,140.833,,80
234,0.77627,,140.667,,80
235,0.779605,,140.5,,80
236,0.78294,,140.333,,80
237,0.786275,,140.167,,80
238,0.78961,,140,,80
239,0.793025,,140,,79.6667
240,0.79644,,140,,79.3333
241,0.799855,,140,,79
242,0.80327,,140,,78.6667
243,0.806685,,140,,78.3333
244,0.8101,,140,,78
245,0.813525,,140,,78.0667
246,0.81695,,140,,78.1333
247,0.820375,,140,,78.2
248,0.8238,,140,,78.2667
249,0.827225,,140,,78.3333
250,0.83065,,140,,78.4
251,0.833822,,140,,78.2
252,0.836994,,140,,78
253,0.840166,,140,,77.8
254,0.843338,,140,,77.6
255,0.84651,,140,,77.4
256,0.84944,,140.143,,76.4
257,0.85237,,140.286,,75.4
258,0.8553,,140.429,,74.4
259,0.85823,,140.571,,73.4
260,0.86116,,140.714,,72.4
261,0.86409,,140.857,,71.4
262,0.86702,,141,,70.4
263,0.869946,,141.6,,69.96
264,0.872872,,142.2,,69.52
265,0.875798,,142.8,,69.08
266,0.878724,,143.4,,68.64
267,0.88165,,144,,68.2
268,0.884716,,144,,67.6
269,0.887781,,144,,67
270,0.890847,,144,,66.4
271,0.893913,,144,,65.8
272,0.896979,,144,,65.2
273,0.900044,,144,,64.6
274,0.90311,,144,,64
275,0.90619,,144,,63.6571
276,0.90927,,144,,63.3143
277,0.91235,,144,,62.9714
278,0.91543,,144,,62.6286
279,0.91851,,144,,62.2857
280,0.92159,,144,,61.9429
281,0.92467,,144,,61.6
282,0.927836,,144,,61.4286
283,0.931001,,144,,61.2571
284,0.934167,,144,,61.0857
285,0.937333,,144,,60.9143
286,0.940499,,144,,60.7429
287,0.943664,,144,,60.5714
288,0.94683,,144,,60.4
289,0.95006,,144.143,,60.2
290,0.95329,,144.286,,60
291,0.95652,,144.429,,59.8
292,0.95975,,144.571,,59.6
293,0.96298,,144.714,,59.4
294,0.96621,,144.857,,59.2
295,0.96944,,145,,59
296,0.972513,,144.857,,58.8286
297,0.975586,,144.714,,58.6571
298,0.978659,,144.571,,58.4857
299,0.981731,,144.429,,58.3143
300,0.984804,,144.286,,58.1429
301,0.987877,,144.143,,57.9714
302,0.99095,,144,,57.8
303,0.993973,,144,,57.6
304,0.996997,,144,,57.4
305,1.00002,,144,,57.2
306,1.00356,,144.167,,57.2333
307,1.00711,,144.333,,57.2667
308,1.01065,,144.5,,57.3
309,1.01419,,144.667,,57.3333
310,1.01774,,144.833,,57.3667
311,1.02128,,145,,57.4
312,1.02462,,145,,57.4333
313,1.02796,,145,,57.4667
314,1.0313,,145,,57.5
315,1.03464,,145,,57.5333
316,1.03798,,145,,57.5667
317,1.04132,,145,,57.6
318,1.04471,,145,,57.8
319,1.04809,,145,,58
320,1.05148,,145,,58.2
321,1.05486,,145,,58.4
322,1.05825,,145,,58.6
323,1.06163,,145,,58.8
324,1.06502,,145,,59
325,1.06827,,145.143,,59.1714
326,1.07153,,145.286,,59.3429
327,1.07478,,145.429,,59.5143
328,1.07804,,145.571,,59.6857
329,1.08129,,145.714,,59.8571
330,1.08455,,145.857,,60.0286
331,1.0878,,146,,60.2
332,1.09111,,146,,60.5429
333,1.09442,,146,,60.8857
334,1.09773,,146,,61.2286
335,1.10105,,146,,61.5714
336,1.10436,,146,,61.9143
337,1.10767,,146,,62.2571
338,1.11098,,146,,62.6
339,1.11434,,146.167,,62.8
340,1.11771,,146.333,,63
341,1.12107,,146.5,,63.2
342,1.12443,,146.667,,63.4
343,1.1278,,146.833,,63.6
344,1.13116,,147,,63.8
345,1.13471,,147.167,,63.7
346,1.13825,,147.333,,63.6
347,1.1418,,147.5,,63.5
348,1.14535,,147.667,,63.4
349,1.14889,,147.833,,63.3
350,1.15244,,148,,63.2
351,1.15584,,148,,63.4
352,1.15923,,148,,63.6
353,1.16263,,148,,63.8
354,1.16603,,148,,64
355,1.16942,,148,,64.2
356,1.17282,,148,,64.4
357,1.17636,,148.167,,64.5333
358,1.17991,,148.333,,64.6667
359,1.18345,,148.5,,64.8
360,1.18699,,148.667,,64.9333
361,1.19054,,148.833,,65.0667
362,1.19408,,149,,65.2
363,1.19754,,149.167,,65.3333
364,1.201,,149.333,,65.4667
365,1.20446,,149.5,,65.6
366,1.20793,,149.667,,65.7333
367,1.21139,,149.833,,65.8667
368,1.21485,,150,,66
369,1.21817,,150,,66.3429
370,1.22149,,150,,66.6857
371,1.22481,,150,,67.0286
372,1.22814,,150,,67.3714
373,1.23146,,150,,67.7143
374,1.23478,,150,,68.0571
375,1.2381,,150,,68.4
376,1.24134,,150.143,,68.7429
377,1.24458,,150.286,,69.0857
378,1.24782,,150.429,,69.4286
379,1.25106,,150.571,,69.7714
380,1.2543,,150.714,,70.1143
381,1.25754,,150.857,,70.4571
382,1.26078,,151,,70.8
383,1.26412,,150.833,,71.1333
384,1.26746,,150.667,,71.4667
385,1.2708,,150.5,,71.8
386,1.27413,,150.333,,72.1333
387,1.27747,,150.167,,72.4667
388,1.28081,,150,,72.8
389,1.28432,,150,,73.0333
390,1.28783,,150,,73.2667
391,1.29134,,150,,73.5
392,1.29484,,150,,73.7333
393,1.29835,,150,,73.9667
394,1.30186,,150,,74.2
395,1.3052,,150,,74.2333
396,1.30853,,150,,74.2667
397,1.31187,,150,,74.3
398,1.31521,,150,,74.3333
399,1.31854,,150,,74.3667
400,1.32188,,150,,74.4
401,1.32516,,149.857,,74.5714
402,1.32844,,149.714,,74.7429
403,1.33172,,149.571,,74.9143
404,1.33501,,149.429,,75.0857
405,1.33829,,149.286,,75.2571
406,1.34157,,149.143,,75.4286
407,1.34485,,149,,75.6
408,1.34817,,149,,75.5429
409,1.35148,,149,,75.4857
410,1.3548,,149,,75.4286
411,1.35811,,149,,75.3714
412,1.36143,,149,,75.3143
413,1.36474,,149,,75.2571
414,1.36806,,149,,75.2
415,1.37152,,148.833,,74.9667
416,1.37498,,148.667,,74.7333
417,1.37845,,148.5,,74.5
418,1.38191,,148.333,,74.2667
419,1.38537,,148.167,,74.0333
420,1.38883,,148,,73.8
421,1.39259,,148.167,,73.7
422,1.39634,,148.333,,73.6
423,1.4001,,148.5,,73.5
424,1.40386,,148.667,,73.4
425,1.40761,,148.833,,73.3
426,1.41137,,149,,73.2
427,1.41467,,149.143,,73.0857
428,1.41797,,149.286,,72.9714
429,1.42127,,149.429,,72.8571
430,1.42458,,149.571,,72.7429
431,1.42788,,149.714,,72.6286
432,1.43118,,149.857,,72.5143
433,1.43448,,150,,72.4
434,1.43787,,150,,72.1667
435,1.44126,,150,,71.9333
436,1.44465,,150,,71.7
437,1.44804,,150,,71.4667
438,1.45143,,150,,71.2333
439,1.45482,,150,,71
440,1.45813,,150,,70.8286
441,1.46144,,150,,70.6571
442,1.46475,,150,,70.4857
443,1.46805,,150,,70.3143
444,1.47136,,150,,70.1429
445,1.47467,,150,,69.9714
446,1.47798,,150,,69.8
447,1.48149,,150,,69.4667
448,1.485,,150,,69.1333
449,1.48852,,150,,68.8
450,1.49203,,150,,68.4667
451,1.49554,,150,,68.1333
452,1.49905,,150,,67.8
453,1.50223,,150.25,,67.65
454,1.50541,,150.5,,67.5
455,1.5086,,150.75,,67.35
456,1.51178,,151,,67.2
457,1.51493,,151,,67.16
458,1.51808,,151,,67.12
459,1.52124,,151,,67.08
460,1.52439,,151,,67.04
461,1.52754,,151,,67
462,1.53061,,150.5,,67
463,1.53368,,150,,67
464,1.53702,,150.25,,67.2
465,1.54036,,150.5,,67.4
466,1.5437,,150.75,,67.6
467,1.54704,,151,,67.8
468,1.55032,,151.5,,68.2
469,1.5536,,152,,68.6
470,1.55694,,152.143,,68.6857
471,1.56029,,152.286,,68.7714
472,1.56363,,152.429,,68.8571
473,1.56698,,152.571,,68.9429
474,1.57032,,152.714,,69.0286
475,1.57367,,152.857,,69.1143
476,1.57701,,153,,69.2
477,1.58015,,152.714,,68.9143
478,1.58329,,152.429,,68.6286
479,1.58643,,152.143,,68.3429
480,1.58957,,151.857,,68.0571
481,1.59271,,151.571,,67.7714
482,1.59585,,151.286,,67.4857
483,1.59899,,151,,67.2
484,1.6021,,151,,67.3714
485,1.60521,,151,,67.5429
486,1.60832,,151,,67.7143
487,1.61144,,151,,67.8857
488,1.61455,,151,,68.0571
489,1.61766,,151,,68.2286
490,1.62077,,151,,68.4
491,1.62402,,151.143,,68.6857
492,1.62727,,151.286,,68.9714
493,1.63052,,151.429,,69.2571
494,1.63378,,151.571,,69.5429
495,1.63703,,151.714,,69.8286
496,1.64028,,151.857,,70.1143
497,1.64353,,152,,70.4
498,1.64698,,152,,70.4
499,1.65042,,152,,70.4
500,1.65387,,152,,70.4
501,1.65732,,152,,70.4
502,1.66076,,152,,70.4
503,1.66421,,152,,70.4
504,1.66785,,152,,70.2667
505,1.67148,,152,,70.1333
506,1.67511,,152,,70
507,1.67875,,152,,69.8667
508,1.68239,,152,,69.7333
509,1.68602,,152,,69.6
510,1.68942,,152.167,,69.5667
511,1.69283,,152.333,,69.5333
512,1.69624,,152.5,,69.5
513,1.69964,,152.667,,69.4667
514,1.70304,,152.833,,69.4333
515,1.70645,,153,,69.4
516,1.7097,,153,,68.9714
517,1.71294,,153,,68.5429
518,1.71619,,153,,68.1143
519,1.71944,,153,,67.6857
520,1.72269,,153,,67.2571
521,1.72593,,153,,66.8286
522,1.72918,,153,,66.4
523,1.7322,,152.714,,66.1429
524,1.73523,,152.429,,65.8857
525,1.73825,,152.143,,65.6286
526,1.74128,,151.857,,65.3714
527,1.7443,,151.571,,65.1143
528,1.74733,,151.286,,64.8571
529,1.75035,,151,,64.6
530,1.75432,,151.167,,64.6333
531,1.75829,,151.333,,64.6667
532,1.76226,,151.5,,64.7
533,1.76622,,151.667,,64.7333
534,1.77019,,151.833,,64.7667
535,1.77416,,152,,64.8
536,1.77809,,152.167,,64.7667
537,1.78202,,152.333,,64.7333
538,1.78595,,152.5,,64.7
539,1.78988,,152.667,,64.6667
540,1.79381,,152.833,,64.6333
541,1.79774,,153,,64.6
542,1.80183,,153,,64.64
543,1.80591,,153,,64.68
544,1.81,,153,,64.72
545,1.81408,,153,,64.76
546,1.81817,,153,,64.8
547,1.82207,,153,,64.5667
548,1.82597,,153,,64.3333
549,1.82987,,153,,64.1
550,1.83378,,153,,63.8667
551,1.83768,,153,,63.6333
552,1.84158,,153,,63.4
553,1.84548,,153,,63.2
554,1.84939,,153,,63
555,1.85329,,153,,62.8
556,1.85719,,153,,62.6
557,1.8611,,153,,62.4
558,1.865,,153,,62.2
559,1.86882,,153.167,,61.7667
560,1.87264,,153.333,,61.3333
561,1.87646,,153.5,,60.9
562,1.88028,,153.667,,60.4667
563,1.8841,,153.833,,60.0333
564,1.88792,,154,,59.6
565,1.89163,,154,,59.2
566,1.89534,,154,,58.8
567,1.89905,,154,,58.4
568,1.90275,,154,,58
569,1.90646,,154,,57.6
570,1.91017,,154,,57.2
571,1.91389,,154,,56.9
572,1.91761,,154,,56.6
573,1.92133,,154,,56.3
574,1.92505,,154,,56
575,1.92877,,154,,55.7
576,1.93249,,154,,55.4
577,1.93599,,153.833,,55.0333
578,1.93948,,153.667,,54.6667
579,1.94298,,153.5,,54.3
580,1.94647,,153.333,,53.9333
581,1.94996,,153.167,,53.5667
582,1.95346,,153,,53.2
583,1.95676,,152.714,,53.0286
584,1.96005,,152.429,,52.8571
585,1.96335,,152.143,,52.6857
586,1.96665,,151.857,,52.5143
587,1.96995,,151.571,,52.3429
588,1.97324,,151.286,,52.1714
589,1.97654,,151,,52
590,1.97987,,151.143,,52.5143
591,1.98321,,151.286,,53.0286
592,1.98654,,151.429,,53.5429
593,1.98988,,151.571,,54.0571
594,1.99321,,151.714,,54.5714
595,1.99655,,151.857,,55.0857
596,1.99988,,152,,55.6
597,2.00321,,151,,55.4
598,2.00664,,150.833,,55.7333
599,2.01008,,150.667,,56.0667
600,2.01351,,150.5,,56.4
601,2.01694,,150.333,,56.7333
602,2.02038,,150.167,,57.0667
603,2.02381,,150,,57.4
604,2.0274,,150,,57.3667
605,2.03098,,150,,57.3333
606,2.03456,,150,,57.3
607,2.03815,,150,,57.2667
608,2.04174,,150,,57.2333
609,2.04532,,150,,57.2
610,2.04887,,150.167,,57.1333
611,2.05242,,150.333,,57.0667
612,2.05597,,150.5,,57
613,2.05952,,150.667,,56.9333
614,2.06307,,150.833,,56.8667
615,2.06662,,151,,56.8
616,2.07001,,151.167,,57.0333
617,2.0734,,151.333,,57.2667
618,2.07679,,151.5,,57.5
619,2.08018,,151.667,,57.7333
620,2.08357,,151.833,,57.9667
621,2.08696,,152,,58.2
622,2.09046,,152,,58.4667
623,2.09395,,152,,58.7333
624,2.09745,,152,,59
625,2.10095,,152,,59.2667
626,2.10444,,152,,59.5333
627,2.10794,,152,,59.8
628,2.11138,,152.167,,59.8333
629,2.11482,,152.333,,59.8667
630,2.11826,,152.5,,59.9
631,2.1217,,152.667,,59.9333
632,2.12514,,152.833,,59.9667
633,2.12858,,153,,60
634,2.13213,,153.167,,59.7
635,2.13568,,153.333,,59.4
636,2.13922,,153.5,,59.1
637,2.14277,,153.667,,58.8
638,2.14632,,153.833,,58.5
639,2.14987,,154,,58.2
640,2.15323,,154,,58.0667
641,2.15659,,154,,57.9333
642,2.15995,,154,,57.8
643,2.1633,,154,,57.6667
644,2.16666,,154,,57.5333
645,2.17002,,154,,57.4
646,2.17328,,154,,57.1143
647,2.17653,,154,,56.8286
648,2.17979,,154,,56.5429
649,2.18305,,154,,56.2571
650,2.18631,,154,,55.9714
651,2.18956,,154,,55.6857
652,2.19282,,154,,55.4
653,2.19622,,154,,55.1667
654,2.19961,,154,,54.9333
655,2.20301,,154,,54.7
656,2.2064,,154,,54.4667
657,2.2098,,154,,54.2333
658,2.21319,,154,,54
659,2.21668,,154,,54.0333
660,2.22016,,154,,54.0667
661,2.22365,,154,,54.1
662,2.22714,,154,,54.1333
663,2.23062,,154,,54.1667
664,2.23411,,154,,54.2
665,2.23753,,154,,54
666,2.24095,,154,,53.8
667,2.24437,,154,,53.6
668,2.24778,,154,,53.4
669,2.2512,,154,,53.2
670,2.25462,,154,,53
671,2.2578,,154,,53.2286
672,2.26098,,154,,53.4571
673,2.26416,,154,,53.6857
674,2.26733,,154,,53.9143
675,2.27051,,154,,54.1429
676,2.27369,,154,,54.3714
677,2.27687,,154,,54.6
678,2.28011,,154,,54.6857
679,2.28335,,154,,54.7714
680,2.28659,,154,,54.8571
681,2.28984,,154,,54.9429
682,2.29308,,154,,55.0286
683,2.29632,,154,,55.1143
684,2.29956,,154,,55.2
685,2.30274,,154.143,,55.1714
686,2.30592,,154.286,,55.1429
687,2.3091,,154.429,,55.1143
688,2.31227,,154.571,,55.0857
689,2.31545,,154.714,,55.0571
690,2.31863,,154.857,,55.0286
691,2.32181,,155,,55
692,2.325,,154.857,,55.0857
693,2.3282,,154.714,,55.1714
694,2.33139,,154.571,,55.2571
695,2.33459,,154.429,,55.3429
696,2.33778,,154.286,,55.4286
697,2.34098,,154.143,,55.5143
698,2.34417,,154,,55.6
699,2.34719,,154,,55.6571
700,2.3502,,154,,55.7143
701,2.35322,,154,,55.7714
702,2.35624,,154,,55.8286
703,2.35926,,154,,55.8857
704,2.36227,,154,,55.9429
705,2.36529,,154,,56
706,2.36874,,154,,55.8333
707,2.37219,,154,,55.6667
708,2.37564,,154,,55.5
709,2.37909,,154,,55.3333
710,2.38254,,154,,55.1667
711,2.38599,,154,,55
712,2.38973,,154,,55.2333
713,2.39348,,154,,55.4667
714,2.39722,,154,,55.7
715,2.40097,,154,,55.9333
716,2.40471,,154,,56.1667
717,2.40846,,154,,56.4
718,2.41192,,153.833,,56.4667
719,2.41537,,153.667,,56.5333
720,2.41883,,153.5,,56.6
721,2.42228,,153.333,,56.6667
722,2.42573,,153.167,,56.7333
723,2.42919,,153,,56.8
724,2.43284,,152.833,,56.9
725,2.43648,,152.667,,57
726,2.44013,,152.5,,57.1
727,2.44377,,152.333,,57.2
728,2.44741,,152.167,,57.3
729,2.45106,,152,,57.4
730,2.45467,,152.167,,57.6333
731,2.45828,,152.333,,57.8667
732,2.4619,,152.5,,58.1
733,2.46551,,152.667,,58.3333
734,2.46912,,152.833,,58.5667
735,2.47273,,153,,58.8
736,2.47613,,153.167,,58.6667
737,2.47954,,153.333,,58.5333
738,2.48294,,153.5,,58.4
739,2.48634,,153.667,,58.2667
740,2.48975,,153.833,,58.1333
741,2.49315,,154,,58
742,2.49676,,154.167,,58
743,2.50038,,154.333,,58
744,2.50399,,154.5,,58
745,2.5076,,154.667,,58
746,2.51122,,154.833,,58
747,2.51483,,155,,58
748,2.51936,,154.8,,57.92
749,2.5239,,154.6,,57.84
750,2.52843,,154.4,,57.76
751,2.53297,,154.2,,57.68
752,2.5375,,154,,57.6
753,2.54099,,154.167,,57.8333
754,2.54448,,154.333,,58.0667
755,2.54797,,154.5,,58.3
756,2.55145,,154.667,,58.5333
757,2.55494,,154.833,,58.7667
758,2.55843,,155,,59
759,2.56168,,155,,59.6571
760,2.56494,,155,,60.3143
761,2.56819,,155,,60.9714
762,2.57144,,155,,61.6286
763,2.57469,,155,,62.2857
764,2.57795,,155,,62.9429
765,2.5812,,155,,63.6
766,2.58448,,154.714,,63.9143
767,2.58777,,154.429,,64.2286
768,2.59105,,154.143,,64.5429
769,2.59433,,153.857,,64.8571
770,2.59761,,153.571,,65.1714
771,2.6009,,153.286,,65.4857
772,2.60418,,153,,65.8
773,2.60739,,152.857,,65.9429
774,2.6106,,152.714,,66.0857
775,2.61381,,152.571,,66.2286
776,2.61702,,152.429,,66.3714
777,2.62023,,152.286,,66.5143
778,2.62344,,152.143,,66.6571
779,2.62665,,152,,66.8
780,2.63002,,151.833,,66.4333
781,2.6334,,151.667,,66.0667
782,2.63677,,151.5,,65.7
783,2.64014,,151.333,,65.3333
784,2.64352,,151.167,,64.9667
785,2.64689,,151,,64.6
786,2.65036,,151,,64.3667
787,2.65384,,151,,64.1333
788,2.65731,,151,,63.9
789,2.66078,,151,,63.6667
790,2.66426,,151,,63.4333
791,2.66773,,151,,63.2
792,2.67133,,151,,62.9667
793,2.67493,,151,,62.7333
794,2.67854,,151,,62.5
795,2.68214,,151,,62.2667
796,2.68574,,151,,62.0333
797,2.68934,,151,,61.8
798,2.69304,,151.167,,61.7333
799,2.69674,,151.333,,61.6667
800,2.70044,,151.5,,61.6
801,2.70414,,151.667,,61.5333
802,2.70784,,151.833,,61.4667
803,2.71154,,152,,61.4
804,2.71484,,152.286,,61.4857
805,2.71815,,152.571,,61.5714
806,2.72145,,152.857,,61.6571
807,2.72476,,153.143,,61.7429
808,2.72806,,153.429,,61.8286
809,2.73137,,153.714,,61.9143
810,2.73467,,154,,62
811,2.73828,,154,,62.1333
812,2.74188,,154,,62.2667
813,2.74549,,154,,62.4
814,2.7491,,154,,62.5333
815,2.7527,,154,,62.6667
816,2.75631,,154,,62.8
817,2.75995,,154,,62.9667
818,2.76358,,154,,63.1333
819,2.76722,,154,,63.3
820,2.77086,,154,,63.4667
821,2.77449,,154,,63.6333
822,2.77813,,154,,63.8
823,2.78171,,153.667,,64
824,2.78528,,153.333,,64.2
825,2.78886,,153,,64.4
826,2.79244,,152.667,,64.6
827,2.79601,,152.333,,64.8
828,2.79959,,152,,65
829,2.80324,,152.167,,65.1667
830,2.8069,,152.333,,65.3333
831,2.81055,,152.5,,65.5
832,2.81421,,152.667,,65.6667
833,2.81786,,152.833,,65.8333
834,2.82152,,153,,66
835,2.82515,,152.833,,66.1333
836,2.82879,,152.667,,66.2667
837,2.83242,,152.5,,66.4
838,2.83605,,152.333,,66.5333
839,2.83969,,152.167,,66.6667
840,2.84332,,152,,66.8
841,2.84673,,152,,66.6667
842,2.85015,,152,,66.5333
843,2.85356,,152,,66.4
844,2.85697,,152,,66.2667
845,2.86039,,152,,66.1333
846,2.8638,,152,,66
847,2.86732,,152.167,,66.1
848,2.87084,,152.333,,66.2
849,2.87436,,152.5,,66.3
850,2.87788,,152.667,,66.4
851,2.8814,,152.833,,66.5
852,2.88492,,153,,66.6
853,2.88837,,153,,66.4667
854,2.89181,,153,,66.3333
855,2.89526,,153,,66.2
856,2.8987,,153,,66.0667
857,2.90214,,153,,65.9333
858,2.90559,,153,,65.8
859,2.90884,,153.143,,65.6571
860,2.91209,,153.286,,65.5143
861,2.91534,,153.429,,65.3714
862,2.9186,,153.571,,65.2286
863,2.92185,,153.714,,65.0857
864,2.9251,,153.857,,64.9429
865,2.92835,,154,,64.8
866,2.93154,,154,,64.9429
867,2.93472,,154,,65.0857
868,2.93791,,154,,65.2286
869,2.9411,,154,,65.3714
870,2.94429,,154,,65.5143
871,2.94747,,154,,65.6571
872,2.95066,,154,,65.8
873,2.95412,,154.167,,65.9667
874,2.95758,,154.333,,66.1333
875,2.96103,,154.5,,66.3
876,2.96449,,154.667,,66.4667
877,2.96795,,154.833,,66.6333
878,2.97141,,155,,66.8
879,2.97495,,154.833,,66.8333
880,2.97849,,154.667,,66.8667
881,2.98203,,154.5,,66.9
882,2.98556,,154.333,,66.9333
883,2.9891,,154.167,,66.9667
884,2.99264,,154,,67
885,2.9961,,154,,67.3333
886,2.99956,,154,,67.6667
887,3.00302,,154,,68
888,3.0061,,153.714,,68.1429
889,3.00917,,153.429,,68.2857
890,3.01225,,153.143,,68.4286
891,3.01533,,152.857,,68.5714
892,3.01841,,152.571,,68.7143
893,3.02148,,152.286,,68.8571
894,3.02456,,152,,69
895,3.02778,,152.143,,69.0857
896,3.03099,,152.286,,69.1714
897,3.03421,,152.429,,69.2571
898,3.03742,,152.571,,69.3429
899,3.04064,,152.714,,69.4286
900,3.04385,,152.857,,69.5143
901,3.04707,,153,,69.6
902,3.05041,,153.143,,69.6286
903,3.05374,,153.286,,69.6571
904,3.05708,,153.429,,69.6857
905,3.06042,,153.571,,69.7143
906,3.06376,,153.714,,69.7429
907,3.06709,,153.857,,69.7714
908,3.07043,,154,,69.8
909,3.074,,153.833,,69.9667
910,3.07757,,153.667,,70.1333
911,3.08114,,153.5,,70.3
912,3.08471,,153.333,,70.4667
913,3.08828,,153.167,,70.6333
914,3.09185,,153,,70.8
915,3.09593,,152.6,,71
916,3.1,,152.2,,71.2
917,3.10408,,151.8,,71.4
918,3.10815,,151.4,,71.6
919,3.11223,,151,,71.8
920,3.11576,,151.167,,71.7333
921,3.11928,,151.333,,71.6667
922,3.12281,,151.5,,71.6
923,3.12634,,151.667,,71.5333
924,3.12986,,151.833,,71.4667
925,3.13339,,152,,71.4
926,3.13659,,152.143,,71.6286
927,3.1398,,152.286,,71.8571
928,3.143,,152.429,,72.0857
929,3.1462,,152.571,,72.3143
930,3.1494,,152.714,,72.5429
931,3.15261,,152.857,,72.7714
932,3.15581,,153,,73
933,3.15915,,152.833,,72.7
934,3.1625,,152.667,,72.4
935,3.16585,,152.5,,72.1
936,3.16919,,152.333,,71.8
937,3.17253,,152.167,,71.5
938,3.17588,,152,,71.2
939,3.17894,,152,,71.2
940,3.182,,152,,71.2
941,3.18506,,152,,71.2
942,3.1888,,152,,71.64
943,3.19255,,152,,72.08
944,3.19629,,152,,72.52
945,3.20004,,152,,72.96
946,3.20378,,152,,73.4
947,3.20757,,152.167,,73.7
948,3.21135,,152.333,,74
949,3.21514,,152.5,,74.3
950,3.21893,,152.667,,74.6
951,3.22271,,152.833,,74.9
952,3.2265,,153,,75.2
953,3.23008,,153,,75.6333
954,3.23366,,153,,76.0667
955,3.23724,,153,,76.5
956,3.24082,,153,,76.9333
957,3.2444,,153,,77.3667
958,3.24798,,153,,77.8
959,3.25163,,153,,77.8
960,3.25527,,153,,77.8
961,3.25892,,153,,77.8
962,3.26256,,153,,77.8
963,3.2662,,153,,77.8
964,3.26985,,153,,77.8
965,3.27347,,153,,77.5333
966,3.27708,,153,,77.2667
967,3.2807,,153,,77
968,3.28432,,153,,76.7333
969,3.28793,,153,,76.4667
970,3.29155,,153,,76.2
971,3.29519,,153,,75.9333
972,3.29883,,153,,75.6667
973,3.30247,,153,,75.4
974,3.30611,,153,,75.1333
975,3.30975,,153,,74.8667
976,3.31339,,153,,74.6
977,3.3169,,153,,74.6333
978,3.32041,,153,,74.6667
979,3.32391,,153,,74.7
980,3.32742,,153,,74.7333
981,3.33093,,153,,74.7667
982,3.33444,,153,,74.8
983,3.33787,,153,,74.9667
984,3.3413,,153,,75.1333
985,3.34474,,153,,75.3
986,3.34817,,153,,75.4667
987,3.3516,,153,,75.6333
988,3.35503,,153,,75.8
989,3.35838,,153.167,,76.1
990,3.36173,,153.333,,76.4
991,3.36508,,153.5,,76.7
992,3.36843,,153.667,,77
993,3.37178,,153.833,,77.3
994,3.37513,,154,,77.6
995,3.37857,,154,,77.3667
996,3.38202,,154,,77.1333
997,3.38546,,154,,76.9
998,3.3889,,154,,76.6667
999,3.39235,,154,,76.4333
1000,3.39579,,154,,76.2
1001,3.39933,,153.667,,76.1667
1002,3.40288,,153.333,,76.1333
1003,3.40642,,153,,76.1
1004,3.40996,,152.667,,76.0667
1005,3.41351,,152.333,,76.0333
1006,3.41705,,152,,76
1007,3.42089,,151.833,,75.6667
1008,3.42474,,151.667,,75.3333
1009,3.42858,,151.5,,75
1010,3.43242,,151.333,,74.6667
1011,3.43627,,151.167,,74.3333
1012,3.44011,,151,,74
1013,3.4437,,151,,73.7333
1014,3.4473,,151,,73.4667
1015,3.4509,,151,,73.2
1016,3.45449,,151,,72.9333
1017,3.45808,,151,,72.6667
1018,3.46168,,151,,72.4
1019,3.46545,,150.833,,72.1667
1020,3.46923,,150.667,,71.9333
1021,3.473,,150.5,,71.7
1022,3.47677,,150.333,,71.4667
1023,3.48055,,150.167,,71.2333
1024,3.48432,,150,,71
1025,3.48781,,150,,71.0333
1026,3.4913,,150,,71.0667
1027,3.49479,,150,,71.1
1028,3.49827,,150,,71.1333
1029,3.50176,,150,,71.1667
1030,3.50525,,150,,71.2
1031,3.50878,,150.167,,71.3333
1032,3.51231,,150.333,,71.4667
1033,3.51584,,150.5,,71.6
1034,3.51937,,150.667,,71.7333
1035,3.5229,,150.833,,71.8667
1036,3.52643,,151,,72
1037,3.52979,,151,,72.2
1038,3.53315,,151,,72.4
1039,3.53652,,151,,72.6
1040,3.53988,,151,,72.8
1041,3.54324,,151,,73
1042,3.5466,,151,,73.2
1043,3.54994,,151.333,,73.1333
1044,3.55328,,151.667,,73.0667
1045,3.55662,,152,,73
1046,3.55996,,152.333,,72.9333
1047,3.5633,,152.667,,72.8667
1048,3.56664,,153,,72.8
1049,3.57012,,153,,72.9
1050,3.5736,,153,,73
1051,3.57707,,153,,73.1
1052,3.58055,,153,,73.2
1053,3.58403,,153,,73.3
1054,3.58751,,153,,73.4
1055,3.59095,,153,,73.0667
1056,3.59439,,153,,72.7333
1057,3.59783,,153,,72.4
1058,3.60127,,153,,72.0667
1059,3.60471,,153,,71.7333
1060,3.60815,,153,,71.4
1061,3.61168,,153,,71.0667
1062,3.61522,,153,,70.7333
1063,3.61875,,153,,70.4
1064,3.62228,,153,,70.0667
1065,3.62582,,153,,69.7333
1066,3.62935,,153,,69.4
1067,3.63289,,152.833,,68.9333
1068,3.63643,,152.667,,68.4667
1069,3.63997,,152.5,,68
1070,3.64352,,152.333,,67.5333
1071,3.64706,,152.167,,67.0667
1072,3.6506,,152,,66.6
1073,3.65429,,152,,66.2667
1074,3.65799,,152,,65.9333
1075,3.66168,,152,,65.6
1076,3.66538,,152,,65.2667
1077,3.66907,,152,,64.9333
1078,3.67277,,152,,64.6
1079,3.67641,,152,,64.3667
1080,3.68005,,152,,64.1333
1081,3.68368,,152,,63.9
1082,3.68732,,152,,63.6667
1083,3.69096,,152,,63.4333
1084,3.6946,,152,,63.2
1085,3.69827,,151.833,,62.9333
1086,3.70194,,151.667,,62.6667
1087,3.70561,,151.5,,62.4
1088,3.70927,,151.333,,62.1333
1089,3.71294,,151.167,,61.8667
1090,3.71661,,151,,61.6
1091,3.72015,,151,,61.6333
1092,3.72369,,151,,61.6667
1093,3.72722,,151,,61.7
1094,3.73076,,151,,61.7333
1095,3.7343,,151,,61.7667
1096,3.73784,,151,,61.8
1097,3.74134,,151,,61.3333
1098,3.74483,,151,,60.8667
1099,3.74833,,151,,60.4
1100,3.75183,,151,,59.9333
1101,3.75532,,151,,59.4667
1102,3.75882,,151,,59
1103,3.76223,,151.167,,58.5667
1104,3.76564,,151.333,,58.1333
1105,3.76905,,151.5,,57.7
1106,3.77246,,151.667,,57.2667
1107,3.77587,,151.833,,56.8333
1108,3.77928,,152,,56.4
1109,3.78254,,151.857,,55.8
1110,3.7858,,151.714,,55.2
1111,3.78906,,151.571,,54.6
1112,3.79232,,151.429,,54
1113,3.79558,,151.286,,53.4
1114,3.79884,,151.143,,52.8
1115,3.8021,,151,,52.2
1116,3.80564,,151,,51
1117,3.80918,,151,,49.8
1118,3.81272,,151,,48.6
1119,3.81626,,151,,47.4
1120,3.8198,,151,,46.2
1121,3.82334,,151,,45
1122,3.82686,,151.167,,44.1333
1123,3.83039,,151.333,,43.2667
1124,3.83392,,151.5,,42.4
1125,3.83744,,151.667,,41.5333
1126,3.84096,,151.833,,40.6667
1127,3.84449,,152,,39.8
1128,3.848,,152.167,,39.1667
1129,3.85151,,152.333,,38.5333
1130,3.85502,,152.5,,37.9
1131,3.85853,,152.667,,37.2667
1132,3.86204,,152.833,,36.6333
1133,3.86555,,153,,36
1134,3.86914,,153,,35.7
1135,3.87273,,153,,35.4
1136,3.87633,,153,,35.1
1137,3.87992,,153,,34.8
1138,3.88351,,153,,34.5
1139,3.8871,,153,,34.2
1140,3.89056,,153,,33.9333
1141,3.89403,,153,,33.6667
1142,3.89749,,153,,33.4
1143,3.90095,,153,,33.1333
1144,3.90442,,153,,32.8667
1145,3.90788,,153,,32.6
1146,3.91141,,153,,32.4667
1147,3.91495,,153,,32.3333
1148,3.91848,,153,,32.2
1149,3.92201,,153,,32.0667
1150,3.92555,,153,,31.9333
1151,3.92908,,153,,31.8
1152,3.93255,,152.833,,31.7667
1153,3.93602,,152.667,,31.7333
1154,3.93948,,152.5,,31.7
1155,3.94295,,152.333,,31.6667
1156,3.94642,,152.167,,31.6333
1157,3.94989,,152,,31.6
1158,3.95335,,152.167,,31.3
1159,3.95681,,152.333,,31
1160,3.96027,,152.5,,30.7
1161,3.96373,,152.667,,30.4
1162,3.96719,,152.833,,30.1
1163,3.97065,,153,,29.8
1164,3.97413,,153,,29.5667
1165,3.97762,,153,,29.3333
1166,3.9811,,153,,29.1
1167,3.98458,,153,,28.8667
1168,3.98807,,153,,28.6333
1169,3.99155,,153,,28.4
1170,3.995,,153,,28.4667
1171,3.99844,,153,,28.5333
1172,4.00189,,153,,28.6
1173,4.00564,,153,,28.8667
1174,4.00939,,153,,29.1333
1175,4.01314,,153,,29.4
1176,4.01689,,153,,29.6667
1177,4.02064,,153,,29.9333
1178,4.02439,,153,,30.2
1179,4.02788,,153,,30.4333
1180,4.03137,,153,,30.6667
1181,4.03486,,153,,30.9
1182,4.03836,,153,,31.1333
1183,4.04185,,153,,31.3667
1184,4.04534,,153,,31.6
1185,4.04885,,152.833,,31.9667
1186,4.05237,,152.667,,32.3333
1187,4.05588,,152.5,,32.7
1188,4.05939,,152.333,,33.0667
1189,4.06291,,152.167,,33.4333
1190,4.06642,,152,,33.8
1191,4.06989,,151.833,,34
1192,4.07336,,151.667,,34.2
1193,4.07683,,151.5,,34.4
1194,4.08031,,151.333,,34.6
1195,4.08378,,151.167,,34.8
1196,4.08725,,151,,35
1197,4.09072,,150.833,,35.2
1198,4.09418,,150.667,,35.4
1199,4.09765,,150.5,,35.6
1200,4.10112,,150.333,,35.8
1201,4.10458,,150.167,,36
1202,4.10805,,150,,36.2
1203,4.11151,,150.167,,36.2333
1204,4.11498,,150.333,,36.2667
1205,4.11844,,150.5,,36.3
1206,4.1219,,150.667,,36.3333
1207,4.12537,,150.833,,36.3667
1208,4.12883,,151,,36.4
1209,4.13217,,151,,36.3143
1210,4.13552,,151,,36.2286
1211,4.13886,,151,,36.1429
1212,4.14221,,151,,36.0571
1213,4.14555,,151,,35.9714
1214,4.1489,,151,,35.8857
1215,4.15224,,151,,35.8
1216,4.15576,,151,,36.0333
1217,4.15928,,151,,36.2667
1218,4.1628,,151,,36.5
1219,4.16631,,151,,36.7333
1220,4.16983,,151,,36.9667
1221,4.17335,,151,,37.2
1222,4.17683,,151,,37.3667
1223,4.1803,,151,,37.5333
1224,4.18378,,151,,37.7
1225,4.18726,,151,,37.8667
1226,4.19073,,151,,38.0333
1227,4.19421,,151,,38.2
1228,4.19758,,150.833,,38.1667
1229,4.20095,,150.667,,38.1333
1230,4.20432,,150.5,,38.1
1231,4.2077,,150.333,,38.0667
1232,4.21107,,150.167,,38.0333
1233,4.21444,,150,,38
1234,4.21793,,150.333,,37.8333
1235,4.22141,,150.667,,37.6667
1236,4.2249,,151,,37.5
1237,4.22839,,151.333,,37.3333
1238,4.23187,,151.667,,37.1667
1239,4.23536,,152,,37
1240,4.23889,,151.833,,36.7
1241,4.24243,,151.667,,36.4
1242,4.24596,,151.5,,36.1
1243,4.24949,,151.333,,35.8
1244,4.25303,,151.167,,35.5
1245,4.25656,,151,,35.2
1246,4.25988,,151,,35.0571
1247,4.26321,,151,,34.9143
1248,4.26653,,151,,34.7714
1249,4.26985,,151,,34.6286
1250,4.27317,,151,,34.4857
1251,4.2765,,151,,34.3429
1252,4.27982,,151,,34.2
1253,4.28333,,151.167,,34.6
1254,4.28684,,151.333,,35
1255,4.29035,,151.5,,35.4
1256,4.29386,,151.667,,35.8
1257,4.29737,,151.833,,36.2
1258,4.30088,,152,,36.6
1259,4.30421,,152.143,,36.4
1260,4.30753,,152.286,,36.2
1261,4.31086,,152.429,,36
1262,4.31418,,152.571,,35.8
1263,4.31751,,152.714,,35.6
1264,4.32083,,152.857,,35.4
1265,4.32416,,153,,35.2
1266,4.32784,,153,,35.1333
1267,4.33151,,153,,35.0667
1268,4.33519,,153,,35
1269,4.33887,,153,,34.9333
1270,4.34254,,153,,34.8667
1271,4.34622,,153,,34.8
1272,4.34985,,152.833,,34.8333
1273,4.35348,,152.667,,34.8667
1274,4.35711,,152.5,,34.9
1275,4.36074,,152.333,,34.9333
1276,4.36437,,152.167,,34.9667
1277,4.368,,152,,35
1278,4.37185,,151.833,,35.3667
1279,4.37569,,151.667,,35.7333
1280,4.37954,,151.5,,36.1
1281,4.38338,,151.333,,36.4667
1282,4.38722,,151.167,,36.8333
1283,4.39107,,151,,37.2
1284,4.39474,,151,,37.5
1285,4.3984,,151,,37.8
1286,4.40207,,151,,38.1
1287,4.40574,,151,,38.4
1288,4.4094,,151,,38.7
1289,4.41307,,151,,39
1290,4.4166,,151,,39.2
1291,4.42013,,151,,39.4
1292,4.42366,,151,,39.6
1293,4.42719,,151,,39.8
1294,4.43072,,151,,40
1295,4.43425,,151,,40.2
1296,4.43772,,150.833,,40.4333
1297,4.44119,,150.667,,40.6667
1298,4.44466,,150.5,,40.9
1299,4.44814,,150.333,,41.1333
1300,4.45161,,150.167,,41.3667
1301,4.45508,,150,,41.6
1302,4.45848,,149.833,,41.9
1303,4.46188,,149.667,,42.2
1304,4.46528,,149.5,,42.5
1305,4.46867,,149.333,,42.8
1306,4.47207,,149.167,,43.1
1307,4.47547,,149,,43.4
1308,4.47884,,149.286,,43.4571
1309,4.4822,,149.571,,43.5143
1310,4.48557,,149.857,,43.5714
1311,4.48894,,150.143,,43.6286
1312,4.49231,,150.429,,43.6857
1313,4.49567,,150.714,,43.7429
1314,4.49904,,151,,43.8
1315,4.50264,,151,,43.8
1316,4.50624,,151,,43.8
1317,4.50985,,151,,43.8
1318,4.51345,,151,,43.8
1319,4.51705,,151,,43.8
1320,4.52065,,151,,43.8
1321,4.52423,,151,,44.3
1322,4.52781,,151,,44.8
1323,4.53139,,151,,45.3
1324,4.53498,,151,,45.8
1325,4.53856,,151,,46.3
1326,4.54214,,151,,46.8
1327,4.54604,,151,,46.8667
1328,4.54994,,151,,46.9333
1329,4.55384,,151,,47
1330,4.55775,,151,,47.0667
1331,4.56165,,151,,47.1333
1332,4.56555,,151,,47.2
1333,4.56889,,151.286,,47.1429
1334,4.57223,,151.571,,47.0857
1335,4.57557,,151.857,,47.0286
1336,4.5789,,152.143,,46.9714
1337,4.58224,,152.429,,46.9143
1338,4.58558,,152.714,,46.8571
1339,4.58892,,153,,46.8
1340,4.59236,,153,,46.7667
1341,4.59579,,153,,46.7333
1342,4.59923,,153,,46.7
1343,4.60267,,153,,46.6667
1344,4.6061,,153,,46.6333
1345,4.60954,,153,,46.6
1346,4.61281,,153.143,,46.3143
1347,4.61607,,153.286,,46.0286
1348,4.61934,,153.429,,45.7429
1349,4.62261,,153.571,,45.4571
1350,4.62588,,153.714,,45.1714
1351,4.62914,,153.857,,44.8857
1352,4.63241,,154,,44.6
1353,4.63584,,154,,44.5333
1354,4.63927,,154,,44.4667
1355,4.6427,,154,,44.4
1356,4.64614,,154,,44.3333
1357,4.64957,,154,,44.2667
1358,4.653,,154,,44.2
1359,4.65621,,153.857,,43.9143
1360,4.65942,,153.714,,43.6286
1361,4.66263,,153.571,,43.3429
1362,4.66585,,153.429,,43.0571
1363,4.66906,,153.286,,42.7714
1364,4.67227,,153.143,,42.4857
1365,4.67548,,153,,42.2
1366,4.67942,,152.833,,42
1367,4.68335,,152.667,,41.8
1368,4.68729,,152.5,,41.6
1369,4.69123,,152.333,,41.4
1370,4.69516,,152.167,,41.2
1371,4.6991,,152,,41
1372,4.70273,,152,,40.9333
1373,4.70637,,152,,40.8667
1374,4.71,,152,,40.8
1375,4.71364,,152,,40.7333
1376,4.71727,,152,,40.6667
1377,4.72091,,152,,40.6
1378,4.72457,,152.333,,40.7333
1379,4.72823,,152.667,,40.8667
1380,4.73189,,153,,41
1381,4.73554,,153.333,,41.1333
1382,4.7392,,153.667,,41.2667
1383,4.74286,,154,,41.4
1384,4.74639,,153.833,,41.3
1385,4.74993,,153.667,,41.2
1386,4.75346,,153.5,,41.1
1387,4.75699,,153.333,,41
1388,4.76053,,153.167,,40.9
1389,4.76406,,153,,40.8
1390,4.76757,,153,,40.7
1391,4.77108,,153,,40.6
1392,4.77459,,153,,40.5
1393,4.7781,,153,,40.4
1394,4.78161,,153,,40.3
1395,4.78512,,153,,40.2
1396,4.78866,,152.833,,40.3333
1397,4.79221,,152.667,,40.4667
1398,4.79575,,152.5,,40.6
1399,4.79929,,152.333,,40.7333
1400,4.80284,,152.167,,40.8667
1401,4.80638,,152,,41
1402,4.80994,,152,,41.0667
1403,4.8135,,152,,41.1333
1404,4.81706,,152,,41.2
1405,4.82062,,152,,41.2667
1406,4.82418,,152,,41.3333
1407,4.82774,,152,,41.4
1408,4.83134,,152,,41.5333
1409,4.83493,,152,,41.6667
1410,4.83853,,152,,41.8
1411,4.84212,,152,,41.9333
1412,4.84572,,152,,42.0667
1413,4.84931,,152,,42.2
1414,4.85276,,152,,42.2
1415,4.8562,,152,,42.2
1416,4.85965,,152,,42.2
1417,4.8631,,152,,42.2
1418,4.86654,,152,,42.2
1419,4.86999,,152,,42.2
1420,4.87348,,152,,42.0333
1421,4.87696,,152,,41.8667
1422,4.88044,,152,,41.7
1423,4.88393,,152,,41.5333
1424,4.88741,,152,,41.3667
1425,4.8909,,152,,41.2
1426,4.89411,,152,,40.8857
1427,4.89732,,152,,40.5714
1428,4.90053,,152,,40.2571
1429,4.90375,,152,,39.9429
1430,4.90696,,152,,39.6286
1431,4.91017,,152,,39.3143
1432,4.91338,,152,,39
1433,4.91699,,152,,38.8
1434,4.9206,,152,,38.6
1435,4.92421,,152,,38.4
1436,4.92782,,152,,38.2
1437,4.93143,,152,,38
1438,4.93504,,152,,37.8
1439,4.93832,,152.143,,37.6
1440,4.94161,,152.286,,37.4
1441,4.94489,,152.429,,37.2
1442,4.94818,,152.571,,37
1443,4.95146,,152.714,,36.8
1444,4.95475,,152.857,,36.6
1445,4.95803,,153,,36.4
1446,4.96153,,153,,36.2
1447,4.96502,,153,,36
1448,4.96852,,153,,35.8
1449,4.97202,,153,,35.6
1450,4.97551,,153,,35.4
1451,4.97901,,153,,35.2
1452,4.98234,,152.857,,34.9714
1453,4.98568,,152.714,,34.7429
1454,4.98901,,152.571,,34.5143
1455,4.99235,,152.429,,34.2857
1456,4.99568,,152.286,,34.0571
1457,4.99902,,152.143,,33.8286
1458,5.00235,,152,,33.6
1459,5.00601,,151.833,,33.9
1460,5.00967,,151.667,,34.2
1461,5.01333,,151.5,,34.5
1462,5.01699,,151.333,,34.8
1463,5.02065,,151.167,,35.1
1464,5.02431,,151,,35.4
1465,5.02752,,151,,35.2571
1466,5.03074,,151,,35.1143
1467,5.03395,,151,,34.9714
1468,5.03717,,151,,34.8286
1469,5.04038,,151,,34.6857
1470,5.0436,,151,,34.5429
1471,5.04681,,151,,34.4
1472,5.05035,,151.167,,34.2667
1473,5.05389,,151.333,,34.1333
1474,5.05743,,151.5,,34
1475,5.06098,,151.667,,33.8667
1476,5.06452,,151.833,,33.7333
1477,5.06806,,152,,33.6
1478,5.07158,,152,,33.4
1479,5.07509,,152,,33.2
1480,5.07861,,152,,33
1481,5.08213,,152,,32.8
1482,5.08564,,152,,32.6
1483,5.08916,,152,,32.4
1484,5.09264,,151.833,,32.3333
1485,5.09613,,151.667,,32.2667
1486,5.09961,,151.5,,32.2
1487,5.10309,,151.333,,32.1333
1488,5.10658,,151.167,,32.0667
1489,5.11006,,151,,32
1490,5.11365,,151,,32.1
1491,5.11725,,151,,32.2
1492,5.12085,,151,,32.3
1493,5.12444,,151,,32.4
1494,5.12804,,151,,32.5
1495,5.13163,,151,,32.6
1496,5.13513,,150.833,,32.7333
1497,5.13863,,150.667,,32.8667
1498,5.14213,,150.5,,33
1499,5.14564,,150.333,,33.1333
1500,5.14914,,150.167,,33.2667
1501,5.15264,,150,,33.4
1502,5.15618,,150.167,,33.7
1503,5.15971,,150.333,,34
1504,5.16324,,150.5,,34.3
1505,5.16678,,150.667,,34.6
1506,5.17031,,150.833,,34.9
1507,5.17385,,151,,35.2
1508,5.17725,,151.167,,35.3333
1509,5.18065,,151.333,,35.4667
1510,5.18404,,151.5,,35.6
1511,5.18744,,151.667,,35.7333
1512,5.19084,,151.833,,35.8667
1513,5.19424,,152,,36
1514,5.19758,,152.167,,36.3
1515,5.20091,,152.333,,36.6
1516,5.20425,,152.5,,36.9
1517,5.20759,,152.667,,37.2
1518,5.21092,,152.833,,37.5
1519,5.21426,,153,,37.8
1520,5.21793,,153.167,,37.8667
1521,5.22161,,153.333,,37.9333
1522,5.22528,,153.5,,38
1523,5.22895,,153.667,,38.0667
1524,5.23263,,153.833,,38.1333
1525,5.2363,,154,,38.2
1526,5.23958,,153.714,,37.8857
1527,5.24285,,153.429,,37.5714
1528,5.24613,,153.143,,37.2571
1529,5.2494,,152.857,,36.9429
1530,5.25268,,152.571,,36.6286
1531,5.25595,,152.286,,36.3143
1532,5.25923,,152,,36
1533,5.26275,,152,,35.8
1534,5.26628,,152,,35.6
1535,5.2698,,152,,35.4
1536,5.27332,,152,,35.2
1537,5.27685,,152,,35
1538,5.28037,,152,,34.8
1539,5.28398,,152.167,,34.5333
1540,5.2876,,152.333,,34.2667
1541,5.29121,,152.5,,34
1542,5.29483,,152.667,,33.7333
1543,5.29845,,152.833,,33.4667
1544,5.30206,,153,,33.2
1545,5.30585,,153,,33.3
1546,5.30963,,153,,33.4
1547,5.31342,,153,,33.5
1548,5.31721,,153,,33.6
1549,5.32099,,153,,33.7
1550,5.32478,,153,,33.8
1551,5.32827,,153,,33.5333
1552,5.33175,,153,,33.2667
1553,5.33524,,153,,33
1554,5.33873,,153,,32.7333
1555,5.34221,,153,,32.4667
1556,5.3457,,153,,32.2
1557,5.34921,,153,,32.1667
1558,5.35272,,153,,32.1333
1559,5.35623,,153,,32.1
1560,5.35974,,153,,32.0667
1561,5.36325,,153,,32.0333
1562,5.36676,,153,,32
1563,5.37039,,153.167,,32.1
1564,5.37402,,153.333,,32.2
1565,5.37766,,153.5,,32.3
1566,5.38129,,153.667,,32.4
1567,5.38492,,153.833,,32.5
1568,5.38855,,154,,32.6
1569,5.39197,,154,,32.6
1570,5.39538,,154,,32.6
1571,5.39879,,154,,32.6
1572,5.40221,,154,,32.6
1573,5.40563,,154,,32.6
1574,5.40904,,154,,32.6
1575,5.41228,,154,,32.4571
1576,5.41553,,154,,32.3143
1577,5.41877,,154,,32.1714
1578,5.42202,,154,,32.0286
1579,5.42526,,154,,31.8857
1580,5.42851,,154,,31.7429
1581,5.43175,,154,,31.6
1582,5.43509,,154,,31.6286
1583,5.43842,,154,,31.6571
1584,5.44176,,154,,31.6857
1585,5.44509,,154,,31.7143
1586,5.44843,,154,,31.7429
1587,5.45176,,154,,31.7714
1588,5.4551,,154,,31.8
1589,5.4584,,153.857,,31.8
1590,5.4617,,153.714,,31.8
1591,5.465,,153.571,,31.8
1592,5.46831,,153.429,,31.8
1593,5.47161,,153.286,,31.8
1594,5.47491,,153.143,,31.8
1595,5.47821,,153,,31.8
1596,5.48165,,153,,32.1333
1597,5.4851,,153,,32.4667
1598,5.48854,,153,,32.8
1599,5.49198,,153,,33.1333
1600,5.49543,,153,,33.4667
1601,5.49887,,153,,33.8
1602,5.50232,,153,,33.9667
1603,5.50577,,153,,34.1333
1604,5.50922,,153,,34.3
1605,5.51267,,153,,34.4667
1606,5.51612,,153,,34.6333
1607,5.51957,,153,,34.8
1608,5.52306,,152.833,,34.6
1609,5.52656,,152.667,,34.4
1610,5.53005,,152.5,,34.2
1611,5.53354,,152.333,,34
1612,5.53704,,152.167,,33.8
1613,5.54053,,152,,33.6
1614,5.54413,,152,,33.6333
1615,5.54773,,152,,33.6667
1616,5.55133,,152,,33.7
1617,5.55493,,152,,33.7333
1618,5.55853,,152,,33.7667
1619,5.56213,,152,,33.8
1620,5.56574,,152.167,,34.0667
1621,5.56935,,152.333,,34.3333
1622,5.57296,,152.5,,34.6
1623,5.57657,,152.667,,34.8667
1624,5.58018,,152.833,,35.1333
1625,5.58379,,153,,35.4
1626,5.58693,,153.286,,35.5429
1627,5.59007,,153.571,,35.6857
1628,5.59321,,153.857,,35.8286
1629,5.59635,,154.143,,35.9714
1630,5.59949,,154.429,,36.1143
1631,5.60263,,154.714,,36.2571
1632,5.60577,,155,,36.4
1633,5.60902,,155.143,,36.8571
1634,5.61227,,155.286,,37.3143
1635,5.61552,,155.429,,37.7714
1636,5.61878,,155.571,,38.2286
1637,5.62203,,155.714,,38.6857
1638,5.62528,,155.857,,39.1429
1639,5.62853,,156,,39.6
1640,5.63196,,155.667,,39.9667
1641,5.63539,,155.333,,40.3333
1642,5.63882,,155,,40.7
1643,5.64225,,154.667,,41.0667
1644,5.64568,,154.333,,41.4333
1645,5.64911,,154,,41.8
1646,5.65254,,154,,41.9667
1647,5.65597,,154,,42.1333
1648,5.6594,,154,,42.3
1649,5.66284,,154,,42.4667
1650,5.66627,,154,,42.6333
1651,5.6697,,154,,42.8
1652,5.67298,,154,,43.1143
1653,5.67627,,154,,43.4286
1654,5.67955,,154,,43.7429
1655,5.68284,,154,,44.0571
1656,5.68612,,154,,44.3714
1657,5.68941,,154,,44.6857
1658,5.69269,,154,,45
1659,5.69609,,153.833,,45.2667
1660,5.69949,,153.667,,45.5333
1661,5.70289,,153.5,,45.8
1662,5.70629,,153.333,,46.0667
1663,5.70969,,153.167,,46.3333
1664,5.71309,,153,,46.6
1665,5.71657,,153,,46.8333
1666,5.72005,,153,,47.0667
1667,5.72354,,153,,47.3
1668,5.72702,,153,,47.5333
1669,5.7305,,153,,47.7667
1670,5.73398,,153,,48
1671,5.73744,,153,,48.1667
1672,5.7409,,153,,48.3333
1673,5.74436,,153,,48.5
1674,5.74782,,153,,48.6667
1675,5.75128,,153,,48.8333
1676,5.75474,,153,,49
1677,5.75802,,153,,48.9714
1678,5.76131,,153,,48.9429
1679,5.76459,,153,,48.9143
1680,5.76787,,153,,48.8857
1681,5.77115,,153,,48.8571
1682,5.77444,,153,,48.8286
1683,5.77772,,153,,48.8
1684,5.78126,,152.833,,48.7
1685,5.78479,,152.667,,48.6
1686,5.78833,,152.5,,48.5
1687,5.79186,,152.333,,48.4
1688,5.7954,,152.167,,48.3
1689,5.79893,,152,,48.2
1690,5.80227,,152,,48.0333
1691,5.80562,,152,,47.8667
1692,5.80897,,152,,47.7
1693,5.81231,,152,,47.5333
1694,5.81565,,152,,47.3667
1695,5.819,,152,,47.2
1696,5.82238,,152,,47.1
1697,5.82575,,152,,47
1698,5.82912,,152,,46.9
1699,5.8325,,152,,46.8
1700,5.83587,,152,,46.7
1701,5.83925,,152,,46.6
1702,5.84235,,152.286,,46.4571
1703,5.84545,,152.571,,46.3143
1704,5.84855,,152.857,,46.1714
1705,5.85166,,153.143,,46.0286
1706,5.85476,,153.429,,45.8857
1707,5.85786,,153.714,,45.7429
1708,5.86096,,154,,45.6
1709,5.86402,,154,,45.4571
1710,5.86709,,154,,45.3143
1711,5.87015,,154,,45.1714
1712,5.87322,,154,,45.0286
1713,5.87628,,154,,44.8857
1714,5.87935,,154,,44.7429
1715,5.88241,,154,,44.6
1716,5.88584,,153.857,,44.4571
1717,5.88927,,153.714,,44.3143
1718,5.8927,,153.571,,44.1714
1719,5.89613,,153.429,,44.0286
1720,5.89956,,153.286,,43.8857
1721,5.90299,,153.143,,43.7429
1722,5.90642,,153,,43.6
1723,5.91029,,153,,43.4
1724,5.91416,,153,,43.2
1725,5.91803,,153,,43
1726,5.92189,,153,,42.8
1727,5.92576,,153,,42.6
1728,5.92963,,153,,42.4
1729,5.93351,,152.833,,42.1667
1730,5.9374,,152.667,,41.9333
1731,5.94129,,152.5,,41.7
1732,5.94517,,152.333,,41.4667
1733,5.94905,,152.167,,41.2333
1734,5.95294,,152,,41
1735,5.95649,,151.833,,40.8667
1736,5.96005,,151.667,,40.7333
1737,5.9636,,151.5,,40.6
1738,5.96715,,151.333,,40.4667
1739,5.97071,,151.167,,40.3333
1740,5.97426,,151,,40.2
1741,5.97794,,150.833,,40.2667
1742,5.98162,,150.667,,40.3333
1743,5.9853,,150.5,,40.4
1744,5.98897,,150.333,,40.4667
1745,5.99265,,150.167,,40.5333
1746,5.99633,,150,,40.6
1747,6.00006,,150,,40.6
1748,6.00365,,150,,40.7
1749,6.00723,,150,,40.8
1750,6.01082,,150,,40.9
1751,6.0144,,150,,41
1752,6.01798,,150,,41.1
1753,6.02157,,150,,41.2
1754,6.02492,,150,,40.9143
1755,6.02826,,150,,40.6286
1756,6.03161,,150,,40.3429
1757,6.03495,,150,,40.0571
1758,6.0383,,150,,39.7714
1759,6.04164,,150,,39.4857
1760,6.04499,,150,,39.2
1761,6.04812,,150.143,,38.9429
1762,6.05126,,150.286,,38.6857
1763,6.05439,,150.429,,38.4286
1764,6.05753,,150.571,,38.1714
1765,6.06066,,150.714,,37.9143
1766,6.0638,,150.857,,37.6571
1767,6.06693,,151,,37.4
1768,6.07018,,150.833,,37.2667
1769,6.07344,,150.667,,37.1333
1770,6.07669,,150.5,,37
1771,6.07994,,150.333,,36.8667
1772,6.0832,,150.167,,36.7333
1773,6.08645,,150,,36.6
1774,6.08927,,149.8,,36.6
1775,6.0921,,149.6,,36.6
1776,6.09492,,149.4,,36.6
1777,6.09775,,149.2,,36.6
1778,6.10057,,149,,36.6
1779,6.10304,,149,,36.4
1780,6.10551,,149,,36.2
1781,6.10836,,149.125,,36.075
1782,6.11121,,149.25,,35.95
1783,6.11406,,149.375,,35.825
1784,6.11692,,149.5,,35.7
1785,6.11977,,149.625,,35.575
1786,6.12262,,149.75,,35.45
1787,6.12547,,149.875,,35.325
1788,6.12832,,150,,35.2
1789,6.13166,,150,,34.9429
1790,6.13501,,150,,34.6857
1791,6.13835,,150,,34.4286
1792,6.1417,,150,,34.1714
1793,6.14504,,150,,33.9143
1794,6.14839,,150,,33.6571
1795,6.15173,,150,,33.4
1796,6.15503,,150,,33.2
1797,6.15832,,150,,33
1798,6.16162,,150,,32.8
1799,6.16491,,150,,32.6
1800,6.16821,,150,,32.4
1801,6.1715,,150,,32.2
1802,6.1748,,150,,32
1803,6.17804,,150,,32.2571
1804,6.18127,,150,,32.5143
1805,6.18451,,150,,32.7714
1806,6.18775,,150,,33.0286
1807,6.19099,,150,,33.2857
1808,6.19422,,150,,33.5429
1809,6.19746,,150,,33.8
1810,6.20104,,150,,35.1333
1811,6.20463,,150,,36.4667
1812,6.20821,,150,,37.8
1813,6.21179,,150,,39.1333
1814,6.21538,,150,,40.4667
1815,6.21896,,150,,41.8
1816,6.22204,,150.143,,42.2857
1817,6.22511,,150.286,,42.7714
1818,6.22819,,150.429,,43.2571
1819,6.23126,,150.571,,43.7429
1820,6.23434,,150.714,,44.2286
1821,6.23741,,150.857,,44.7143
1822,6.24049,,151,,45.2
1823,6.24343,,151.143,,45.6857
1824,6.24637,,151.286,,46.1714
1825,6.24931,,151.429,,46.6571
1826,6.25224,,151.571,,47.1429
1827,6.25518,,151.714,,47.6286
1828,6.25812,,151.857,,48.1143
1829,6.26106,,152,,48.6
1830,6.26365,,152.125,,49
1831,6.26624,,152.25,,49.4
1832,6.26883,,152.375,,49.8
1833,6.27142,,152.5,,50.2
1834,6.27402,,152.625,,50.6
1835,6.27661,,152.75,,51
1836,6.2792,,152.875,,51.4
1837,6.28179,,153,,51.8
1838,6.28482,,152.857,,52.2857
1839,6.28785,,152.714,,52.7714
1840,6.29088,,152.571,,53.2571
1841,6.2939,,152.429,,53.7429
1842,6.29693,,152.286,,54.2286
1843,6.29996,,152.143,,54.7143
1844,6.30299,,152,,55.2
1845,6.30638,,151.667,,55.8333
1846,6.30978,,151.333,,56.4667
1847,6.31317,,151,,57.1
1848,6.31656,,150.667,,57.7333
1849,6.31996,,150.333,,58.3667
1850,6.32335,,150,,59
1851,6.32703,,149.833,,59.5
1852,6.33072,,149.667,,60
1853,6.3344,,149.5,,60.5
1854,6.33808,,149.333,,61
1855,6.34177,,149.167,,61.5
1856,6.34545,,149,,62
1857,6.34891,,149.333,,61.9333
1858,6.35238,,149.667,,61.8667
1859,6.35585,,150,,61.8
1860,6.35931,,150.333,,61.7333
1861,6.36278,,150.667,,61.6667
1862,6.36624,,151,,61.6
1863,6.36976,,151,,61.9667
1864,6.37327,,151,,62.3333
1865,6.37678,,151,,62.7
1866,6.3803,,151,,63.0667
1867,6.38382,,151,,63.4333
1868,6.38733,,151,,63.8
1869,6.39064,,151,,63.5143
1870,6.39396,,151,,63.2286
1871,6.39727,,151,,62.9429
1872,6.40058,,151,,62.6571
1873,6.40389,,151,,62.3714
1874,6.40721,,151,,62.0857
1875,6.41052,,151,,61.8
1876,6.41375,,151.143,,61.7429
1877,6.41698,,151.286,,61.6857
1878,6.42021,,151.429,,61.6286
1879,6.42345,,151.571,,61.5714
1880,6.42668,,151.714,,61.5143
1881,6.42991,,151.857,,61.4571
1882,6.43314,,152,,61.4
1883,6.43697,,152.167,,60.2
1884,6.44081,,152.333,,59
1885,6.44464,,152.5,,57.8
1886,6.44847,,152.667,,56.6
1887,6.45231,,152.833,,55.4
1888,6.45614,,153,,54.2
1889,6.45953,,152.833,,53.7
1890,6.46292,,152.667,,53.2
1891,6.46631,,152.5,,52.7
1892,6.4697,,152.333,,52.2
1893,6.47309,,152.167,,51.7
1894,6.47648,,152,,51.2
1895,6.47977,,152,,50.7714
1896,6.48306,,152,,50.3429
1897,6.48635,,152,,49.9143
1898,6.48964,,152,,49.4857
1899,6.49293,,152,,49.0571
1900,6.49622,,152,,48.6286
1901,6.49951,,152,,48.2
1902,6.50266,,151.857,,47.8857
1903,6.50581,,151.714,,47.5714
1904,6.50896,,151.571,,47.2571
1905,6.5121,,151.429,,46.9429
1906,6.51525,,151.286,,46.6286
1907,6.5184,,151.143,,46.3143
1908,6.52155,,151,,46
1909,6.52499,,151,,46.0333
1910,6.52842,,151,,46.0667
1911,6.53186,,151,,46.1
1912,6.53529,,151,,46.1333
1913,6.53873,,151,,46.1667
1914,6.54216,,151,,46.2
1915,6.54528,,150.857,,45.8571
1916,6.54841,,150.714,,45.5143
1917,6.55153,,150.571,,45.1714
1918,6.55466,,150.429,,44.8286
1919,6.55778,,150.286,,44.4857
1920,6.56091,,150.143,,44.1429
1921,6.56403,,150,,43.8
1922,6.56736,,149.857,,43.6857
1923,6.57069,,149.714,,43.5714
1924,6.57402,,149.571,,43.4571
1925,6.57734,,149.429,,43.3429
1926,6.58067,,149.286,,43.2286
1927,6.584,,149.143,,43.1143
1928,6.58733,,149,,43
1929,6.5906,,149.286,,42.8571
1930,6.59386,,149.571,,42.7143
1931,6.59713,,149.857,,42.5714
1932,6.60039,,150.143,,42.4286
1933,6.60366,,150.429,,42.2857
1934,6.60692,,150.714,,42.1429
1935,6.61019,,151,,42
1936,6.61335,,151,,41.6286
1937,6.6165,,151,,41.2571
1938,6.61966,,151,,40.8857
1939,6.62282,,151,,40.5143
1940,6.62598,,151,,40.1429
1941,6.62913,,151,,39.7714
1942,6.63229,,151,,39.4
1943,6.63554,,150.857,,39.1714
1944,6.63879,,150.714,,38.9429
1945,6.64204,,150.571,,38.7143
1946,6.64529,,150.429,,38.4857
1947,6.64854,,150.286,,38.2571
1948,6.65179,,150.143,,38.0286
1949,6.65504,,150,,37.8
1950,6.65821,,149.571,,37.6286
1951,6.66138,,149.143,,37.4571
1952,6.66455,,148.714,,37.2857
1953,6.66771,,148.286,,37.1143
1954,6.67088,,147.857,,36.9429
1955,6.67405,,147.429,,36.7714
1956,6.67722,,147,,36.6
1957,6.68015,,147.143,,35.9143
1958,6.68309,,147.286,,35.2286
1959,6.68602,,147.429,,34.5429
1960,6.68895,,147.571,,33.8571
1961,6.69188,,147.714,,33.1714
1962,6.69482,,147.857,,32.4857
1963,6.69775,,148,,31.8
1964,6.70112,,148.167,,31.6333
1965,6.70449,,148.333,,31.4667
1966,6.70786,,148.5,,31.3
1967,6.71123,,148.667,,31.1333
1968,6.7146,,148.833,,30.9667
1969,6.71797,,149,,30.8
1970,6.7211,,149.167,,30.3
1971,6.72422,,149.333,,29.8
1972,6.72735,,149.5,,29.3
1973,6.73048,,149.667,,28.8
1974,6.7336,,149.833,,28.3
1975,6.73673,,150,,27.8
1976,6.73932,,150.2,,27.52
1977,6.74191,,150.4,,27.24
1978,6.74451,,150.6,,26.96
1979,6.7471,,150.8,,26.68
1980,6.74969,,151,,26.4
1981,6.75247,,151,,26.05
1982,6.75525,,151,,25.7
1983,6.75803,,151,,25.35
1984,6.76082,,151,,25
1985,6.7636,,151,,24.65
1986,6.76638,,151,,24.3
1987,6.76916,,151,,23.95
1988,6.77194,,151,,23.6
1989,6.77463,,151,,23.325
1990,6.77731,,151,,23.05
1991,6.77999,,151,,22.775
1992,6.78268,,151,,22.5
1993,6.78537,,151,,22.225
1994,6.78805,,151,,21.95
1995,6.79073,,151,,21.675
1996,6.79342,,151,,21.4
1997,6.79646,,151.143,,21.3714
1998,6.7995,,151.286,,21.3429
1999,6.80254,,151.429,,21.3143
2000,6.80558,,151.571,,21.2857
2001,6.80862,,151.714,,21.2571
2002,6.81166,,151.857,,21.2286
2003,6.8147,,152,,21.2
2004,6.81826,,152,,21.3667
2005,6.82182,,152,,21.5333
2006,6.82538,,152,,21.7
2007,6.82894,,152,,21.8667
2008,6.8325,,152,,22.0333
2009,6.83606,,152,,22.2
2010,6.83969,,152,,22.3333
2011,6.84331,,152,,22.4667
2012,6.84694,,152,,22.6
2013,6.85057,,152,,22.7333
2014,6.85419,,152,,22.8667
2015,6.85782,,152,,23
2016,6.86149,,152.167,,23.7
2017,6.86515,,152.333,,24.4
2018,6.86882,,152.5,,25.1
2019,6.87249,,152.667,,25.8
2020,6.87615,,152.833,,26.5
2021,6.87982,,153,,27.2
2022,6.88328,,152.833,,27.4667
2023,6.88674,,152.667,,27.7333
2024,6.8902,,152.5,,28
2025,6.89366,,152.333,,28.2667
2026,6.89712,,152.167,,28.5333
2027,6.90058,,152,,28.8
2028,6.90405,,152,,28.7667
2029,6.90752,,152,,28.7333
2030,6.91099,,152,,28.7
2031,6.91445,,152,,28.6667
2032,6.91792,,152,,28.6333
2033,6.92139,,152,,28.6
2034,6.92457,,152,,28.8571
2035,6.92776,,152,,29.1143
2036,6.93094,,152,,29.3714
2037,6.93413,,152,,29.6286
2038,6.93731,,152,,29.8857
2039,6.9405,,152,,30.1429
2040,6.94368,,152,,30.4
2041,6.94692,,152,,30.7429
2042,6.95016,,152,,31.0857
2043,6.9534,,152,,31.4286
2044,6.95665,,152,,31.7714
2045,6.95989,,152,,32.1143
2046,6.96313,,152,,32.4571
2047,6.96637,,152,,32.8
2048,6.96986,,152,,33.0333
2049,6.97334,,152,,33.2667
2050,6.97683,,152,,33.5
2051,6.98032,,152,,33.7333
2052,6.9838,,152,,33.9667
2053,6.98729,,152,,34.2
2054,6.99034,,151.8,,35.04
2055,6.99339,,151.6,,35.88
2056,6.99645,,151.4,,36.72
2057,6.9995,,151.2,,37.56
2058,7.00255,,151,,38.4
2059,7.00592,,151,,39.1
2060,7.00929,,151,,39.8
2061,7.01266,,151,,40.5
2062,7.01603,,151,,41.2
2063,7.0194,,151,,41.9
2064,7.02277,,151,,42.6
2065,7.02599,,150.857,,43.2857
2066,7.02921,,150.714,,43.9714
2067,7.03243,,150.571,,44.6571
2068,7.03565,,150.429,,45.3429
2069,7.03887,,150.286,,46.0286
2070,7.04209,,150.143,,46.7143
2071,7.04531,,150,,47.4
2072,7.04866,,150.143,,48.1143
2073,7.05201,,150.286,,48.8286
2074,7.05536,,150.429,,49.5429
2075,7.0587,,150.571,,50.2571
2076,7.06205,,150.714,,50.9714
2077,7.0654,,150.857,,51.6857
2078,7.06875,,151,,52.4
2079,7.07198,,151.286,,52.8571
2080,7.0752,,151.571,,53.3143
2081,7.07843,,151.857,,53.7714
2082,7.08165,,152.143,,54.2286
2083,7.08488,,152.429,,54.6857
2084,7.0881,,152.714,,55.1429
2085,7.09133,,153,,55.6
2086,7.09469,,152.857,,56.2571
2087,7.09805,,152.714,,56.9143
2088,7.10141,,152.571,,57.5714
2089,7.10476,,152.429,,58.2286
2090,7.10812,,152.286,,58.8857
2091,7.11148,,152.143,,59.5429
2092,7.11484,,152,,60.2
2093,7.1178,,152.286,,60.8286
2094,7.12077,,152.571,,61.4571
2095,7.12373,,152.857,,62.0857
2096,7.12669,,153.143,,62.7143
2097,7.12965,,153.429,,63.3429
2098,7.13262,,153.714,,63.9714
2099,7.13558,,154,,64.6
2100,7.13872,,154.143,,64.8
2101,7.14186,,154.286,,65
2102,7.145,,154.429,,65.2
2103,7.14813,,154.571,,65.4
2104,7.15127,,154.714,,65.6
2105,7.15441,,154.857,,65.8
2106,7.15755,,155,,66
2107,7.16081,,155,,66.0571
2108,7.16406,,155,,66.1143
2109,7.16732,,155,,66.1714
2110,7.17058,,155,,66.2286
2111,7.17384,,155,,66.2857
2112,7.17709,,155,,66.3429
2113,7.18035,,155,,66.4
2114,7.18376,,155,,66.0667
2115,7.18717,,155,,65.7333
2116,7.19059,,155,,65.4
2117,7.194,,155,,65.0667
2118,7.19741,,155,,64.7333
2119,7.20082,,155,,64.4
2120,7.20445,,155,,63.5667
2121,7.20808,,155,,62.7333
2122,7.21171,,155,,61.9
2123,7.21535,,155,,61.0667
2124,7.21898,,155,,60.2333
2125,7.22261,,155,,59.4
2126,7.22619,,154.833,,58.8333
2127,7.22976,,154.667,,58.2667
2128,7.23334,,154.5,,57.7
2129,7.23692,,154.333,,57.1333
2130,7.24049,,154.167,,56.5667
2131,7.24407,,154,,56
2132,7.24751,,154,,55.5333
2133,7.25095,,154,,55.0667
2134,7.25439,,154,,54.6
2135,7.25784,,154,,54.1333
2136,7.26128,,154,,53.6667
2137,7.26472,,154,,53.2
2138,7.26814,,153.833,,52.7667
2139,7.27155,,153.667,,52.3333
2140,7.27497,,153.5,,51.9
2141,7.27839,,153.333,,51.4667
2142,7.2818,,153.167,,51.0333
2143,7.28522,,153,,50.6
2144,7.28862,,153,,50.2333
2145,7.29201,,153,,49.8667
2146,7.29541,,153,,49.5
2147,7.29881,,153,,49.1333
2148,7.3022,,153,,48.7667
2149,7.3056,,153,,48.4
2150,7.30887,,153.429,,48.2286
2151,7.31214,,153.857,,48.0571
2152,7.31541,,154.286,,47.8857
2153,7.31869,,154.714,,47.7143
2154,7.32196,,155.143,,47.5429
2155,7.32523,,155.571,,47.3714
2156,7.3285,,156,,47.2
2157,7.33192,,155.667,,47.2
2158,7.33533,,155.333,,47.2
2159,7.33874,,155,,47.2
2160,7.34216,,154.667,,47.2
2161,7.34558,,154.333,,47.2
2162,7.34899,,154,,47.2
2163,7.35216,,153.857,,47
2164,7.35532,,153.714,,46.8
2165,7.35849,,153.571,,46.6
2166,7.36165,,153.429,,46.4
2167,7.36482,,153.286,,46.2
2168,7.36798,,153.143,,46
2169,7.37115,,153,,45.8
2170,7.37435,,153.143,,45.6857
2171,7.37756,,153.286,,45.5714
2172,7.38076,,153.429,,45.4571
2173,7.38396,,153.571,,45.3429
2174,7.38716,,153.714,,45.2286
2175,7.39037,,153.857,,45.1143
2176,7.39357,,154,,45
2177,7.39696,,154,,45
2178,7.40034,,154,,45
2179,7.40373,,154,,45
2180,7.40712,,154,,45
2181,7.4105,,154,,45
2182,7.41389,,154,,45
2183,7.41716,,154,,45.2
2184,7.42043,,154,,45.4
2185,7.4237,,154,,45.6
2186,7.42696,,154,,45.8
2187,7.43023,,154,,46
2188,7.4335,,154,,46.2
2189,7.43677,,154,,46.4
2190,7.44011,,153.857,,46.2
2191,7.44344,,153.714,,46
2192,7.44678,,153.571,,45.8
2193,7.45011,,153.429,,45.6
2194,7.45345,,153.286,,45.4
2195,7.45678,,153.143,,45.2
2196,7.46012,,153,,45
2197,7.46347,,153,,45.0333
2198,7.46682,,153,,45.0667
2199,7.47017,,153,,45.1
2200,7.47353,,153,,45.1333
2201,7.47688,,153,,45.1667
2202,7.48023,,153,,45.2
2203,7.48365,,152.833,,45.2
2204,7.48708,,152.667,,45.2
2205,7.4905,,152.5,,45.2
2206,7.49393,,152.333,,45.2
2207,7.49735,,152.167,,45.2
2208,7.50078,,152,,45.2
2209,7.50416,,152,,45.1
2210,7.50754,,152,,45
2211,7.51092,,152,,44.9
2212,7.5143,,152,,44.8
2213,7.51768,,152,,44.7
2214,7.52106,,152,,44.6
2215,7.52429,,152,,44.2857
2216,7.52752,,152,,43.9714
2217,7.53075,,152,,43.6571
2218,7.53399,,152,,43.3429
2219,7.53722,,152,,43.0286
2220,7.54045,,152,,42.7143
2221,7.54368,,152,,42.4
2222,7.54702,,152,,42.2571
2223,7.55036,,152,,42.1143
2224,7.5537,,152,,41.9714
2225,7.55704,,152,,41.8286
2226,7.56038,,152,,41.6857
2227,7.56372,,152,,41.5429
2228,7.56706,,152,,41.4
2229,7.57035,,152,,41.2857
2230,7.57364,,152,,41.1714
2231,7.57693,,152,,41.0571
2232,7.58021,,152,,40.9429
2233,7.5835,,152,,40.8286
2234,7.58679,,152,,40.7143
2235,7.59008,,152,,40.6
2236,7.59343,,152.167,,40.6667
2237,7.59677,,152.333,,40.7333
2238,7.60012,,152.5,,40.8
2239,7.60347,,152.667,,40.8667
2240,7.60681,,152.833,,40.9333
2241,7.61016,,153,,41
2242,7.61322,,153.143,,41.6
2243,7.61628,,153.286,,42.2
2244,7.61934,,153.429,,42.8
2245,7.62241,,153.571,,43.4
2246,7.62547,,153.714,,44
2247,7.62853,,153.857,,44.6
2248,7.63159,,154,,45.2
2249,7.63442,,154.125,,45.325
2250,7.63724,,154.25,,45.45
2251,7.64007,,154.375,,45.575
2252,7.6429,,154.5,,45.7
2253,7.64572,,154.625,,45.825
2254,7.64855,,154.75,,45.95
2255,7.65137,,154.875,,46.075
2256,7.6542,,155,,46.2
2257,7.65739,,155.143,,46.0286
2258,7.66057,,155.286,,45.8571
2259,7.66376,,155.429,,45.6857
2260,7.66695,,155.571,,45.5143
2261,7.67014,,155.714,,45.3429
2262,7.67332,,155.857,,45.1714
2263,7.67651,,156,,45
2264,7.67988,,156.167,,44.8667
2265,7.68325,,156.333,,44.7333
2266,7.68661,,156.5,,44.6
2267,7.68998,,156.667,,44.4667
2268,7.69335,,156.833,,44.3333
2269,7.69672,,157,,44.2
2270,7.70002,,156.857,,44.2286
2271,7.70332,,156.714,,44.2571
2272,7.70662,,156.571,,44.2857
2273,7.70993,,156.429,,44.3143
2274,7.71323,,156.286,,44.3429
2275,7.71653,,156.143,,44.3714
2276,7.71983,,156,,44.4
2277,7.72318,,155.857,,44.4857
2278,7.72654,,155.714,,44.5714
2279,7.72989,,155.571,,44.6571
2280,7.73325,,155.429,,44.7429
2281,7.7366,,155.286,,44.8286
2282,7.73996,,155.143,,44.9143
2283,7.74331,,155,,45
2284,7.74679,,155,,45.1
2285,7.75026,,155,,45.2
2286,7.75374,,155,,45.3
2287,7.75722,,155,,45.4
2288,7.76069,,155,,45.5
2289,7.76417,,155,,45.6
2290,7.7675,,155,,45.7667
2291,7.77084,,155,,45.9333
2292,7.77417,,155,,46.1
2293,7.77751,,155,,46.2667
2294,7.78085,,155,,46.4333
2295,7.78418,,155,,46.6
2296,7.78741,,155,,46.6
2297,7.79064,,155,,46.6
2298,7.79387,,155,,46.6
2299,7.79709,,155,,46.6
2300,7.80032,,155,,46.6
2301,7.80355,,155,,46.6
2302,7.80678,,155,,46.6
2303,7.80991,,154.857,,46.5714
2304,7.81304,,154.714,,46.5429
2305,7.81617,,154.571,,46.5143
2306,7.8193,,154.429,,46.4857
2307,7.82243,,154.286,,46.4571
2308,7.82556,,154.143,,46.4286
2309,7.82869,,154,,46.4
2310,7.83196,,153.857,,46.2286
2311,7.83524,,153.714,,46.0571
2312,7.83851,,153.571,,45.8857
2313,7.84178,,153.429,,45.7143
2314,7.84505,,153.286,,45.5429
2315,7.84833,,153.143,,45.3714
2316,7.8516,,153,,45.2
2317,7.85505,,153,,45.0667
2318,7.85851,,153,,44.9333
2319,7.86196,,153,,44.8
2320,7.86541,,153,,44.6667
2321,7.86887,,153,,44.5333
2322,7.87232,,153,,44.4
2323,7.87569,,153.167,,44.4
2324,7.87905,,153.333,,44.4
2325,7.88242,,153.5,,44.4
2326,7.88579,,153.667,,44.4
2327,7.88915,,153.833,,44.4
2328,7.89252,,154,,44.4
2329,7.89574,,154.143,,44.5143
2330,7.89897,,154.286,,44.6286
2331,7.90219,,154.429,,44.7429
2332,7.90542,,154.571,,44.8571
2333,7.90864,,154.714,,44.9714
2334,7.91187,,154.857,,45.0857
2335,7.91509,,155,,45.2
2336,7.91845,,155,,45.3667
2337,7.9218,,155,,45.5333
2338,7.92516,,155,,45.7
2339,7.92851,,155,,45.8667
2340,7.93187,,155,,46.0333
2341,7.93522,,155,,46.2
2342,7.93845,,155,,46.2571
2343,7.94168,,155,,46.3143
2344,7.94491,,155,,46.3714
2345,7.94813,,155,,46.4286
2346,7.95136,,155,,46.4857
2347,7.95459,,155,,46.5429
2348,7.95782,,155,,46.6
2349,7.96104,,155,,46.3143
2350,7.96425,,155,,46.0286
2351,7.96747,,155,,45.7429
2352,7.97069,,155,,45.4571
2353,7.97391,,155,,45.1714
2354,7.97712,,155,,44.8857
2355,7.98034,,155,,44.6
2356,7.98369,,154.833,,44.7333
2357,7.98704,,154.667,,44.8667
2358,7.99038,,154.5,,45
2359,7.99373,,154.333,,45.1333
2360,7.99708,,154.167,,45.2667
2361,8.00043,,154,,45.4
2362,8.0038,,154,,45.5
2363,8.00716,,154,,45.6
2364,8.01053,,154,,45.7
2365,8.0139,,154,,45.8
2366,8.01726,,154,,45.9
2367,8.02063,,154,,46
2368,8.02406,,154,,45.8333
2369,8.02749,,154,,45.6667
2370,8.03092,,154,,45.5
2371,8.03435,,154,,45.3333
2372,8.03778,,154,,45.1667
2373,8.04121,,154,,45
2374,8.04466,,154.167,,44.9
2375,8.04811,,154.333,,44.8
2376,8.05156,,154.5,,44.7
2377,8.05501,,154.667,,44.6
2378,8.05846,,154.833,,44.5
2379,8.06191,,155,,44.4
2380,8.06514,,155,,44.2
2381,8.06838,,155,,44
2382,8.07161,,155,,43.8
2383,8.07485,,155,,43.6
2384,8.07808,,155,,43.4
2385,8.08132,,155,,43.2
2386,8.08455,,155,,43
2387,8.08777,,154.857,,43
2388,8.09098,,154.714,,43
2389,8.0942,,154.571,,43
2390,8.09742,,154.429,,43
2391,8.10064,,154.286,,43
2392,8.10385,,154.143,,43
2393,8.10707,,154,,43
2394,8.11027,,154.143,,43.0571
2395,8.11347,,154.286,,43.1143
2396,8.11667,,154.429,,43.1714
2397,8.11986,,154.571,,43.2286
2398,8.12306,,154.714,,43.2857
2399,8.12626,,154.857,,43.3429
2400,8.12946,,155,,43.4
2401,8.13271,,155.143,,43.3429
2402,8.13596,,155.286,,43.2857
2403,8.13921,,155.429,,43.2286
2404,8.14246,,155.571,,43.1714
2405,8.14571,,155.714,,43.1143
2406,8.14896,,155.857,,43.0571
2407,8.15221,,156,,43
2408,8.15545,,156.143,,43.0857
2409,8.15869,,156.286,,43.1714
2410,8.16193,,156.429,,43.2571
2411,8.16517,,156.571,,43.3429
2412,8.16841,,156.714,,43.4286
2413,8.17165,,156.857,,43.5143
2414,8.17489,,157,,43.6
2415,8.17829,,157,,43.5667
2416,8.18168,,157,,43.5333
2417,8.18508,,157,,43.5
2418,8.18848,,157,,43.4667
2419,8.19187,,157,,43.4333
2420,8.19527,,157,,43.4
2421,8.19859,,157,,43.4
2422,8.2019,,157,,43.4
2423,8.20522,,157,,43.4
2424,8.20853,,157,,43.4
2425,8.21185,,157,,43.4
2426,8.21516,,157,,43.4
2427,8.21848,,157,,43.4
2428,8.22177,,156.857,,43.1143
2429,8.22506,,156.714,,42.8286
2430,8.22835,,156.571,,42.5429
2431,8.23163,,156.429,,42.2571
2432,8.23492,,156.286,,41.9714
2433,8.23821,,156.143,,41.6857
2434,8.2415,,156,,41.4
2435,8.24459,,155.857,,41.4857
2436,8.24768,,155.714,,41.5714
2437,8.25077,,155.571,,41.6571
2438,8.25385,,155.429,,41.7429
2439,8.25694,,155.286,,41.8286
2440,8.26003,,155.143,,41.9143
2441,8.26312,,155,,42
2442,8.2663,,155.143,,42.0571
2443,8.26947,,155.286,,42.1143
2444,8.27265,,155.429,,42.1714
2445,8.27583,,155.571,,42.2286
2446,8.27901,,155.714,,42.2857
2447,8.28218,,155.857,,42.3429
2448,8.28536,,156,,42.4
2449,8.28868,,155.857,,42.5143
2450,8.292,,155.714,,42.6286
2451,8.29532,,155.571,,42.7429
2452,8.29864,,155.429,,42.8571
2453,8.30196,,155.286,,42.9714
2454,8.30528,,155.143,,43.0857
2455,8.3086,,155,,43.2
2456,8.31189,,155,,43.2286
2457,8.31518,,155,,43.2571
2458,8.31847,,155,,43.2857
2459,8.32175,,155,,43.3143
2460,8.32504,,155,,43.3429
2461,8.32833,,155,,43.3714
2462,8.33162,,155,,43.4
2463,8.33494,,155,,43.4
2464,8.33826,,155,,43.4
2465,8.34158,,155,,43.4
2466,8.34491,,155,,43.4
2467,8.34823,,155,,43.4
2468,8.35155,,155,,43.4
2469,8.35487,,155,,43.4
2470,8.35803,,154.857,,43.5429
2471,8.3612,,154.714,,43.6857
2472,8.36436,,154.571,,43.8286
2473,8.36752,,154.429,,43.9714
2474,8.37068,,154.286,,44.1143
2475,8.37385,,154.143,,44.2571
2476,8.37701,,154,,44.4
2477,8.38019,,153.857,,44.5143
2478,8.38336,,153.714,,44.6286
2479,8.38654,,153.571,,44.7429
2480,8.38972,,153.429,,44.8571
2481,8.3929,,153.286,,44.9714
2482,8.39607,,153.143,,45.0857
2483,8.39925,,153,,45.2
2484,8.40246,,153.143,,45.1143
2485,8.40567,,153.286,,45.0286
2486,8.40888,,153.429,,44.9429
2487,8.4121,,153.571,,44.8571
2488,8.41531,,153.714,,44.7714
2489,8.41852,,153.857,,44.6857
2490,8.42173,,154,,44.6
2491,8.42511,,154,,44.5
2492,8.42848,,154,,44.4
2493,8.43185,,154,,44.3
2494,8.43523,,154,,44.2
2495,8.4386,,154,,44.1
2496,8.44198,,154,,44
2497,8.44517,,154.143,,44.1429
2498,8.44837,,154.286,,44.2857
2499,8.45156,,154.429,,44.4286
2500,8.45475,,154.571,,44.5714
2501,8.45794,,154.714,,44.7143
2502,8.46114,,154.857,,44.8571
2503,8.46433,,155,,45
2504,8.46759,,155,,44.9714
2505,8.47086,,155,,44.9429
2506,8.47412,,155,,44.9143
2507,8.47739,,155,,44.8857
2508,8.48065,,155,,44.8571
2509,8.48392,,155,,44.8286
2510,8.48718,,155,,44.8
2511,8.49058,,155.167,,44.8333
2512,8.49398,,155.333,,44.8667
2513,8.49739,,155.5,,44.9
2514,8.50079,,155.667,,44.9333
2515,8.50419,,155.833,,44.9667
2516,8.50759,,156,,45
2517,8.51107,,156.167,,45
2518,8.51454,,156.333,,45
2519,8.51802,,156.5,,45
2520,8.52149,,156.667,,45
2521,8.52496,,156.833,,45
2522,8.52844,,157,,45
2523,8.53196,,157,,45.1333
2524,8.53548,,157,,45.2667
2525,8.53899,,157,,45.4
2526,8.54251,,157,,45.5333
2527,8.54603,,157,,45.6667
2528,8.54955,,157,,45.8
2529,8.55281,,157,,45.9429
2530,8.55606,,157,,46.0857
2531,8.55932,,157,,46.2286
2532,8.56258,,157,,46.3714
2533,8.56584,,157,,46.5143
2534,8.56909,,157,,46.6571
2535,8.57235,,157,,46.8
2536,8.57597,,157.333,,46.9333
2537,8.5796,,157.667,,47.0667
2538,8.58322,,158,,47.2
2539,8.58685,,158.333,,47.3333
2540,8.59047,,158.667,,47.4667
2541,8.5941,,159,,47.6
2542,8.59773,,159.333,,47.5
2543,8.60137,,159.667,,47.4
2544,8.605,,160,,47.3
2545,8.60863,,160.333,,47.2
2546,8.61227,,160.667,,47.1
2547,8.6159,,161,,47
2548,8.61966,,161.167,,46.9
2549,8.62342,,161.333,,46.8
2550,8.62718,,161.5,,46.7
2551,8.63094,,161.667,,46.6
2552,8.6347,,161.833,,46.5
2553,8.63846,,162,,46.4
2554,8.64232,,162,,46.1667
2555,8.64619,,162,,45.9333
2556,8.65005,,162,,45.7
2557,8.65391,,162,,45.4667
2558,8.65778,,162,,45.2333
2559,8.66164,,162,,45
2560,8.66519,,162.167,,44.7667
2561,8.66874,,162.333,,44.5333
2562,8.67229,,162.5,,44.3
2563,8.67583,,162.667,,44.0667
2564,8.67938,,162.833,,43.8333
2565,8.68293,,163,,43.6
2566,8.68618,,163.143,,43.1429
2567,8.68944,,163.286,,42.6857
2568,8.69269,,163.429,,42.2286
2569,8.69594,,163.571,,41.7714
2570,8.69919,,163.714,,41.3143
2571,8.70245,,163.857,,40.8571
2572,8.7057,,164,,40.4
2573,8.7086,,164.333,,40.2667
2574,8.71149,,164.667,,40.1333
2575,8.71439,,165,,40
2576,8.71711,,164.75,,40.15
2577,8.71983,,164.5,,40.3
2578,8.72254,,164.25,,40.45
2579,8.72526,,164,,40.6
2580,8.72827,,163.857,,41.2286
2581,8.73128,,163.714,,41.8571
2582,8.73429,,163.571,,42.4857
2583,8.73729,,163.429,,43.1143
2584,8.7403,,163.286,,43.7429
2585,8.74331,,163.143,,44.3714
2586,8.74632,,163,,45
2587,8.74966,,163,,45.3
2588,8.75299,,163,,45.6
2589,8.75633,,163,,45.9
2590,8.75967,,163,,46.2
2591,8.763,,163,,46.5
2592,8.76634,,163,,46.8
2593,8.76996,,162.667,,47.0333
2594,8.77359,,162.333,,47.2667
2595,8.77721,,162,,47.5
2596,8.78083,,161.667,,47.7333
2597,8.78446,,161.333,,47.9667
2598,8.78808,,161,,48.2
2599,8.79157,,160.833,,48.4
2600,8.79506,,160.667,,48.6
2601,8.79855,,160.5,,48.8
2602,8.80204,,160.333,,49
2603,8.80553,,160.167,,49.2
2604,8.80902,,160,,49.4
2605,8.81254,,159.833,,49.2667
2606,8.81605,,159.667,,49.1333
2607,8.81957,,159.5,,49
2608,8.82308,,159.333,,48.8667
2609,8.82659,,159.167,,48.7333
2610,8.83011,,159,,48.6
2611,8.83342,,159,,48.6286
2612,8.83674,,159,,48.6571
2613,8.84005,,159,,48.6857
2614,8.84337,,159,,48.7143
2615,8.84668,,159,,48.7429
2616,8.85,,159,,48.7714
2617,8.85331,,159,,48.8
2618,8.85655,,158.857,,48.9714
2619,8.8598,,158.714,,49.1429
2620,8.86304,,158.571,,49.3143
2621,8.86628,,158.429,,49.4857
2622,8.86952,,158.286,,49.6571
2623,8.87277,,158.143,,49.8286
2624,8.87601,,158,,50
2625,8.87919,,158,,50.0857
2626,8.88238,,158,,50.1714
2627,8.88556,,158,,50.2571
2628,8.88875,,158,,50.3429
2629,8.89193,,158,,50.4286
2630,8.89512,,158,,50.5143
2631,8.8983,,158,,50.6
2632,8.90152,,158,,50.8571
2633,8.90474,,158,,51.1143
2634,8.90796,,158,,51.3714
2635,8.91117,,158,,51.6286
2636,8.91439,,158,,51.8857
2637,8.91761,,158,,52.1429
2638,8.92083,,158,,52.4
2639,8.92418,,157.833,,52.6333
2640,8.92753,,157.667,,52.8667
2641,8.93088,,157.5,,53.1
2642,8.93422,,157.333,,53.3333
2643,8.93757,,157.167,,53.5667
2644,8.94092,,157,,53.8
2645,8.94398,,157.143,,54.0286
2646,8.94704,,157.286,,54.2571
2647,8.9501,,157.429,,54.4857
2648,8.95315,,157.571,,54.7143
2649,8.95621,,157.714,,54.9429
2650,8.95927,,157.857,,55.1714
2651,8.96233,,158,,55.4
2652,8.96532,,158.143,,55.6
2653,8.9683,,158.286,,55.8
2654,8.97129,,158.429,,56
2655,8.97428,,158.571,,56.2
2656,8.97727,,158.714,,56.4
2657,8.98025,,158.857,,56.6
2658,8.98324,,159,,56.8
2659,8.98665,,159,,56.96
2660,8.99006,,159,,57.12
2661,8.99346,,159,,57.28
2662,8.99687,,159,,57.44
2663,9.00028,,159,,57.6
2664,9.00337,,158.8,,57.88
2665,9.00646,,158.6,,58.16
2666,9.00955,,158.4,,58.44
2667,9.01264,,158.2,,58.72
2668,9.01573,,158,,59
2669,9.01898,,157.857,,58.6857
2670,9.02223,,157.714,,58.3714
2671,9.02548,,157.571,,58.0571
2672,9.02874,,157.429,,57.7429
2673,9.03199,,157.286,,57.4286
2674,9.03524,,157.143,,57.1143
2675,9.03849,,157,,56.8
2676,9.04176,,156.857,,57.2
2677,9.04504,,156.714,,57.6
2678,9.04831,,156.571,,58
2679,9.05159,,156.429,,58.4
2680,9.05486,,156.286,,58.8
2681,9.05814,,156.143,,59.2
2682,9.06141,,156,,59.6
2683,9.06472,,156,,59.8571
2684,9.06802,,156,,60.1143
2685,9.07133,,156,,60.3714
2686,9.07464,,156,,60.6286
2687,9.07795,,156,,60.8857
2688,9.08125,,156,,61.1429
2689,9.08456,,156,,61.4
2690,9.08773,,156,,61.6
2691,9.0909,,156,,61.8
2692,9.09407,,156,,62
2693,9.09723,,156,,62.2
2694,9.1004,,156,,62.4
2695,9.10357,,156,,62.6
2696,9.10674,,156,,62.8
2697,9.10971,,156,,62.8
2698,9.11267,,156,,62.8
2699,9.11564,,156,,62.8
2700,9.11901,,156,,62.4667
2701,9.12237,,156,,62.1333
2702,9.12574,,156,,61.8
2703,9.12911,,156,,61.4667
2704,9.13247,,156,,61.1333
2705,9.13584,,156,,60.8
2706,9.13905,,155,,61
2707,9.14233,,155.143,,60.8571
2708,9.14562,,155.286,,60.7143
2709,9.1489,,155.429,,60.5714
2710,9.15218,,155.571,,60.4286
2711,9.15546,,155.714,,60.2857
2712,9.15875,,155.857,,60.1429
2713,9.16203,,156,,60
2714,9.16537,,155.857,,59.6286
2715,9.16872,,155.714,,59.2571
2716,9.17206,,155.571,,58.8857
2717,9.1754,,155.429,,58.5143
2718,9.17874,,155.286,,58.1429
2719,9.18209,,155.143,,57.7714
2720,9.18543,,155,,57.4
2721,9.18867,,154.857,,57.0857
2722,9.19192,,154.714,,56.7714
2723,9.19516,,154.571,,56.4571
2724,9.1984,,154.429,,56.1429
2725,9.20164,,154.286,,55.8286
2726,9.20489,,154.143,,55.5143
2727,9.20813,,154,,55.2
2728,9.21153,,154,,54.8
2729,9.21493,,154,,54.4
2730,9.21833,,154,,54
2731,9.22172,,154,,53.6
2732,9.22512,,154,,53.2
2733,9.22852,,154,,52.8
2734,9.23188,,154.167,,52.4667
2735,9.23524,,154.333,,52.1333
2736,9.2386,,154.5,,51.8
2737,9.24197,,154.667,,51.4667
2738,9.24533,,154.833,,51.1333
2739,9.24869,,155,,50.8
2740,9.25168,,155,,50.5143
2741,9.25468,,155,,50.2286
2742,9.25767,,155,,49.9429
2743,9.26066,,155,,49.6571
2744,9.26365,,155,,49.3714
2745,9.26665,,155,,49.0857
2746,9.26964,,155,,48.8
2747,9.27272,,155,,48.4857
2748,9.27581,,155,,48.1714
2749,9.27889,,155,,47.8571
2750,9.28198,,155,,47.5429
2751,9.28506,,155,,47.2286
2752,9.28815,,155,,46.9143
2753,9.29123,,155,,46.6
2754,9.29403,,155,,46.375
2755,9.29683,,155,,46.15
2756,9.29962,,155,,45.925
2757,9.30242,,155,,45.7
2758,9.30522,,155,,45.475
2759,9.30802,,155,,45.25
2760,9.31081,,155,,45.025
2761,9.31361,,155,,44.8
2762,9.31637,,155,,44.95
2763,9.31914,,155,,45.1
2764,9.3219,,155,,45.25
2765,9.32466,,155,,45.4
2766,9.32743,,155,,45.55
2767,9.33019,,155,,45.7
2768,9.33296,,155,,45.85
2769,9.33572,,155,,46
2770,9.3386,,154.857,,46.4
2771,9.34148,,154.714,,46.8
2772,9.34436,,154.571,,47.2
2773,9.34725,,154.429,,47.6
2774,9.35013,,154.286,,48
2775,9.35301,,154.143,,48.4
2776,9.35589,,154,,48.8
2777,9.35878,,154.143,,48.9429
2778,9.36167,,154.286,,49.0857
2779,9.36456,,154.429,,49.2286
2780,9.36745,,154.571,,49.3714
2781,9.37034,,154.714,,49.5143
2782,9.37323,,154.857,,49.6571
2783,9.37612,,155,,49.8
2784,9.37917,,154.857,,49.6286
2785,9.38223,,154.714,,49.4571
2786,9.38528,,154.571,,49.2857
2787,9.38834,,154.429,,49.1143
2788,9.39139,,154.286,,48.9429
2789,9.39445,,154.143,,48.7714
2790,9.3975,,154,,48.6
2791,9.4006,,153.714,,48.3714
2792,9.40371,,153.429,,48.1429
2793,9.40681,,153.143,,47.9143
2794,9.40992,,152.857,,47.6857
2795,9.41302,,152.571,,47.4571
2796,9.41613,,152.286,,47.2286
2797,9.41923,,152,,47
2798,9.42254,,151.857,,46.9429
2799,9.42585,,151.714,,46.8857
2800,9.42916,,151.571,,46.8286
2801,9.43246,,151.429,,46.7714
2802,9.43577,,151.286,,46.7143
2803,9.43908,,151.143,,46.6571
2804,9.44239,,151,,46.6
2805,9.44563,,150.857,,46.6
2806,9.44887,,150.714,,46.6
2807,9.45211,,150.571,,46.6
2808,9.45536,,150.429,,46.6
2809,9.4586,,150.286,,46.6
2810,9.46184,,150.143,,46.6
2811,9.46508,,150,,46.6
2812,9.46838,,150,,46.6571
2813,9.47168,,150,,46.7143
2814,9.47498,,150,,46.7714
2815,9.47828,,150,,46.8286
2816,9.48158,,150,,46.8857
2817,9.48488,,150,,46.9429
2818,9.48818,,150,,47
2819,9.49149,,149.857,,46.9429
2820,9.4948,,149.714,,46.8857
2821,9.49811,,149.571,,46.8286
2822,9.50141,,149.429,,46.7714
2823,9.50472,,149.286,,46.7143
2824,9.50803,,149.143,,46.6571
2825,9.51134,,149,,46.6
2826,9.51472,,149,,46.5333
2827,9.5181,,149,,46.4667
2828,9.52149,,149,,46.4
2829,9.52487,,149,,46.3333
2830,9.52825,,149,,46.2667
2831,9.53163,,149,,46.2
2832,9.53491,,149.143,,46.6
2833,9.53819,,149.286,,47
2834,9.54147,,149.429,,47.4
2835,9.54475,,149.571,,47.8
2836,9.54803,,149.714,,48.2
2837,9.55131,,149.857,,48.6
2838,9.55459,,150,,49
2839,9.55772,,150,,49.2
2840,9.56086,,150,,49.4
2841,9.56399,,150,,49.6
2842,9.56712,,150,,49.8
2843,9.57025,,150,,50
2844,9.57339,,150,,50.2
2845,9.57652,,150,,50.4
2846,9.57964,,150,,50.2
2847,9.58276,,150,,50
2848,9.58588,,150,,49.8
2849,9.589,,150,,49.6
2850,9.59212,,150,,49.4
2851,9.59524,,150,,49.2
2852,9.59836,,150,,49
2853,9.60161,,150.286,,49
2854,9.60486,,150.571,,49
2855,9.60811,,150.857,,49
2856,9.61135,,151.143,,49
2857,9.6146,,151.429,,49
2858,9.61785,,151.714,,49
2859,9.6211,,152,,49
2860,9.62435,,152.286,,49.1714
2861,9.62759,,152.571,,49.3429
2862,9.63084,,152.857,,49.5143
2863,9.63408,,153.143,,49.6857
2864,9.63733,,153.429,,49.8571
2865,9.64057,,153.714,,50.0286
2866,9.64382,,154,,50.2
2867,9.64699,,154,,50.2
2868,9.65015,,154,,50.2
2869,9.65332,,154,,50.2
2870,9.65655,,154,,50.2
2871,9.65978,,154,,50.2
2872,9.66301,,154,,50.2
2873,9.66625,,154,,50.2
2874,9.66948,,154,,50.2
2875,9.67271,,154,,50.2
2876,9.67594,,154,,50.2
2877,9.67922,,154,,50.3143
2878,9.68249,,154,,50.4286
2879,9.68577,,154,,50.5429
2880,9.68904,,154,,50.6571
2881,9.69232,,154,,50.7714
2882,9.69559,,154,,50.8857
2883,9.69887,,154,,51
2884,9.70215,,154.143,,51.1714
2885,9.70543,,154.286,,51.3429
2886,9.70871,,154.429,,51.5143
2887,9.71198,,154.571,,51.6857
2888,9.71526,,154.714,,51.8571
2889,9.71854,,154.857,,52.0286
2890,9.72182,,155,,52.2
2891,9.72487,,155.143,,51.9714
2892,9.72793,,155.286,,51.7429
2893,9.73098,,155.429,,51.5143
2894,9.73403,,155.571,,51.2857
2895,9.73708,,155.714,,51.0571
2896,9.74014,,155.857,,50.8286
2897,9.74319,,156,,50.6
2898,9.74606,,155.857,,50.3143
2899,9.74893,,155.714,,50.0286
2900,9.7518,,155.571,,49.7429
2901,9.75468,,155.429,,49.4571
2902,9.75755,,155.286,,49.1714
2903,9.76042,,155.143,,48.8857
2904,9.76329,,155,,48.6
2905,9.76625,,155.143,,48.1429
2906,9.76921,,155.286,,47.6857
2907,9.77217,,155.429,,47.2286
2908,9.77513,,155.571,,46.7714
2909,9.77809,,155.714,,46.3143
2910,9.78105,,155.857,,45.8571
2911,9.78401,,156,,45.4
2912,9.78745,,156.333,,45.3667
2913,9.79089,,156.667,,45.3333
2914,9.79433,,157,,45.3
2915,9.79776,,157.333,,45.2667
2916,9.8012,,157.667,,45.2333
2917,9.80464,,158,,45.2
2918,9.80792,,158,,45.0571
2919,9.81121,,158,,44.9143
2920,9.81449,,158,,44.7714
2921,9.81777,,158,,44.6286
2922,9.82105,,158,,44.4857
2923,9.82434,,158,,44.3429
2924,9.82762,,158,,44.2
2925,9.83099,,158,,44.2571
2926,9.83435,,158,,44.3143
2927,9.83772,,158,,44.3714
2928,9.84108,,158,,44.4286
2929,9.84445,,158,,44.4857
2930,9.84781,,158,,44.5429
2931,9.85118,,158,,44.6
2932,9.85474,,158,,44.8667
2933,9.8583,,158,,45.1333
2934,9.86186,,158,,45.4
2935,9.86543,,158,,45.6667
2936,9.86899,,158,,45.9333
2937,9.87255,,158,,46.2
2938,9.87584,,157.857,,46.4857
2939,9.87913,,157.714,,46.7714
2940,9.88242,,157.571,,47.0571
2941,9.88571,,157.429,,47.3429
2942,9.889,,157.286,,47.6286
2943,9.89229,,157.143,,47.9143
2944,9.89558,,157,,48.2
2945,9.89905,,156.833,,48.3667
2946,9.90251,,156.667,,48.5333
2947,9.90598,,156.5,,48.7
2948,9.90944,,156.333,,48.8667
2949,9.91291,,156.167,,49.0333
2950,9.91637,,156,,49.2
2951,9.91972,,156,,49.2
2952,9.92307,,156,,49.2
2953,9.92642,,156,,49.2
2954,9.92977,,156,,49.2
2955,9.93312,,156,,49.2
2956,9.93647,,156,,49.2
2957,9.93975,,156.143,,49.5714
2958,9.94303,,156.286,,49.9429
2959,9.94631,,156.429,,50.3143
2960,9.9496,,156.571,,50.6857
2961,9.95288,,156.714,,51.0571
2962,9.95616,,156.857,,51.4286
2963,9.95944,,157,,51.8
2964,9.96248,,156.857,,52.2
2965,9.96552,,156.714,,52.6
2966,9.96856,,156.571,,53
2967,9.97159,,156.429,,53.4
2968,9.97463,,156.286,,53.8
2969,9.97767,,156.143,,54.2
2970,9.98071,,156,,54.6
2971,9.98364,,156.143,,54.5143
2972,9.98656,,156.286,,54.4286
2973,9.98949,,156.429,,54.3429
2974,9.99241,,156.571,,54.2571
2975,9.99534,,156.714,,54.1714
2976,9.99826,,156.857,,54.0857
2977,10.0012,,157,,54
2978,10.0043,,157,,53.8286
2979,10.0074,,157,,53.6571
2980,10.0105,,157,,53.4857
2981,10.0136,,157,,53.3143
2982,10.0167,,157,,53.1429
2983,10.0199,,157,,52.9714
2984,10.023,,157,,52.8
2985,10.0263,,157,,52.5143
2986,10.0296,,157,,52.2286
2987,10.0329,,157,,51.9429
2988,10.0362,,157,,51.6571
2989,10.0395,,157,,51.3714
2990,10.0428,,157,,51.0857
2991,10.0461,,157,,50.8
2992,10.0495,,157,,50.8571
2993,10.0528,,157,,50.9143
2994,10.0561,,157,,50.9714
2995,10.0595,,157,,51.0286
2996,10.0628,,157,,51.0857
2997,10.0662,,157,,51.1429
2998,10.0695,,157,,51.2
2999,10.0728,,156.571,,51.4286
3000,10.0761,,156.143,,51.6571
3001,10.0794,,155.714,,51.8857
3002,10.0827,,155.286,,52.1143
3003,10.086,,154.857,,52.3429
3004,10.0893,,154.429,,52.5714
3005,10.0927,,154,,52.8
3006,10.096,,154.143,,52.7143
3007,10.0994,,154.286,,52.6286
3008,10.1028,,154.429,,52.5429
3009,10.1061,,154.571,,52.4571
3010,10.1095,,154.714,,52.3714
3011,10.1129,,154.857,,52.2857
3012,10.1162,,155,,52.2
3013,10.1195,,155.143,,52.2571
3014,10.1228,,155.286,,52.3143
3015,10.126,,155.429,,52.3714
3016,10.1293,,155.571,,52.4286
3017,10.1325,,155.714,,52.4857
3018,10.1358,,155.857,,52.5429
3019,10.139,,156,,52.6
3020,10.1421,,156,,52.7714
3021,10.1452,,156,,52.9429
3022,10.1483,,156,,53.1143
3023,10.1514,,156,,53.2857
3024,10.1545,,156,,53.4571
3025,10.1575,,156,,53.6286
3026,10.1606,,156,,53.8
3027,10.1639,,156,,53.9143
3028,10.1671,,156,,54.0286
3029,10.1703,,156,,54.1429
3030,10.1736,,156,,54.2571
3031,10.1768,,156,,54.3714
3032,10.1801,,156,,54.4857
3033,10.1833,,156,,54.6
3034,10.1865,,155.714,,54.6571
3035,10.1896,,155.429,,54.7143
3036,10.1928,,155.143,,54.7714
3037,10.1959,,154.857,,54.8286
3038,10.1991,,154.571,,54.8857
3039,10.2022,,154.286,,54.9429
3040,10.2053,,154,,55
3041,10.2085,,153.857,,55.0571
3042,10.2116,,153.714,,55.1143
3043,10.2147,,153.571,,55.1714
3044,10.2179,,153.429,,55.2286
3045,10.221,,153.286,,55.2857
3046,10.2241,,153.143,,55.3429
3047,10.2272,,153,,55.4
3048,10.2304,,153,,55.4571
3049,10.2335,,153,,55.5143
3050,10.2366,,153,,55.5714
3051,10.2397,,153,,55.6286
3052,10.2429,,153,,55.6857
3053,10.246,,153,,55.7429
3054,10.2491,,153,,55.8
3055,10.2523,,153,,56.0286
3056,10.2554,,153,,56.2571
3057,10.2586,,153,,56.4857
3058,10.2618,,153,,56.7143
3059,10.2649,,153,,56.9429
3060,10.2681,,153,,57.1714
3061,10.2713,,153,,57.4
3062,10.2745,,153,,57.5143
3063,10.2777,,153,,57.6286
3064,10.281,,153,,57.7429
3065,10.2842,,153,,57.8571
3066,10.2874,,153,,57.9714
3067,10.2907,,153,,58.0857
3068,10.2939,,153,,58.2
3069,10.2972,,153.167,,58.3
3070,10.3006,,153.333,,58.4
3071,10.304,,153.5,,58.5
3072,10.3073,,153.667,,58.6
3073,10.3107,,153.833,,58.7
3074,10.314,,154,,58.8
3075,10.3172,,154,,58.9429
3076,10.3204,,154,,59.0857
3077,10.3236,,154,,59.2286
3078,10.3268,,154,,59.3714
3079,10.33,,154,,59.5143
3080,10.3332,,154,,59.6571
3081,10.3364,,154,,59.8
3082,10.3396,,154.286,,59.8286
3083,10.3427,,154.571,,59.8571
3084,10.3459,,154.857,,59.8857
3085,10.3491,,155.143,,59.9143
3086,10.3522,,155.429,,59.9429
3087,10.3554,,155.714,,59.9714
3088,10.3585,,156,,60
3089,10.3619,,156,,59.9667
3090,10.3653,,156,,59.9333
3091,10.3687,,156,,59.9
3092,10.3721,,156,,59.8667
3093,10.3755,,156,,59.8333
3094,10.3788,,156,,59.8
3095,10.3825,,156,,59.7333
3096,10.3861,,156,,59.6667
3097,10.3897,,156,,59.6
3098,10.3934,,156,,59.5333
3099,10.397,,156,,59.4667
3100,10.4006,,156,,59.4
3101,10.4041,,156,,59.5
3102,10.4077,,156,,59.6
3103,10.4112,,156,,59.7
3104,10.4147,,156,,59.8
3105,10.4182,,156,,59.9
3106,10.4217,,156,,60
3107,10.4247,,155.857,,59.9714
3108,10.4277,,155.714,,59.9429
3109,10.4307,,155.571,,59.9143
3110,10.4337,,155.429,,59.8857
3111,10.4367,,155.286,,59.8571
3112,10.4397,,155.143,,59.8286
3113,10.4427,,155,,59.8
3114,10.4459,,154.857,,59.6857
3115,10.449,,154.714,,59.5714
3116,10.4521,,154.571,,59.4571
3117,10.4552,,154.429,,59.3429
3118,10.4583,,154.286,,59.2286
3119,10.4615,,154.143,,59.1143
3120,10.4646,,154,,59
3121,10.4678,,154,,59.1143
3122,10.471,,154,,59.2286
3123,10.4742,,154,,59.3429
3124,10.4774,,154,,59.4571
3125,10.4806,,154,,59.5714
3126,10.4838,,154,,59.6857
3127,10.487,,154,,59.8
3128,10.4901,,153.857,,60.0286
3129,10.4933,,153.714,,60.2571
3130,10.4964,,153.571,,60.4857
3131,10.4996,,153.429,,60.7143
3132,10.5027,,153.286,,60.9429
3133,10.5058,,153.143,,61.1714
3134,10.509,,153,,61.4
3135,10.5122,,153,,61.3143
3136,10.5154,,153,,61.2286
3137,10.5186,,153,,61.1429
3138,10.5218,,153,,61.0571
3139,10.525,,153,,60.9714
3140,10.5282,,153,,60.8857
3141,10.5314,,153,,60.8
3142,10.5345,,153,,60.8
3143,10.5377,,153,,60.8
3144,10.5408,,153,,60.8
3145,10.5439,,153,,60.8
3146,10.547,,153,,60.8
3147,10.5501,,153,,60.8
3148,10.5532,,153,,60.8
3149,10.5564,,153,,60.8
3150,10.5596,,153,,60.8
3151,10.5627,,153,,60.8
3152,10.5659,,153,,60.8
3153,10.5691,,153,,60.8
3154,10.5722,,153,,60.8
3155,10.5754,,153,,60.8
3156,10.5786,,152.857,,60.8
3157,10.5817,,152.714,,60.8
3158,10.5848,,152.571,,60.8
3159,10.588,,152.429,,60.8
3160,10.5911,,152.286,,60.8
3161,10.5942,,152.143,,60.8
3162,10.5974,,152,,60.8
3163,10.6003,,152.143,,60.7714
3164,10.6033,,152.286,,60.7429
3165,10.6063,,152.429,,60.7143
3166,10.6093,,152.571,,60.6857
3167,10.6123,,152.714,,60.6571
3168,10.6152,,152.857,,60.6286
3169,10.6182,,153,,60.6
3170,10.6212,,153.143,,60.3429
3171,10.6242,,153.286,,60.0857
3172,10.6272,,153.429,,59.8286
3173,10.6302,,153.571,,59.5714
3174,10.6332,,153.714,,59.3143
3175,10.6362,,153.857,,59.0571
3176,10.6392,,154,,58.8
3177,10.6422,,154.143,,58.3714
3178,10.6453,,154.286,,57.9429
3179,10.6483,,154.429,,57.5143
3180,10.6514,,154.571,,57.0857
3181,10.6544,,154.714,,56.6571
3182,10.6574,,154.857,,56.2286
3183,10.6605,,155,,55.8
3184,10.6635,,155.286,,55.3429
3185,10.6665,,155.571,,54.8857
3186,10.6695,,155.857,,54.4286
3187,10.6725,,156.143,,53.9714
3188,10.6756,,156.429,,53.5143
3189,10.6786,,156.714,,53.0571
3190,10.6816,,157,,52.6
3191,10.6851,,157,,52.2
3192,10.6887,,157,,51.8
3193,10.6922,,157,,51.4
3194,10.6958,,157,,51
3195,10.6993,,157,,50.6
3196,10.7028,,157,,50.2
3197,10.7062,,157.167,,50.1333
3198,10.7095,,157.333,,50.0667
3199,10.7129,,157.5,,50
3200,10.7162,,157.667,,49.9333
3201,10.7196,,157.833,,49.8667
3202,10.7229,,158,,49.8
3203,10.7261,,158,,49.8286
3204,10.7294,,158,,49.8571
3205,10.7326,,158,,49.8857
3206,10.7358,,158,,49.9143
3207,10.7391,,158,,49.9429
3208,10.7423,,158,,49.9714
3209,10.7455,,158,,50
3210,10.7486,,158,,49.8857
3211,10.7518,,158,,49.7714
3212,10.7549,,158,,49.6571
3213,10.758,,158,,49.5429
3214,10.7611,,158,,49.4286
3215,10.7643,,158,,49.3143
3216,10.7674,,158,,49.2
3217,10.7702,,158,,49.25
3218,10.773,,158,,49.3
3219,10.7758,,158,,49.35
3220,10.7786,,158,,49.4
3221,10.7813,,158,,49.45
3222,10.7841,,158,,49.5
3223,10.7869,,158,,49.55
3224,10.7897,,158,,49.6
3225,10.7924,,157.875,,49.6
3226,10.7951,,157.75,,49.6
3227,10.7978,,157.625,,49.6
3228,10.8005,,157.5,,49.6
3229,10.8033,,157.375,,49.6
3230,10.806,,157.25,,49.6
3231,10.8087,,157.125,,49.6
3232,10.8114,,157,,49.6
3233,10.8143,,157,,49.4571
3234,10.8173,,157,,49.3143
3235,10.8202,,157,,49.1714
3236,10.8231,,157,,49.0286
3237,10.8261,,157,,48.8857
3238,10.829,,157,,48.7429
3239,10.832,,157,,48.6
3240,10.8349,,157,,48.4571
3241,10.8379,,157,,48.3143
3242,10.8409,,157,,48.1714
3243,10.8438,,157,,48.0286
3244,10.8468,,157,,47.8857
3245,10.8497,,157,,47.7429
3246,10.8527,,157,,47.6
3247,10.8558,,156.857,,47.5714
3248,10.859,,156.714,,47.5429
3249,10.8621,,156.571,,47.5143
3250,10.8652,,156.429,,47.4857
3251,10.8683,,156.286,,47.4571
3252,10.8714,,156.143,,47.4286
3253,10.8746,,156,,47.4
3254,10.8778,,156,,47.3714
3255,10.8809,,156,,47.3429
3256,10.8841,,156,,47.3143
3257,10.8873,,156,,47.2857
3258,10.8905,,156,,47.2571
3259,10.8937,,156,,47.2286
3260,10.8969,,156,,47.2
3261,10.9002,,156,,47.3333
3262,10.9036,,156,,47.4667
3263,10.9069,,156,,47.6
3264,10.9103,,156,,47.7333
3265,10.9136,,156,,47.8667
3266,10.9169,,156,,48
3267,10.9202,,156,,48.1714
3268,10.9235,,156,,48.3429
3269,10.9268,,156,,48.5143
3270,10.9301,,156,,48.6857
3271,10.9334,,156,,48.8571
3272,10.9367,,156,,49.0286
3273,10.94,,156,,49.2
3274,10.9435,,156.167,,49.3667
3275,10.9469,,156.333,,49.5333
3276,10.9504,,156.5,,49.7
3277,10.9539,,156.667,,49.8667
3278,10.9574,,156.833,,50.0333
3279,10.9609,,157,,50.2
3280,10.9642,,157,,50.3667
3281,10.9676,,157,,50.5333
3282,10.9709,,157,,50.7
3283,10.9743,,157,,50.8667
3284,10.9776,,157,,51.0333
3285,10.981,,157,,51.2
3286,10.9842,,157,,51.3333
3287,10.9874,,157,,51.4667
3288,10.9907,,157,,51.6
3289,10.9939,,157,,51.7333
3290,10.9971,,157,,51.8667
3291,11.0003,,157,,52
3292,11.0035,,157,,52.0571
3293,11.0067,,157,,52.1143
3294,11.0099,,157,,52.1714
3295,11.0131,,157,,52.2286
3296,11.0163,,157,,52.2857
3297,11.0195,,157,,52.3429
3298,11.0227,,157,,52.4
3299,11.0259,,156.714,,52.4
3300,11.029,,156.429,,52.4
3301,11.0322,,156.143,,52.4
3302,11.0354,,155.857,,52.4
3303,11.0386,,155.571,,52.4
3304,11.0418,,155.286,,52.4
3305,11.045,,155,,52.4
3306,11.0482,,155.143,,52.5429
3307,11.0515,,155.286,,52.6857
3308,11.0548,,155.429,,52.8286
3309,11.058,,155.571,,52.9714
3310,11.0613,,155.714,,53.1143
3311,11.0646,,155.857,,53.2571
3312,11.0678,,156,,53.4
3313,11.0712,,155.833,,53.4
3314,11.0746,,155.667,,53.4
3315,11.0779,,155.5,,53.4
3316,11.0812,,155.333,,53.4
3317,11.0846,,155.167,,53.4
3318,11.0879,,155,,53.4
3319,11.0913,,155,,53.4286
3320,11.0946,,155,,53.4571
3321,11.0979,,155,,53.4857
3322,11.1012,,155,,53.5143
3323,11.1045,,155,,53.5429
3324,11.1078,,155,,53.5714
3325,11.1111,,155,,53.6
3326,11.1144,,155.143,,53.9714
3327,11.1177,,155.286,,54.3429
3328,11.121,,155.429,,54.7143
3329,11.1243,,155.571,,55.0857
3330,11.1276,,155.714,,55.4571
3331,11.1309,,155.857,,55.8286
3332,11.1342,,156,,56.2
3333,11.1375,,155.857,,56.2857
3334,11.1408,,155.714,,56.3714
3335,11.1441,,155.571,,56.4571
3336,11.1474,,155.429,,56.5429
3337,11.1507,,155.286,,56.6286
3338,11.154,,155.143,,56.7143
3339,11.1573,,155,,56.8
3340,11.1605,,155,,56.8
3341,11.1638,,155,,56.8
3342,11.167,,155,,56.8
3343,11.1702,,155,,56.8
3344,11.1734,,155,,56.8
3345,11.1767,,155,,56.8
3346,11.1799,,155,,56.8
3347,11.1829,,155,,56.68
3348,11.1858,,155,,56.56
3349,11.1888,,155,,56.44
3350,11.1918,,155,,56.32
3351,11.1947,,155,,56.2
3352,11.1978,,155.143,,56.2857
3353,11.2008,,155.286,,56.3714
3354,11.2039,,155.429,,56.4571
3355,11.207,,155.571,,56.5429
3356,11.21,,155.714,,56.6286
3357,11.2131,,155.857,,56.7143
3358,11.2162,,156,,56.8
3359,11.2193,,156.143,,56.9143
3360,11.2224,,156.286,,57.0286
3361,11.2255,,156.429,,57.1429
3362,11.2286,,156.571,,57.2571
3363,11.2317,,156.714,,57.3714
3364,11.2349,,156.857,,57.4857
3365,11.238,,157,,57.6
3366,11.2412,,157,,57.8571
3367,11.2445,,157,,58.1143
3368,11.2477,,157,,58.3714
3369,11.251,,157,,58.6286
3370,11.2542,,157,,58.8857
3371,11.2575,,157,,59.1429
3372,11.2607,,157,,59.4
3373,11.2642,,157.167,,59.6
3374,11.2677,,157.333,,59.8
3375,11.2711,,157.5,,60
3376,11.2746,,157.667,,60.2
3377,11.2781,,157.833,,60.4
3378,11.2816,,158,,60.6
3379,11.2847,,158.143,,60.8286
3380,11.2878,,158.286,,61.0571
3381,11.2909,,158.429,,61.2857
3382,11.294,,158.571,,61.5143
3383,11.2971,,158.714,,61.7429
3384,11.3002,,158.857,,61.9714
3385,11.3033,,159,,62.2
3386,11.3064,,159.143,,62.1429
3387,11.3095,,159.286,,62.0857
3388,11.3125,,159.429,,62.0286
3389,11.3156,,159.571,,61.9714
3390,11.3187,,159.714,,61.9143
3391,11.3218,,159.857,,61.8571
3392,11.3249,,160,,61.8
3393,11.328,,160,,62.1333
3394,11.331,,160,,62.4667
3395,11.3341,,160,,62.8
3396,11.3371,,160,,63.1333
3397,11.3402,,160,,63.4667
3398,11.3433,,160,,63.8
3399,11.3462,,160.2,,63.84
3400,11.3492,,160.4,,63.88
3401,11.3522,,160.6,,63.92
3402,11.3552,,160.8,,63.96
3403,11.3582,,161,,64
3404,11.3612,,161.143,,63.8571
3405,11.3643,,161.286,,63.7143
3406,11.3674,,161.429,,63.5714
3407,11.3704,,161.571,,63.4286
3408,11.3735,,161.714,,63.2857
3409,11.3766,,161.857,,63.1429
3410,11.3797,,162,,63
3411,11.3826,,161.857,,62.9429
3412,11.3855,,161.714,,62.8857
3413,11.3884,,161.571,,62.8286
3414,11.3914,,161.429,,62.7714
3415,11.3943,,161.286,,62.7143
3416,11.3972,,161.143,,62.6571
3417,11.4002,,161,,62.6
3418,11.4034,,161,,62.4857
3419,11.4067,,161,,62.3714
3420,11.41,,161,,62.2571
3421,11.4133,,161,,62.1429
3422,11.4166,,161,,62.0286
3423,11.4199,,161,,61.9143
3424,11.4232,,161,,61.8
3425,11.4263,,161.143,,61.9143
3426,11.4295,,161.286,,62.0286
3427,11.4326,,161.429,,62.1429
3428,11.4357,,161.571,,62.2571
3429,11.4388,,161.714,,62.3714
3430,11.4419,,161.857,,62.4857
3431,11.4451,,162,,62.6
3432,11.4484,,161.857,,62.5714
3433,11.4517,,161.714,,62.5429
3434,11.455,,161.571,,62.5143
3435,11.4583,,161.429,,62.4857
3436,11.4616,,161.286,,62.4571
3437,11.4649,,161.143,,62.4286
3438,11.4682,,161,,62.4
3439,11.4713,,161,,62.4571
3440,11.4745,,161,,62.5143
3441,11.4777,,161,,62.5714
3442,11.4808,,161,,62.6286
3443,11.484,,161,,62.6857
3444,11.4871,,161,,62.7429
3445,11.4903,,161,,62.8
3446,11.4935,,160.857,,62.8286
3447,11.4968,,160.714,,62.8571
3448,11.5,,160.571,,62.8857
3449,11.5032,,160.429,,62.9143
3450,11.5065,,160.286,,62.9429
3451,11.5097,,160.143,,62.9714
3452,11.513,,160,,63
3453,11.5162,,160,,63.0571
3454,11.5193,,160,,63.1143
3455,11.5225,,160,,63.1714
3456,11.5257,,160,,63.2286
3457,11.5289,,160,,63.2857
3458,11.532,,160,,63.3429
3459,11.5352,,160,,63.4
3460,11.5386,,159.4,,63.16
3461,11.5419,,158.8,,62.92
3462,11.5452,,158.2,,62.68
3463,11.5486,,157.6,,62.44
3464,11.5519,,157,,62.2
3465,11.5553,,156.833,,62.0333
3466,11.5586,,156.667,,61.8667
3467,11.562,,156.5,,61.7
3468,11.5653,,156.333,,61.5333
3469,11.5687,,156.167,,61.3667
3470,11.5721,,156,,61.2
3471,11.5752,,155.857,,61.2571
3472,11.5784,,155.714,,61.3143
3473,11.5815,,155.571,,61.3714
3474,11.5847,,155.429,,61.4286
3475,11.5879,,155.286,,61.4857
3476,11.591,,155.143,,61.5429
3477,11.5942,,155,,61.6
3478,11.5974,,155,,61.6
3479,11.6006,,155,,61.6
3480,11.6037,,155,,61.6
3481,11.6069,,155,,61.6
3482,11.6101,,155,,61.6
3483,11.6133,,155,,61.6
3484,11.6164,,155,,61.6
3485,11.6196,,155.286,,61.8571
3486,11.6228,,155.571,,62.1143
3487,11.626,,155.857,,62.3714
3488,11.6292,,156.143,,62.6286
3489,11.6323,,156.429,,62.8857
3490,11.6355,,156.714,,63.1429
3491,11.6387,,157,,63.4
3492,11.6419,,157.143,,63.5429
3493,11.6451,,157.286,,63.6857
3494,11.6483,,157.429,,63.8286
3495,11.6516,,157.571,,63.9714
3496,11.6548,,157.714,,64.1143
3497,11.658,,157.857,,64.2571
3498,11.6612,,158,,64.4
3499,11.6642,,157.857,,64.4286
3500,11.6673,,157.714,,64.4571
3501,11.6704,,157.571,,64.4857
3502,11.6735,,157.429,,64.5143
3503,11.6765,,157.286,,64.5429
3504,11.6796,,157.143,,64.5714
3505,11.6827,,157,,64.6
3506,11.6858,,157,,64.4857
3507,11.689,,157,,64.3714
3508,11.6921,,157,,64.2571
3509,11.6953,,157,,64.1429
3510,11.6984,,157,,64.0286
3511,11.7016,,157,,63.9143
3512,11.7048,,157,,63.8
3513,11.708,,157,,63.8857
3514,11.7113,,157,,63.9714
3515,11.7146,,157,,64.0571
3516,11.7178,,157,,64.1429
3517,11.7211,,157,,64.2286
3518,11.7244,,157,,64.3143
3519,11.7276,,157,,64.4
3520,11.7309,,157.143,,64.4857
3521,11.7342,,157.286,,64.5714
3522,11.7375,,157.429,,64.6571
3523,11.7407,,157.571,,64.7429
3524,11.744,,157.714,,64.8286
3525,11.7473,,157.857,,64.9143
3526,11.7506,,158,,65
3527,11.7539,,158.167,,65.2333
3528,11.7573,,158.333,,65.4667
3529,11.7606,,158.5,,65.7
3530,11.764,,158.667,,65.9333
3531,11.7674,,158.833,,66.1667
3532,11.7707,,159,,66.4
3533,11.7739,,159,,66.5143
3534,11.777,,159,,66.6286
3535,11.7802,,159,,66.7429
3536,11.7834,,159,,66.8571
3537,11.7865,,159,,66.9714
3538,11.7897,,159,,67.0857
3539,11.7928,,159,,67.2
3540,11.7958,,159,,67.2286
3541,11.7988,,159,,67.2571
3542,11.8018,,159,,67.2857
3543,11.8048,,159,,67.3143
3544,11.8078,,159,,67.3429
3545,11.8108,,159,,67.3714
3546,11.8138,,159,,67.4
3547,11.8169,,159,,67.5429
3548,11.8201,,159,,67.6857
3549,11.8232,,159,,67.8286
3550,11.8263,,159,,67.9714
3551,11.8294,,159,,68.1143
3552,11.8325,,159,,68.2571
3553,11.8357,,159,,68.4
3554,11.8386,,158.857,,68.4286
3555,11.8416,,158.714,,68.4571
3556,11.8446,,158.571,,68.4857
3557,11.8475,,158.429,,68.5143
3558,11.8505,,158.286,,68.5429
3559,11.8535,,158.143,,68.5714
3560,11.8564,,158,,68.6
3561,11.8598,,157.833,,68.9
3562,11.8632,,157.667,,69.2
3563,11.8666,,157.5,,69.5
3564,11.87,,157.333,,69.8
3565,11.8734,,157.167,,70.1
3566,11.8767,,157,,70.4
3567,11.88,,157,,70.5429
3568,11.8833,,157,,70.6857
3569,11.8866,,157,,70.8286
3570,11.8899,,157,,70.9714
3571,11.8932,,157,,71.1143
3572,11.8965,,157,,71.2571
3573,11.8998,,157,,71.4
3574,11.9032,,157,,71.2333
3575,11.9066,,157,,71.0667
3576,11.91,,157,,70.9
3577,11.9135,,157,,70.7333
3578,11.9169,,157,,70.5667
3579,11.9203,,157,,70.4
3580,11.9236,,157.143,,69.9714
3581,11.9269,,157.286,,69.5429
3582,11.9301,,157.429,,69.1143
3583,11.9334,,157.571,,68.6857
3584,11.9367,,157.714,,68.2571
3585,11.94,,157.857,,67.8286
3586,11.9433,,158,,67.4
3587,11.9465,,158,,67.1714
3588,11.9497,,158,,66.9429
3589,11.953,,158,,66.7143
3590,11.9562,,158,,66.4857
3591,11.9594,,158,,66.2571
3592,11.9627,,158,,66.0286
3593,11.9659,,158,,65.8
3594,11.9692,,158,,65.7429
3595,11.9724,,158,,65.6857
3596,11.9757,,158,,65.6286
3597,11.979,,158,,65.5714
3598,11.9822,,158,,65.5143
3599,11.9855,,158,,65.4571
3600,11.9887,,158,,65.4
3601,11.992,,157.75,,65.4
3602,11.9953,,157.5,,65.4
3603,11.9985,,157.25,,65.4
3604,12.0018,,157,,65.4
3605,12.005,,157,,65.4857
3606,12.0082,,157,,65.5714
3607,12.0114,,157,,65.6571
3608,12.0146,,157,,65.7429
3609,12.0178,,157,,65.8286
3610,12.0211,,157,,65.9143
3611,12.0243,,157,,66
3612,12.0273,,157.143,,66.1429
3613,12.0303,,157.286,,66.2857
3614,12.0334,,157.429,,66.4286
3615,12.0364,,157.571,,66.5714
3616,12.0394,,157.714,,66.7143
3617,12.0424,,157.857,,66.8571
3618,12.0455,,158,,67
3619,12.0487,,158.143,,67.1143
3620,12.052,,158.286,,67.2286
3621,12.0553,,158.429,,67.3429
3622,12.0586,,158.571,,67.4571
3623,12.0618,,158.714,,67.5714
3624,12.0651,,158.857,,67.6857
3625,12.0684,,159,,67.8
3626,12.0715,,159,,68
3627,12.0745,,159,,68.2
3628,12.0776,,159,,68.4
3629,12.0807,,159,,68.6
3630,12.0838,,159,,68.8
3631,12.0869,,159,,69
3632,12.09,,159,,69.2
3633,12.0932,,159,,69.0857
3634,12.0965,,159,,68.9714
3635,12.0997,,159,,68.8571
3636,12.1029,,159,,68.7429
3637,12.1062,,159,,68.6286
3638,12.1094,,159,,68.5143
3639,12.1126,,159,,68.4
3640,12.1156,,158.714,,68.4857
3641,12.1186,,158.429,,68.5714
3642,12.1216,,158.143,,68.6571
3643,12.1246,,157.857,,68.7429
3644,12.1276,,157.571,,68.8286
3645,12.1307,,157.286,,68.9143
3646,12.1337,,157,,69
3647,12.1368,,157.143,,69
3648,12.14,,157.286,,69
3649,12.1431,,157.429,,69
3650,12.1463,,157.571,,69
3651,12.1494,,157.714,,69
3652,12.1526,,157.857,,69
3653,12.1557,,158,,69
3654,12.1589,,158,,69.0286
3655,12.162,,158,,69.0571
3656,12.1652,,158,,69.0857
3657,12.1684,,158,,69.1143
3658,12.1716,,158,,69.1429
3659,12.1747,,158,,69.1714
3660,12.1779,,158,,69.2
3661,12.1809,,157.857,,69.1429
3662,12.1839,,157.714,,69.0857
3663,12.1869,,157.571,,69.0286
3664,12.1899,,157.429,,68.9714
3665,12.1929,,157.286,,68.9143
3666,12.1959,,157.143,,68.8571
3667,12.1989,,157,,68.8
3668,12.202,,157,,68.6286
3669,12.2052,,157,,68.4571
3670,12.2083,,157,,68.2857
3671,12.2114,,157,,68.1143
3672,12.2146,,157,,67.9429
3673,12.2177,,157,,67.7714
3674,12.2209,,157,,67.6
3675,12.2241,,157,,67.6857
3676,12.2273,,157,,67.7714
3677,12.2304,,157,,67.8571
3678,12.2336,,157,,67.9429
3679,12.2368,,157,,68.0286
3680,12.24,,157,,68.1143
3681,12.2432,,157,,68.2
3682,12.2465,,157,,68.4
3683,12.2499,,157,,68.6
3684,12.2532,,157,,68.8
3685,12.2565,,157,,69
3686,12.2599,,157,,69.2
3687,12.2632,,157,,69.4
3688,12.2665,,157,,69.6
3689,12.2697,,157.143,,69.8286
3690,12.273,,157.286,,70.0571
3691,12.2762,,157.429,,70.2857
3692,12.2794,,157.571,,70.5143
3693,12.2826,,157.714,,70.7429
3694,12.2858,,157.857,,70.9714
3695,12.2891,,158,,71.2
3696,12.2924,,157.714,,71.0857
3697,12.2958,,157.429,,70.9714
3698,12.2991,,157.143,,70.8571
3699,12.3025,,156.857,,70.7429
3700,12.3058,,156.571,,70.6286
3701,12.3092,,156.286,,70.5143
3702,12.3125,,156,,70.4
3703,12.3159,,156,,70.2667
3704,12.3193,,156,,70.1333
3705,12.3226,,156,,70
3706,12.3259,,156,,69.8667
3707,12.3293,,156,,69.7333
3708,12.3326,,156,,69.6
3709,12.3357,,156,,69.5143
3710,12.3387,,156,,69.4286
3711,12.3417,,156,,69.3429
3712,12.3447,,156,,69.2571
3713,12.3477,,156,,69.1714
3714,12.3507,,156,,69.0857
3715,12.3537,,156,,69
3716,12.3564,,156,,68.975
3717,12.3591,,156,,68.95
3718,12.3618,,156,,68.925
3719,12.3644,,156,,68.9
3720,12.3671,,156,,68.875
3721,12.3698,,156,,68.85
3722,12.3725,,156,,68.825
3723,12.3752,,156,,68.8
3724,12.3782,,155.714,,68.5429
3725,12.3813,,155.429,,68.2857
3726,12.3844,,155.143,,68.0286
3727,12.3875,,154.857,,67.7714
3728,12.3906,,154.571,,67.5143
3729,12.3937,,154.286,,67.2571
3730,12.3967,,154,,67
3731,12.3997,,154,,66.6571
3732,12.4026,,154,,66.3143
3733,12.4055,,154,,65.9714
3734,12.4085,,154,,65.6286
3735,12.4114,,154,,65.2857
3736,12.4143,,154,,64.9429
3737,12.4172,,154,,64.6
3738,12.4202,,154.143,,64.4286
3739,12.4231,,154.286,,64.2571
3740,12.426,,154.429,,64.0857
3741,12.4289,,154.571,,63.9143
3742,12.4318,,154.714,,63.7429
3743,12.4348,,154.857,,63.5714
3744,12.4377,,155,,63.4
3745,12.4408,,155.143,,63.4286
3746,12.4439,,155.286,,63.4571
3747,12.447,,155.429,,63.4857
3748,12.4502,,155.571,,63.5143
3749,12.4533,,155.714,,63.5429
3750,12.4564,,155.857,,63.5714
3751,12.4596,,156,,63.6
3752,12.4629,,155.833,,64.1667
3753,12.4663,,155.667,,64.7333
3754,12.4696,,155.5,,65.3
3755,12.473,,155.333,,65.8667
3756,12.4764,,155.167,,66.4333
3757,12.4797,,155,,67
3758,12.4829,,155.143,,67.1143
3759,12.4861,,155.286,,67.2286
3760,12.4892,,155.429,,67.3429
3761,12.4924,,155.571,,67.4571
3762,12.4955,,155.714,,67.5714
3763,12.4987,,155.857,,67.6857
3764,12.5019,,156,,67.8
3765,12.5053,,155.833,,68
3766,12.5087,,155.667,,68.2
3767,12.5121,,155.5,,68.4
3768,12.5155,,155.333,,68.6
3769,12.5189,,155.167,,68.8
3770,12.5223,,155,,69
3771,12.5253,,155,,69.3429
3772,12.5284,,155,,69.6857
3773,12.5314,,155,,70.0286
3774,12.5345,,155,,70.3714
3775,12.5375,,155,,70.7143
3776,12.5406,,155,,71.0571
3777,12.5436,,155,,71.4
3778,12.5466,,154.857,,72.0571
3779,12.5497,,154.714,,72.7143
3780,12.5527,,154.571,,73.3714
3781,12.5558,,154.429,,74.0286
3782,12.5588,,154.286,,74.6857
3783,12.5619,,154.143,,75.3429
3784,12.5649,,154,,76
3785,12.5683,,153.833,,76.4
3786,12.5716,,153.667,,76.8
3787,12.5749,,153.5,,77.2
3788,12.5783,,153.333,,77.6
3789,12.5816,,153.167,,78
3790,12.585,,153,,78.4
3791,12.5881,,153,,78.4286
3792,12.5912,,153,,78.4571
3793,12.5943,,153,,78.4857
3794,12.5973,,153,,78.5143
3795,12.6004,,153,,78.5429
3796,12.6035,,153,,78.5714
3797,12.6066,,153,,78.6
3798,12.6096,,152.857,,78.9143
3799,12.6127,,152.714,,79.2286
3800,12.6157,,152.571,,79.5429
3801,12.6188,,152.429,,79.8571
3802,12.6218,,152.286,,80.1714
3803,12.6248,,152.143,,80.4857
3804,12.6279,,152,,80.8
3805,12.631,,152,,80.9143
3806,12.6341,,152,,81.0286
3807,12.6373,,152,,81.1429
3808,12.6404,,152,,81.2571
3809,12.6435,,152,,81.3714
3810,12.6467,,152,,81.4857
3811,12.6498,,152,,81.6
3812,12.6531,,151.857,,81.4857
3813,12.6563,,151.714,,81.3714
3814,12.6596,,151.571,,81.2571
3815,12.6628,,151.429,,81.1429
3816,12.6661,,151.286,,81.0286
3817,12.6693,,151.143,,80.9143
3818,12.6726,,151,,80.8
3819,12.6757,,151.143,,81
3820,12.6789,,151.286,,81.2
3821,12.6821,,151.429,,81.4
3822,12.6853,,151.571,,81.6
3823,12.6885,,151.714,,81.8
3824,12.6916,,151.857,,82
3825,12.6948,,152,,82.2
3826,12.6979,,151.857,,82.3714
3827,12.701,,151.714,,82.5429
3828,12.704,,151.571,,82.7143
3829,12.7071,,151.429,,82.8857
3830,12.7102,,151.286,,83.0571
3831,12.7132,,151.143,,83.2286
3832,12.7163,,151,,83.4
3833,12.7194,,150.857,,83.4857
3834,12.7225,,150.714,,83.5714
3835,12.7256,,150.571,,83.6571
3836,12.7287,,150.429,,83.7429
3837,12.7318,,150.286,,83.8286
3838,12.7349,,150.143,,83.9143
3839,12.738,,150,,84
3840,12.7408,,150.25,,84.425
3841,12.7436,,150.5,,84.85
3842,12.7464,,150.75,,85.275
3843,12.7492,,151,,85.7
3844,12.752,,151.25,,86.125
3845,12.7548,,151.5,,86.55
3846,12.7576,,151.75,,86.975
3847,12.7605,,152,,87.4
3848,12.7634,,152.286,,87.3143
3849,12.7664,,152.571,,87.2286
3850,12.7694,,152.857,,87.1429
3851,12.7724,,153.143,,87.0571
3852,12.7754,,153.429,,86.9714
3853,12.7784,,153.714,,86.8857
3854,12.7813,,154,,86.8
3855,12.7843,,154.143,,86.6286
3856,12.7872,,154.286,,86.4571
3857,12.7901,,154.429,,86.2857
3858,12.793,,154.571,,86.1143
3859,12.7959,,154.714,,85.9429
3860,12.7988,,154.857,,85.7714
3861,12.8018,,155,,85.6
3862,12.8047,,155,,85.6286
3863,12.8076,,155,,85.6571
3864,12.8105,,155,,85.6857
3865,12.8135,,155,,85.7143
3866,12.8164,,155,,85.7429
3867,12.8193,,155,,85.7714
3868,12.8223,,155,,85.8
3869,12.8254,,155.143,,85.8571
3870,12.8286,,155.286,,85.9143
3871,12.8317,,155.429,,85.9714
3872,12.8348,,155.571,,86.0286
3873,12.838,,155.714,,86.0857
3874,12.8411,,155.857,,86.1429
3875,12.8443,,156,,86.2
3876,12.8473,,156,,86.4286
3877,12.8504,,156,,86.6571
3878,12.8535,,156,,86.8857
3879,12.8566,,156,,87.1143
3880,12.8597,,156,,87.3429
3881,12.8628,,156,,87.5714
3882,12.8658,,156,,87.8
3883,12.8685,,156.125,,88.025
3884,12.8712,,156.25,,88.25
3885,12.8739,,156.375,,88.475
3886,12.8765,,156.5,,88.7
3887,12.8792,,156.625,,88.925
3888,12.8819,,156.75,,89.15
3889,12.8845,,156.875,,89.375
3890,12.8872,,157,,89.6
3891,12.8905,,156.857,,89.6286
3892,12.8937,,156.714,,89.6571
3893,12.897,,156.571,,89.6857
3894,12.9002,,156.429,,89.7143
3895,12.9034,,156.286,,89.7429
3896,12.9067,,156.143,,89.7714
3897,12.9099,,156,,89.8
3898,12.9131,,156,,89.9143
3899,12.9162,,156,,90.0286
3900,12.9193,,156,,90.1429
3901,12.9224,,156,,90.2571
3902,12.9256,,156,,90.3714
3903,12.9287,,156,,90.4857
3904,12.9318,,156,,90.6
3905,12.9347,,155.857,,90.6857
3906,12.9377,,155.714,,90.7714
3907,12.9406,,155.571,,90.8571
3908,12.9435,,155.429,,90.9429
3909,12.9465,,155.286,,91.0286
3910,12.9494,,155.143,,91.1143
3911,12.9523,,155,,91.2
3912,12.9556,,154.714,,91.2571
3913,12.9588,,154.429,,91.3143
3914,12.9621,,154.143,,91.3714
3915,12.9653,,153.857,,91.4286
3916,12.9686,,153.571,,91.4857
3917,12.9718,,153.286,,91.5429
3918,12.9751,,153,,91.6
3919,12.9786,,153,,91.7333
3920,12.9821,,153,,91.8667
3921,12.9856,,153,,92
3922,12.9891,,153,,92.1333
3923,12.9926,,153,,92.2667
3924,12.9961,,153,,92.4
3925,12.9998,,153,,91.7
3926,13.0035,,153,,91
3927,13.007,,153.167,,90.8667
3928,13.0106,,153.333,,90.7333
3929,13.0141,,153.5,,90.6
3930,13.0177,,153.667,,90.4667
3931,13.0212,,153.833,,90.3333
3932,13.0248,,154,,90.2
3933,13.0283,,154,,90
3934,13.0318,,154,,89.8
3935,13.0354,,154,,89.6
3936,13.0389,,154,,89.4
3937,13.0424,,154,,89.2
3938,13.046,,154,,89
3939,13.0493,,153.857,,88.7143
3940,13.0526,,153.714,,88.4286
3941,13.0559,,153.571,,88.1429
3942,13.0592,,153.429,,87.8571
3943,13.0625,,153.286,,87.5714
3944,13.0658,,153.143,,87.2857
3945,13.0692,,153,,87
3946,13.0723,,153.143,,86.8571
3947,13.0754,,153.286,,86.7143
3948,13.0786,,153.429,,86.5714
3949,13.0817,,153.571,,86.4286
3950,13.0849,,153.714,,86.2857
3951,13.088,,153.857,,86.1429
3952,13.0912,,154,,86
3953,13.0942,,154,,85.9143
3954,13.0972,,154,,85.8286
3955,13.1002,,154,,85.7429
3956,13.1032,,154,,85.6571
3957,13.1062,,154,,85.5714
3958,13.1092,,154,,85.4857
3959,13.1122,,154,,85.4
3960,13.115,,154,,85.55
3961,13.1179,,154,,85.7
3962,13.1207,,154,,85.85
3963,13.1236,,154,,86
3964,13.1267,,154.143,,86.0571
3965,13.1299,,154.286,,86.1143
3966,13.1331,,154.429,,86.1714
3967,13.1363,,154.571,,86.2286
3968,13.1395,,154.714,,86.2857
3969,13.1427,,154.857,,86.3429
3970,13.1459,,155,,86.4
3971,13.1492,,155.167,,86.6
3972,13.1526,,155.333,,86.8
3973,13.1559,,155.5,,87
3974,13.1592,,155.667,,87.2
3975,13.1626,,155.833,,87.4
3976,13.1659,,156,,87.6
3977,13.1691,,156,,87.8286
3978,13.1722,,156,,88.0571
3979,13.1754,,156,,88.2857
3980,13.1786,,156,,88.5143
3981,13.1818,,156,,88.7429
3982,13.1849,,156,,88.9714
3983,13.1881,,156,,89.2
3984,13.1913,,156,,89.3714
3985,13.1946,,156,,89.5429
3986,13.1978,,156,,89.7143
3987,13.2011,,156,,89.8857
3988,13.2043,,156,,90.0571
3989,13.2076,,156,,90.2286
3990,13.2108,,156,,90.4
3991,13.214,,155.857,,90.4571
3992,13.2173,,155.714,,90.5143
3993,13.2205,,155.571,,90.5714
3994,13.2237,,155.429,,90.6286
3995,13.2269,,155.286,,90.6857
3996,13.2301,,155.143,,90.7429
3997,13.2333,,155,,90.8
3998,13.2365,,154.857,,90.7429
3999,13.2396,,154.714,,90.6857
4000,13.2428,,154.571,,90.6286
4001,13.246,,154.429,,90.5714
4002,13.2492,,154.286,,90.5143
4003,13.2523,,154.143,,90.4571
4004,13.2555,,154,,90.4
4005,13.2585,,153.857,,90.2
4006,13.2615,,153.714,,90
4007,13.2645,,153.571,,89.8
4008,13.2675,,153.429,,89.6
4009,13.2705,,153.286,,89.4
4010,13.2735,,153.143,,89.2
4011,13.2765,,153,,89
4012,13.2801,,153,,89.4333
4013,13.2838,,153,,89.8667
4014,13.2874,,153,,90.3
4015,13.291,,153,,90.7333
4016,13.2946,,153,,91.1667
4017,13.2982,,153,,91.6
4018,13.3016,,153,,92.0667
4019,13.3049,,153,,92.5333
4020,13.3083,,153,,93
4021,13.3116,,153,,93.4667
4022,13.315,,153,,93.9333
4023,13.3183,,153,,94.4
4024,13.3216,,153,,94.4571
4025,13.3249,,153,,94.5143
4026,13.3282,,153,,94.5714
4027,13.3315,,153,,94.6286
4028,13.3348,,153,,94.6857
4029,13.3381,,153,,94.7429
4030,13.3414,,153,,94.8
4031,13.3444,,152.857,,94.9143
4032,13.3474,,152.714,,95.0286
4033,13.3504,,152.571,,95.1429
4034,13.3534,,152.429,,95.2571
4035,13.3564,,152.286,,95.3714
4036,13.3594,,152.143,,95.4857
4037,13.3624,,152,,95.6
4038,13.3655,,152,,95.4857
4039,13.3686,,152,,95.3714
4040,13.3717,,152,,95.2571
4041,13.3749,,152,,95.1429
4042,13.378,,152,,95.0286
4043,13.3811,,152,,94.9143
4044,13.3842,,152,,94.8
4045,13.3875,,152,,94.7714
4046,13.3909,,152,,94.7429
4047,13.3942,,152,,94.7143
4048,13.3975,,152,,94.6857
4049,13.4008,,152,,94.6571
4050,13.4041,,152,,94.6286
4051,13.4075,,152,,94.6
4052,13.4109,,152,,94.5333
4053,13.4144,,152,,94.4667
4054,13.4179,,152,,94.4
4055,13.4214,,152,,94.3333
4056,13.4248,,152,,94.2667
4057,13.4283,,152,,94.2
4058,13.4318,,152.167,,94.2667
4059,13.4352,,152.333,,94.3333
4060,13.4386,,152.5,,94.4
4061,13.4421,,152.667,,94.4667
4062,13.4455,,152.833,,94.5333
4063,13.449,,153,,94.6
4064,13.4523,,152.857,,94.4571
4065,13.4556,,152.714,,94.3143
4066,13.4589,,152.571,,94.1714
4067,13.4622,,152.429,,94.0286
4068,13.4655,,152.286,,93.8857
4069,13.4688,,152.143,,93.7429
4070,13.4721,,152,,93.6
4071,13.4757,,152.167,,92.9333
4072,13.4793,,152.333,,92.2667
4073,13.4828,,152.5,,91.6
4074,13.4864,,152.667,,90.9333
4075,13.49,,152.833,,90.2667
4076,13.4935,,153,,89.6
4077,13.497,,153,,89.3333
4078,13.5005,,153,,89.0667
4079,13.504,,153,,88.8
4080,13.5074,,153,,88.5333
4081,13.5109,,153,,88.2667
4082,13.5144,,153,,88
4083,13.5176,,153,,87.7429
4084,13.5208,,153,,87.4857
4085,13.524,,153,,87.2286
4086,13.5272,,153,,86.9714
4087,13.5305,,153,,86.7143
4088,13.5337,,153,,86.4571
4089,13.5369,,153,,86.2
4090,13.5403,,152.833,,86.1333
4091,13.5436,,152.667,,86.0667
4092,13.547,,152.5,,86
4093,13.5504,,152.333,,85.9333
4094,13.5538,,152.167,,85.8667
4095,13.5572,,152,,85.8
4096,13.5604,,152,,85.7143
4097,13.5636,,152,,85.6286
4098,13.5668,,152,,85.5429
4099,13.57,,152,,85.4571
4100,13.5732,,152,,85.3714
4101,13.5764,,152,,85.2857
4102,13.5796,,152,,85.2
4103,13.5828,,152,,85.3429
4104,13.5859,,152,,85.4857
4105,13.5891,,152,,85.6286
4106,13.5923,,152,,85.7714
4107,13.5954,,152,,85.9143
4108,13.5986,,152,,86.0571
4109,13.6018,,152,,86.2
4110,13.605,,152,,86.1429
4111,13.6083,,152,,86.0857
4112,13.6116,,152,,86.0286
4113,13.6148,,152,,85.9714
4114,13.6181,,152,,85.9143
4115,13.6214,,152,,85.8571
4116,13.6246,,152,,85.8
4117,13.6277,,152,,85.4286
4118,13.6308,,152,,85.0571
4119,13.6339,,152,,84.6857
4120,13.637,,152,,84.3143
4121,13.6401,,152,,83.9429
4122,13.6432,,152,,83.5714
4123,13.6463,,152,,83.2
4124,13.6497,,151.833,,83.1333
4125,13.653,,151.667,,83.0667
4126,13.6564,,151.5,,83
4127,13.6598,,151.333,,82.9333
4128,13.6631,,151.167,,82.8667
4129,13.6665,,151,,82.8
4130,13.6697,,150.857,,82.6857
4131,13.6729,,150.714,,82.5714
4132,13.6761,,150.571,,82.4571
4133,13.6793,,150.429,,82.3429
4134,13.6825,,150.286,,82.2286
4135,13.6857,,150.143,,82.1143
4136,13.6889,,150,,82
4137,13.6922,,149.857,,81.8
4138,13.6954,,149.714,,81.6
4139,13.6987,,149.571,,81.4
4140,13.7019,,149.429,,81.2
4141,13.7051,,149.286,,81
4142,13.7084,,149.143,,80.8
4143,13.7116,,149,,80.6
4144,13.7147,,149.143,,80.6
4145,13.7178,,149.286,,80.6
4146,13.7209,,149.429,,80.6
4147,13.7241,,149.571,,80.6
4148,13.7272,,149.714,,80.6
4149,13.7303,,149.857,,80.6
4150,13.7334,,150,,80.6
4151,13.7359,,149.5,,80.5
4152,13.7385,,149,,80.4
4153,13.7411,,148.857,,80.6
4154,13.7438,,148.714,,80.8
4155,13.7464,,148.571,,81
4156,13.7491,,148.429,,81.2
4157,13.7517,,148.286,,81.4
4158,13.7544,,148.143,,81.6
4159,13.757,,148,,81.8
4160,13.7601,,148,,81.7143
4161,13.7632,,148,,81.6286
4162,13.7663,,148,,81.5429
4163,13.7694,,148,,81.4571
4164,13.7725,,148,,81.3714
4165,13.7756,,148,,81.2857
4166,13.7786,,148,,81.2
4167,13.7816,,148,,81.0286
4168,13.7845,,148,,80.8571
4169,13.7874,,148,,80.6857
4170,13.7903,,148,,80.5143
4171,13.7932,,148,,80.3429
4172,13.7961,,148,,80.1714
4173,13.799,,148,,80
4174,13.8023,,148,,79.8
4175,13.8055,,148,,79.6
4176,13.8087,,148,,79.4
4177,13.8119,,148,,79.2
4178,13.8151,,148,,79
4179,13.8184,,148,,78.8
4180,13.8216,,148,,78.6
4181,13.825,,148,,78.3333
4182,13.8284,,148,,78.0667
4183,13.8318,,148,,77.8
4184,13.8353,,148,,77.5333
4185,13.8387,,148,,77.2667
4186,13.8421,,148,,77
4187,13.8454,,148,,76.9143
4188,13.8487,,148,,76.8286
4189,13.852,,148,,76.7429
4190,13.8552,,148,,76.6571
4191,13.8585,,148,,76.5714
4192,13.8618,,148,,76.4857
4193,13.8651,,148,,76.4
4194,13.8685,,148,,76.4
4195,13.8719,,148,,76.4
4196,13.8753,,148,,76.4
4197,13.8788,,148,,76.4
4198,13.8822,,148,,76.4
4199,13.8856,,148,,76.4
4200,13.889,,148.167,,76.8667
4201,13.8925,,148.333,,77.3333
4202,13.8959,,148.5,,77.8
4203,13.8993,,148.667,,78.2667
4204,13.9028,,148.833,,78.7333
4205,13.9062,,149,,79.2
4206,13.9095,,149,,79.1667
4207,13.9129,,149,,79.1333
4208,13.9162,,149,,79.1
4209,13.9196,,149,,79.0667
4210,13.9229,,149,,79.0333
4211,13.9263,,149,,79
4212,13.9297,,149,,78.4
4213,13.933,,149,,77.8
4214,13.9364,,149,,77.2
4215,13.9398,,149,,76.6
4216,13.9432,,149,,76
4217,13.9465,,149,,75.4
4218,13.9498,,148.857,,74.9429
4219,13.9531,,148.714,,74.4857
4220,13.9565,,148.571,,74.0286
4221,13.9598,,148.429,,73.5714
4222,13.9631,,148.286,,73.1143
4223,13.9664,,148.143,,72.6571
4224,13.9697,,148,,72.2
4225,13.973,,148.75,,72.1
4226,13.9764,,149.5,,72
4227,13.9798,,150.25,,71.9
4228,13.9831,,151,,71.8
4229,13.9862,,151.167,,71.4667
4230,13.9892,,151.333,,71.1333
4231,13.9923,,151.5,,70.8
4232,13.9953,,151.667,,70.4667
4233,13.9984,,151.833,,70.1333
4234,14.0014,,152,,69.8
4235,14.0046,,152,,69.7143
4236,14.0077,,152,,69.6286
4237,14.0109,,152,,69.5429
4238,14.014,,152,,69.4571
4239,14.0172,,152,,69.3714
4240,14.0203,,152,,69.2857
4241,14.0235,,152,,69.2
4242,14.0268,,152,,69.1143
4243,14.0301,,152,,69.0286
4244,14.0334,,152,,68.9429
4245,14.0368,,152,,68.8571
4246,14.0401,,152,,68.7714
4247,14.0434,,152,,68.6857
4248,14.0468,,152,,68.6
4249,14.0501,,151.857,,68.5143
4250,14.0534,,151.714,,68.4286
4251,14.0568,,151.571,,68.3429
4252,14.0601,,151.429,,68.2571
4253,14.0634,,151.286,,68.1714
4254,14.0667,,151.143,,68.0857
4255,14.0701,,151,,68
4256,14.0734,,150.833,,68.2333
4257,14.0768,,150.667,,68.4667
4258,14.0801,,150.5,,68.7
4259,14.0835,,150.333,,68.9333
4260,14.0869,,150.167,,69.1667
4261,14.0902,,150,,69.4
4262,14.0936,,150.167,,69.7
4263,14.0971,,150.333,,70
4264,14.1005,,150.5,,70.3
4265,14.1039,,150.667,,70.6
4266,14.1073,,150.833,,70.9
4267,14.1107,,151,,71.2
4268,14.114,,151,,71.4286
4269,14.1173,,151,,71.6571
4270,14.1205,,151,,71.8857
4271,14.1238,,151,,72.1143
4272,14.127,,151,,72.3429
4273,14.1303,,151,,72.5714
4274,14.1336,,151,,72.8
4275,14.137,,151.333,,72.9333
4276,14.1404,,151.667,,73.0667
4277,14.1438,,152,,73.2
4278,14.1472,,152.333,,73.3333
4279,14.1506,,152.667,,73.4667
4280,14.1541,,153,,73.6
4281,14.1574,,153,,73.4
4282,14.1608,,153,,73.2
4283,14.1642,,153,,73
4284,14.1676,,153,,72.8
4285,14.1709,,153,,72.6
4286,14.1743,,153,,72.4
4287,14.1776,,153,,72.3429
4288,14.1809,,153,,72.2857
4289,14.1843,,153,,72.2286
4290,14.1876,,153,,72.1714
4291,14.1909,,153,,72.1143
4292,14.1942,,153,,72.0571
4293,14.1975,,153,,72
4294,14.2005,,153.143,,71.8857
4295,14.2034,,153.286,,71.7714
4296,14.2064,,153.429,,71.6571
4297,14.2094,,153.571,,71.5429
4298,14.2123,,153.714,,71.4286
4299,14.2153,,153.857,,71.3143
4300,14.2182,,154,,71.2
4301,14.2213,,154.143,,71.1714
4302,14.2243,,154.286,,71.1429
4303,14.2273,,154.429,,71.1143
4304,14.2304,,154.571,,71.0857
4305,14.2334,,154.714,,71.0571
4306,14.2365,,154.857,,71.0286
4307,14.2395,,155,,71
4308,14.2424,,154.714,,70.9429
4309,14.2453,,154.429,,70.8857
4310,14.2483,,154.143,,70.8286
4311,14.2512,,153.857,,70.7714
4312,14.2541,,153.571,,70.7143
4313,14.257,,153.286,,70.6571
4314,14.2599,,153,,70.6
4315,14.2629,,152.714,,70.5714
4316,14.2658,,152.429,,70.5429
4317,14.2687,,152.143,,70.5143
4318,14.2716,,151.857,,70.4857
4319,14.2745,,151.571,,70.4571
4320,14.2774,,151.286,,70.4286
4321,14.2803,,151,,70.4
4322,14.2831,,150.625,,70.425
4323,14.2859,,150.25,,70.45
4324,14.2888,,149.875,,70.475
4325,14.2916,,149.5,,70.5
4326,14.2944,,149.125,,70.525
4327,14.2972,,148.75,,70.55
4328,14.3,,148.375,,70.575
4329,14.3028,,148,,70.6
4330,14.3059,,148.286,,70.4857
4331,14.309,,148.571,,70.3714
4332,14.3122,,148.857,,70.2571
4333,14.3153,,149.143,,70.1429
4334,14.3184,,149.429,,70.0286
4335,14.3215,,149.714,,69.9143
4336,14.3246,,150,,69.8
4337,14.328,,150.167,,69.6
4338,14.3314,,150.333,,69.4
4339,14.3348,,150.5,,69.2
4340,14.3382,,150.667,,69
4341,14.3415,,150.833,,68.8
4342,14.3449,,151,,68.6
4343,14.3481,,151.143,,68.3714
4344,14.3514,,151.286,,68.1429
4345,14.3546,,151.429,,67.9143
4346,14.3578,,151.571,,67.6857
4347,14.3611,,151.714,,67.4571
4348,14.3643,,151.857,,67.2286
4349,14.3675,,152,,67
4350,14.3709,,152.6,,66.76
4351,14.3744,,153.2,,66.52
4352,14.3778,,153.8,,66.28
4353,14.3812,,154.4,,66.04
4354,14.3846,,155,,65.8
4355,14.3882,,156,,65.6667
4356,14.3917,,157,,65.5333
4357,14.3952,,158,,65.4
4358,14.3984,,158.8,,65.32
4359,14.4016,,159.6,,65.24
4360,14.4048,,160.4,,65.16
4361,14.4079,,161.2,,65.08
4362,14.4111,,162,,65
4363,14.4141,,162.5,,64.9667
4364,14.417,,163,,64.9333
4365,14.42,,163.5,,64.9
4366,14.4229,,164,,64.8667
4367,14.4259,,164.5,,64.8333
4368,14.4289,,165,,64.8
4369,14.432,,165.286,,64.8
4370,14.4351,,165.571,,64.8
4371,14.4383,,165.857,,64.8
4372,14.4414,,166.143,,64.8
4373,14.4446,,166.429,,64.8
4374,14.4477,,166.714,,64.8
4375,14.4509,,167,,64.8
4376,14.4541,,167.429,,65
4377,14.4574,,167.857,,65.2
4378,14.4606,,168.286,,65.4
4379,14.4638,,168.714,,65.6
4380,14.467,,169.143,,65.8
4381,14.4703,,169.571,,66
4382,14.4735,,170,,66.2
4383,14.4768,,168.5,,66.4
4384,14.4802,,167,,66.6
4385,14.4834,,165.667,,66.7333
4386,14.4867,,164.333,,66.8667
4387,14.4899,,163,,67
4388,14.4928,,160,,66.6
4389,14.4959,,156,,66.8
4390,14.4987,,151,,67
4391,14.5017,,149,,66.9
4392,14.5048,,147,,66.8
4393,14.5077,,145.5,,66.7
4394,14.5107,,144,,66.6
4395,14.5137,,143.857,,66.5429
4396,14.5168,,143.714,,66.4857
4397,14.5199,,143.571,,66.4286
4398,14.5229,,143.429,,66.3714
4399,14.526,,143.286,,66.3143
4400,14.529,,143.143,,66.2571
4401,14.5321,,143,,66.2
4402,14.5352,,143.286,,66.0857
4403,14.5384,,143.571,,65.9714
4404,14.5415,,143.857,,65.8571
4405,14.5446,,144.143,,65.7429
4406,14.5477,,144.429,,65.6286
4407,14.5508,,144.714,,65.5143
4408,14.554,,145,,65.4
4409,14.5572,,145,,65.3714
4410,14.5604,,145,,65.3429
4411,14.5635,,145,,65.3143
4412,14.5667,,145,,65.2857
4413,14.5699,,145,,65.2571
4414,14.5731,,145,,65.2286
4415,14.5763,,145,,65.2
4416,14.5797,,144.833,,64.8667
4417,14.5831,,144.667,,64.5333
4418,14.5865,,144.5,,64.2
4419,14.5899,,144.333,,63.8667
4420,14.5932,,144.167,,63.5333
4421,14.5966,,144,,63.2
4422,14.5997,,143.857,,62.8571
4423,14.6027,,143.714,,62.5143
4424,14.6058,,143.571,,62.1714
4425,14.6088,,143.429,,61.8286
4426,14.6119,,143.286,,61.4857
4427,14.6149,,143.143,,61.1429
4428,14.618,,143,,60.8
4429,14.6211,,143.286,,60.5143
4430,14.6242,,143.571,,60.2286
4431,14.6273,,143.857,,59.9429
4432,14.6304,,144.143,,59.6571
4433,14.6335,,144.429,,59.3714
4434,14.6366,,144.714,,59.0857
4435,14.6397,,145,,58.8
4436,14.643,,145.5,,59
4437,14.6463,,146,,59.2
4438,14.6495,,146.5,,59.4
4439,14.6528,,147,,59.6
4440,14.6561,,147.5,,59.8
4441,14.6593,,148,,60
4442,14.6625,,148,,60.0286
4443,14.6656,,148,,60.0571
4444,14.6688,,148,,60.0857
4445,14.6719,,148,,60.1143
4446,14.6751,,148,,60.1429
4447,14.6782,,148,,60.1714
4448,14.6814,,148,,60.2
4449,14.6846,,148.286,,60.4857
4450,14.6878,,148.571,,60.7714
4451,14.691,,148.857,,61.0571
4452,14.6942,,149.143,,61.3429
4453,14.6974,,149.429,,61.6286
4454,14.7006,,149.714,,61.9143
4455,14.7038,,150,,62.2
4456,14.7071,,151.333,,62.4667
4457,14.7105,,152.667,,62.7333
4458,14.7138,,154,,63
4459,14.7172,,154.333,,63.1333
4460,14.7205,,154.667,,63.2667
4461,14.7239,,155,,63.4
4462,14.7272,,155.333,,63.5333
4463,14.7306,,155.667,,63.6667
4464,14.7339,,156,,63.8
4465,14.737,,155.5,,63.7
4466,14.74,,155,,63.6
4467,14.743,,154.5,,63.5
4468,14.7461,,154,,63.4
4469,14.7491,,153.5,,63.3
4470,14.7522,,153,,63.2
4471,14.7554,,151.5,,63.4
4472,14.7585,,150,,63.6
4473,14.7618,,149.25,,63.55
4474,14.7651,,148.5,,63.5
4475,14.7683,,147.75,,63.45
4476,14.7716,,147,,63.4
4477,14.7749,,147.167,,63.4
4478,14.7783,,147.333,,63.4
4479,14.7816,,147.5,,63.4
4480,14.785,,147.667,,63.4
4481,14.7883,,147.833,,63.4
4482,14.7917,,148,,63.4
4483,14.7948,,148.143,,63.1143
4484,14.798,,148.286,,62.8286
4485,14.8012,,148.429,,62.5429
4486,14.8043,,148.571,,62.2571
4487,14.8075,,148.714,,61.9714
4488,14.8106,,148.857,,61.6857
4489,14.8138,,149,,61.4
4490,14.817,,149.143,,61.1429
4491,14.8202,,149.286,,60.8857
4492,14.8234,,149.429,,60.6286
4493,14.8266,,149.571,,60.3714
4494,14.8298,,149.714,,60.1143
4495,14.833,,149.857,,59.8571
4496,14.8361,,150,,59.6
4497,14.8396,,150,,59.6333
4498,14.843,,150,,59.6667
4499,14.8464,,150,,59.7
4500,14.8498,,150,,59.7333
4501,14.8532,,150,,59.7667
4502,14.8566,,150,,59.8
4503,14.8601,,150,,59.8
4504,14.8636,,150,,59.8
4505,14.867,,150,,59.8
4506,14.8705,,150,,59.8
4507,14.874,,150,,59.8
4508,14.8775,,150,,59.8
4509,14.8809,,150.167,,59.5
4510,14.8842,,150.333,,59.2
4511,14.8876,,150.5,,58.9
4512,14.891,,150.667,,58.6
4513,14.8944,,150.833,,58.3
4514,14.8978,,151,,58
4515,14.9011,,151.143,,57.7714
4516,14.9044,,151.286,,57.5429
4517,14.9078,,151.429,,57.3143
4518,14.9111,,151.571,,57.0857
4519,14.9144,,151.714,,56.8571
4520,14.9177,,151.857,,56.6286
4521,14.9211,,152,,56.4
4522,14.9247,,151.833,,56.2
4523,14.9283,,151.667,,56
4524,14.9319,,151.5,,55.8
4525,14.9355,,151.333,,55.6
4526,14.9391,,151.167,,55.4
4527,14.9428,,151,,55.2
4528,14.946,,151,,55.0571
4529,14.9493,,151,,54.9143
4530,14.9525,,151,,54.7714
4531,14.9558,,151,,54.6286
4532,14.959,,151,,54.4857
4533,14.9623,,151,,54.3429
4534,14.9655,,151,,54.2
4535,14.969,,150.833,,54.1333
4536,14.9725,,150.667,,54.0667
4537,14.976,,150.5,,54
4538,14.9795,,150.333,,53.9333
4539,14.983,,150.167,,53.8667
4540,14.9865,,150,,53.8
4541,14.9899,,149.75,,53.75
4542,14.9933,,149.5,,53.7
4543,14.9967,,149.25,,53.65
4544,15.0001,,149,,53.6
4545,15.0036,,149.167,,53.8667
4546,15.0072,,149.333,,54.1333
4547,15.0108,,149.5,,54.4
4548,15.0143,,149.667,,54.6667
4549,15.0179,,149.833,,54.9333
4550,15.0214,,150,,55.2
4551,15.0251,,150,,55.5667
4552,15.0287,,150,,55.9333
4553,15.0324,,150,,56.3
4554,15.036,,150,,56.6667
4555,15.0397,,150,,57.0333
4556,15.0433,,150,,57.4
4557,15.0469,,150.5,,57.5667
4558,15.0505,,151,,57.7333
4559,15.0541,,151.5,,57.9
4560,15.0577,,152,,58.0667
4561,15.0613,,152.5,,58.2333
4562,15.0649,,153,,58.4
4563,15.0679,,153,,58.55
4564,15.0709,,153,,58.7
4565,15.0738,,153,,58.85
4566,15.0768,,153,,59
4567,15.0797,,153,,59.15
4568,15.0827,,153,,59.3
4569,15.0856,,153,,59.45
4570,15.0886,,153,,59.6
4571,15.092,,153.167,,59.5333
4572,15.0955,,153.333,,59.4667
4573,15.0989,,153.5,,59.4
4574,15.1024,,153.667,,59.3333
4575,15.1058,,153.833,,59.2667
4576,15.1093,,154,,59.2
4577,15.1129,,154,,59.1667
4578,15.1166,,154,,59.1333
4579,15.1202,,154,,59.1
4580,15.1239,,154,,59.0667
4581,15.1275,,154,,59.0333
4582,15.1312,,154,,59
4583,15.135,,154,,59.4333
4584,15.1388,,154,,59.8667
4585,15.1426,,154,,60.3
4586,15.1464,,154,,60.7333
4587,15.1502,,154,,61.1667
4588,15.154,,154,,61.6
4589,15.1577,,153.833,,62.1667
4590,15.1614,,153.667,,62.7333
4591,15.165,,153.5,,63.3
4592,15.1687,,153.333,,63.8667
4593,15.1724,,153.167,,64.4333
4594,15.176,,153,,65
4595,15.1795,,153.167,,65.1667
4596,15.1831,,153.333,,65.3333
4597,15.1866,,153.5,,65.5
4598,15.1901,,153.667,,65.6667
4599,15.1936,,153.833,,65.8333
4600,15.1972,,154,,66
4601,15.2005,,153.833,,66.2
4602,15.2039,,153.667,,66.4
4603,15.2073,,153.5,,66.6
4604,15.2106,,153.333,,66.8
4605,15.214,,153.167,,67
4606,15.2174,,153,,67.2
4607,15.2206,,152.857,,67.4
4608,15.2238,,152.714,,67.6
4609,15.227,,152.571,,67.8
4610,15.2302,,152.429,,68
4611,15.2333,,152.286,,68.2
4612,15.2365,,152.143,,68.4
4613,15.2397,,152,,68.6
4614,15.2439,,152.2,,68.72
4615,15.2481,,152.4,,68.84
4616,15.2522,,152.6,,68.96
4617,15.2564,,152.8,,69.08
4618,15.2606,,153,,69.2
4619,15.2643,,153.167,,69.4333
4620,15.268,,153.333,,69.6667
4621,15.2717,,153.5,,69.9
4622,15.2754,,153.667,,70.1333
4623,15.2791,,153.833,,70.3667
4624,15.2828,,154,,70.6
4625,15.2861,,154.143,,70.7143
4626,15.2894,,154.286,,70.8286
4627,15.2926,,154.429,,70.9429
4628,15.2959,,154.571,,71.0571
4629,15.2992,,154.714,,71.1714
4630,15.3024,,154.857,,71.2857
4631,15.3057,,155,,71.4
4632,15.3089,,155.143,,71.4286
4633,15.3121,,155.286,,71.4571
4634,15.3153,,155.429,,71.4857
4635,15.3185,,155.571,,71.5143
4636,15.3216,,155.714,,71.5429
4637,15.3248,,155.857,,71.5714
4638,15.328,,156,,71.6
4639,15.3314,,156,,71.4333
4640,15.3348,,156,,71.2667
4641,15.3382,,156,,71.1
4642,15.3416,,156,,70.9333
4643,15.345,,156,,70.7667
4644,15.3484,,156,,70.6
4645,15.3517,,156,,70.6571
4646,15.3549,,156,,70.7143
4647,15.3582,,156,,70.7714
4648,15.3615,,156,,70.8286
4649,15.3648,,156,,70.8857
4650,15.368,,156,,70.9429
4651,15.3713,,156,,71
4652,15.3748,,155.667,,71.2333
4653,15.3783,,155.333,,71.4667
4654,15.3817,,155,,71.7
4655,15.3852,,154.667,,71.9333
4656,15.3886,,154.333,,72.1667
4657,15.3921,,154,,72.4
4658,15.3955,,154.167,,72.4333
4659,15.3988,,154.333,,72.4667
4660,15.4021,,154.5,,72.5
4661,15.4055,,154.667,,72.5333
4662,15.4088,,154.833,,72.5667
4663,15.4122,,155,,72.6
4664,15.4156,,155,,72.5667
4665,15.419,,155,,72.5333
4666,15.4224,,155,,72.5
4667,15.4258,,155,,72.4667
4668,15.4292,,155,,72.4333
4669,15.4326,,155,,72.4
4670,15.4359,,155.143,,72.0571
4671,15.4392,,155.286,,71.7143
4672,15.4426,,155.429,,71.3714
4673,15.4459,,155.571,,71.0286
4674,15.4492,,155.714,,70.6857
4675,15.4526,,155.857,,70.3429
4676,15.4559,,156,,70
4677,15.4593,,156,,69.8333
4678,15.4627,,156,,69.6667
4679,15.4661,,156,,69.5
4680,15.4695,,156,,69.3333
4681,15.4729,,156,,69.1667
4682,15.4764,,156,,69
4683,15.4797,,156,,68.8
4684,15.4831,,156,,68.6
4685,15.4865,,156,,68.4
4686,15.4898,,156,,68.2
4687,15.4932,,156,,68
4688,15.4966,,156,,67.8
4689,15.5,,155.833,,67.9333
4690,15.5035,,155.667,,68.0667
4691,15.5069,,155.5,,68.2
4692,15.5104,,155.333,,68.3333
4693,15.5138,,155.167,,68.4667
4694,15.5173,,155,,68.6
4695,15.5206,,155.167,,68.7333
4696,15.524,,155.333,,68.8667
4697,15.5273,,155.5,,69
4698,15.5306,,155.667,,69.1333
4699,15.534,,155.833,,69.2667
4700,15.5373,,156,,69.4
4701,15.5407,,156,,69.2333
4702,15.5441,,156,,69.0667
4703,15.5475,,156,,68.9
4704,15.5509,,156,,68.7333
4705,15.5543,,156,,68.5667
4706,15.5577,,156,,68.4
4707,15.5609,,156,,68.2571
4708,15.5642,,156,,68.1143
4709,15.5675,,156,,67.9714
4710,15.5708,,156,,67.8286
4711,15.5741,,156,,67.6857
4712,15.5774,,156,,67.5429
4713,15.5807,,156,,67.4
4714,15.5838,,156.143,,67.4286
4715,15.5868,,156.286,,67.4571
4716,15.5899,,156.429,,67.4857
4717,15.593,,156.571,,67.5143
4718,15.5961,,156.714,,67.5429
4719,15.5992,,156.857,,67.5714
4720,15.6022,,157,,67.6
4721,15.6056,,156.714,,67.2857
4722,15.6089,,156.429,,66.9714
4723,15.6123,,156.143,,66.6571
4724,15.6156,,155.857,,66.3429
4725,15.619,,155.571,,66.0286
4726,15.6223,,155.286,,65.7143
4727,15.6257,,155,,65.4
4728,15.6291,,155.167,,65.2667
4729,15.6325,,155.333,,65.1333
4730,15.6359,,155.5,,65
4731,15.6393,,155.667,,64.8667
4732,15.6427,,155.833,,64.7333
4733,15.6461,,156,,64.6
4734,15.6495,,156,,65.0667
4735,15.6528,,156,,65.5333
4736,15.6562,,156,,66
4737,15.6596,,156,,66.4667
4738,15.6629,,156,,66.9333
4739,15.6663,,156,,67.4
4740,15.67,,156,,67.1667
4741,15.6736,,156,,66.9333
4742,15.6772,,156,,66.7
4743,15.6809,,156,,66.4667
4744,15.6845,,156,,66.2333
4745,15.6882,,156,,66
4746,15.6917,,156,,66
4747,15.6952,,156,,66
4748,15.6987,,156,,66
4749,15.7023,,156,,66
4750,15.7058,,156,,66
4751,15.7093,,156,,66
4752,15.7128,,156,,65.7333
4753,15.7163,,156,,65.4667
4754,15.7198,,156,,65.2
4755,15.7232,,156,,64.9333
4756,15.7267,,156,,64.6667
4757,15.7302,,156,,64.4
4758,15.7336,,156,,64.2333
4759,15.7369,,156,,64.0667
4760,15.7403,,156,,63.9
4761,15.7436,,156,,63.7333
4762,15.747,,156,,63.5667
4763,15.7503,,156,,63.4
4764,15.7536,,156,,63.1714
4765,15.757,,156,,62.9429
4766,15.7603,,156,,62.7143
4767,15.7636,,156,,62.4857
4768,15.7669,,156,,62.2571
4769,15.7702,,156,,62.0286
4770,15.7735,,156,,61.8
4771,15.7771,,156,,61.7667
4772,15.7806,,156,,61.7333
4773,15.7841,,156,,61.7
4774,15.7876,,156,,61.6667
4775,15.7912,,156,,61.6333
4776,15.7947,,156,,61.6
4777,15.7982,,156.167,,61.5667
4778,15.8017,,156.333,,61.5333
4779,15.8052,,156.5,,61.5
4780,15.8088,,156.667,,61.4667
4781,15.8123,,156.833,,61.4333
4782,15.8158,,157,,61.4
4783,15.8192,,156.833,,61.5
4784,15.8227,,156.667,,61.6
4785,15.8261,,156.5,,61.7
4786,15.8295,,156.333,,61.8
4787,15.833,,156.167,,61.9
4788,15.8364,,156,,62
4789,15.8398,,156,,62.1
4790,15.8432,,156,,62.2
4791,15.8466,,156,,62.3
4792,15.85,,156,,62.4
4793,15.8533,,156,,62.5
4794,15.8567,,156,,62.6
4795,15.86,,156,,62.6286
4796,15.8633,,156,,62.6571
4797,15.8665,,156,,62.6857
4798,15.8698,,156,,62.7143
4799,15.8731,,156,,62.7429
4800,15.8764,,156,,62.7714
4801,15.8796,,156,,62.8
4802,15.883,,155.857,,62.7429
4803,15.8864,,155.714,,62.6857
4804,15.8898,,155.571,,62.6286
4805,15.8932,,155.429,,62.5714
4806,15.8966,,155.286,,62.5143
4807,15.8999,,155.143,,62.4571
4808,15.9033,,155,,62.4
4809,15.9068,,155,,62.6
4810,15.9102,,155,,62.8
4811,15.9137,,155,,63
4812,15.9171,,155,,63.2
4813,15.9206,,155,,63.4
4814,15.924,,155,,63.6
4815,15.9276,,155.167,,63.6333
4816,15.9311,,155.333,,63.6667
4817,15.9347,,155.5,,63.7
4818,15.9382,,155.667,,63.7333
4819,15.9417,,155.833,,63.7667
4820,15.9453,,156,,63.8
4821,15.9488,,156.167,,63.9333
4822,15.9524,,156.333,,64.0667
4823,15.9559,,156.5,,64.2
4824,15.9595,,156.667,,64.3333
4825,15.963,,156.833,,64.4667
4826,15.9666,,157,,64.6
4827,15.9699,,156.857,,64.6
4828,15.9732,,156.714,,64.6
4829,15.9766,,156.571,,64.6
4830,15.9799,,156.429,,64.6
4831,15.9832,,156.286,,64.6
4832,15.9865,,156.143,,64.6
4833,15.9899,,156,,64.6
4834,15.9933,,156,,64.2667
4835,15.9968,,156,,63.9333
4836,16.0002,,156,,63.6
4837,16.0038,,155.833,,63.6333
4838,16.0075,,155.667,,63.6667
4839,16.0111,,155.5,,63.7
4840,16.0147,,155.333,,63.7333
4841,16.0183,,155.167,,63.7667
4842,16.022,,155,,63.8
4843,16.0255,,155.167,,63.8333
4844,16.0291,,155.333,,63.8667
4845,16.0326,,155.5,,63.9
4846,16.0362,,155.667,,63.9333
4847,16.0397,,155.833,,63.9667
4848,16.0433,,156,,64
4849,16.0468,,156,,63.9667
4850,16.0503,,156,,63.9333
4851,16.0539,,156,,63.9
4852,16.0574,,156,,63.8667
4853,16.0609,,156,,63.8333
4854,16.0645,,156,,63.8
4855,16.068,,156.167,,63.6333
4856,16.0716,,156.333,,63.4667
4857,16.0752,,156.5,,63.3
4858,16.0788,,156.667,,63.1333
4859,16.0824,,156.833,,62.9667
4860,16.0859,,157,,62.8
4861,16.0894,,157,,62.4333
4862,16.0929,,157,,62.0667
4863,16.0964,,157,,61.7
4864,16.0998,,157,,61.3333
4865,16.1033,,157,,60.9667
4866,16.1068,,157,,60.6
4867,16.1103,,157,,60.4333
4868,16.1138,,157,,60.2667
4869,16.1173,,157,,60.1
4870,16.1208,,157,,59.9333
4871,16.1243,,157,,59.7667
4872,16.1278,,157,,59.6
4873,16.1313,,157,,59.5333
4874,16.1348,,157,,59.4667
4875,16.1383,,157,,59.4
4876,16.1418,,157,,59.3333
4877,16.1453,,157,,59.2667
4878,16.1488,,157,,59.2
4879,16.1523,,156.833,,59.1333
4880,16.1557,,156.667,,59.0667
4881,16.1591,,156.5,,59
4882,16.1625,,156.333,,58.9333
4883,16.1659,,156.167,,58.8667
4884,16.1694,,156,,58.8
4885,16.1728,,155.833,,58.6
4886,16.1763,,155.667,,58.4
4887,16.1798,,155.5,,58.2
4888,16.1833,,155.333,,58
4889,16.1868,,155.167,,57.8
4890,16.1902,,155,,57.6
4891,16.1937,,155,,57.6
4892,16.1972,,155,,57.6
4893,16.2006,,155,,57.6
4894,16.2041,,155,,57.6
4895,16.2076,,155,,57.6
4896,16.2111,,155,,57.6
4897,16.2146,,154.833,,57.7
4898,16.2181,,154.667,,57.8
4899,16.2216,,154.5,,57.9
4900,16.2251,,154.333,,58
4901,16.2286,,154.167,,58.1
4902,16.2321,,154,,58.2
4903,16.2355,,154.167,,58.0333
4904,16.2388,,154.333,,57.8667
4905,16.2422,,154.5,,57.7
4906,16.2456,,154.667,,57.5333
4907,16.249,,154.833,,57.3667
4908,16.2523,,155,,57.2
4909,16.2557,,155,,57.3714
4910,16.259,,155,,57.5429
4911,16.2623,,155,,57.7143
4912,16.2657,,155,,57.8857
4913,16.269,,155,,58.0571
4914,16.2723,,155,,58.2286
4915,16.2756,,155,,58.4
4916,16.2791,,155,,58.6667
4917,16.2826,,155,,58.9333
4918,16.2861,,155,,59.2
4919,16.2896,,155,,59.4667
4920,16.2931,,155,,59.7333
4921,16.2966,,155,,60
4922,16.2998,,155,,60.0571
4923,16.3031,,155,,60.1143
4924,16.3063,,155,,60.1714
4925,16.3096,,155,,60.2286
4926,16.3128,,155,,60.2857
4927,16.3161,,155,,60.3429
4928,16.3193,,155,,60.4
4929,16.3226,,155,,60.3714
4930,16.3258,,155,,60.3429
4931,16.3291,,155,,60.3143
4932,16.3323,,155,,60.2857
4933,16.3356,,155,,60.2571
4934,16.3388,,155,,60.2286
4935,16.3421,,155,,60.2
4936,16.3452,,154.857,,60
4937,16.3483,,154.714,,59.8
4938,16.3514,,154.571,,59.6
4939,16.3545,,154.429,,59.4
4940,16.3576,,154.286,,59.2
4941,16.3607,,154.143,,59
4942,16.3638,,154,,58.8
4943,16.3668,,154.143,,58.3143
4944,16.3698,,154.286,,57.8286
4945,16.3728,,154.429,,57.3429
4946,16.3758,,154.571,,56.8571
4947,16.3788,,154.714,,56.3714
4948,16.3818,,154.857,,55.8857
4949,16.3848,,155,,55.4
4950,16.388,,154.857,,55.5143
4951,16.3912,,154.714,,55.6286
4952,16.3944,,154.571,,55.7429
4953,16.3975,,154.429,,55.8571
4954,16.4007,,154.286,,55.9714
4955,16.4039,,154.143,,56.0857
4956,16.4071,,154,,56.2
4957,16.4105,,154,,56.2667
4958,16.4138,,154,,56.3333
4959,16.4172,,154,,56.4
4960,16.4206,,154,,56.4667
4961,16.424,,154,,56.5333
4962,16.4273,,154,,56.6
4963,16.4308,,154,,56.6333
4964,16.4343,,154,,56.6667
4965,16.4378,,154,,56.7
4966,16.4412,,154,,56.7333
4967,16.4447,,154,,56.7667
4968,16.4482,,154,,56.8
4969,16.4516,,154.167,,56.6333
4970,16.455,,154.333,,56.4667
4971,16.4583,,154.5,,56.3
4972,16.4617,,154.667,,56.1333
4973,16.4651,,154.833,,55.9667
4974,16.4685,,155,,55.8
4975,16.4721,,155.167,,55.9667
4976,16.4756,,155.333,,56.1333
4977,16.4791,,155.5,,56.3
4978,16.4827,,155.667,,56.4667
4979,16.4862,,155.833,,56.6333
4980,16.4898,,156,,56.8
4981,16.4933,,156,,57.1
4982,16.4968,,156,,57.4
4983,16.5002,,156,,57.7
4984,16.5037,,156,,58
4985,16.5072,,156,,58.3
4986,16.5107,,156,,58.6
4987,16.5141,,156,,58.7
4988,16.5175,,156,,58.8
4989,16.5209,,156,,58.9
4990,16.5244,,156,,59
4991,16.5278,,156,,59.1
4992,16.5312,,156,,59.2
4993,16.5344,,155.714,,59.3429
4994,16.5377,,155.429,,59.4857
4995,16.541,,155.143,,59.6286
4996,16.5442,,154.857,,59.7714
4997,16.5475,,154.571,,59.9143
4998,16.5508,,154.286,,60.0571
4999,16.5541,,154,,60.2
5000,16.5573,,153.714,,59.9143
5001,16.5606,,153.429,,59.6286
5002,16.5639,,153.143,,59.3429
5003,16.5671,,152.857,,59.0571
5004,16.5704,,152.571,,58.7714
5005,16.5737,,152.286,,58.4857
5006,16.577,,152,,58.2
5007,16.5804,,152.167,,58.1667
5008,16.5839,,152.333,,58.1333
5009,16.5873,,152.5,,58.1
5010,16.5908,,152.667,,58.0667
5011,16.5943,,152.833,,58.0333
5012,16.5977,,153,,58
5013,16.6012,,153.167,,58.1
5014,16.6046,,153.333,,58.2
5015,16.6081,,153.5,,58.3
5016,16.6115,,153.667,,58.4
5017,16.615,,153.833,,58.5
5018,16.6184,,154,,58.6
5019,16.6219,,154,,58.7
5020,16.6253,,154,,58.8
5021,16.6288,,154,,58.9
5022,16.6322,,154,,59
5023,16.6356,,154,,59.1
5024,16.6391,,154,,59.2
5025,16.6424,,154.167,,59.2
5026,16.6458,,154.333,,59.2
5027,16.6491,,154.5,,59.2
5028,16.6525,,154.667,,59.2
5029,16.6559,,154.833,,59.2
5030,16.6592,,155,,59.2
5031,16.6625,,155.143,,59.0857
5032,16.6657,,155.286,,58.9714
5033,16.6689,,155.429,,58.8571
5034,16.6721,,155.571,,58.7429
5035,16.6754,,155.714,,58.6286
5036,16.6786,,155.857,,58.5143
5037,16.6818,,156,,58.4
5038,16.6851,,156,,58.4571
5039,16.6884,,156,,58.5143
5040,16.6917,,156,,58.5714
5041,16.6949,,156,,58.6286
5042,16.6982,,156,,58.6857
5043,16.7015,,156,,58.7429
5044,16.7048,,156,,58.8
5045,16.7079,,156,,58.6286
5046,16.7111,,156,,58.4571
5047,16.7143,,156,,58.2857
5048,16.7174,,156,,58.1143
5049,16.7206,,156,,57.9429
5050,16.7237,,156,,57.7714
5051,16.7269,,156,,57.6
5052,16.7302,,156,,57.7714
5053,16.7334,,156,,57.9429
5054,16.7367,,156,,58.1143
5055,16.74,,156,,58.2857
5056,16.7433,,156,,58.4571
5057,16.7466,,156,,58.6286
5058,16.7498,,156,,58.8
5059,16.753,,155.857,,59.3714
5060,16.7561,,155.714,,59.9429
5061,16.7592,,155.571,,60.5143
5062,16.7624,,155.429,,61.0857
5063,16.7655,,155.286,,61.6571
5064,16.7687,,155.143,,62.2286
5065,16.7718,,155,,62.8
5066,16.7752,,155.333,,62.9667
5067,16.7785,,155.667,,63.1333
5068,16.7818,,156,,63.3
5069,16.7852,,156.333,,63.4667
5070,16.7885,,156.667,,63.6333
5071,16.7919,,157,,63.8
5072,16.7952,,160,,64
5073,16.7986,,161,,64.2
5074,16.802,,162,,64.4
5075,16.8054,,163,,64.6
5076,16.8087,,163.5,,64.9
5077,16.812,,164,,65.2
5078,16.8153,,164.5,,65.5
5079,16.8185,,165,,65.8
5080,16.8218,,165.5,,66.1
5081,16.8251,,166,,66.4
5082,16.8283,,167.5,,66.5
5083,16.8316,,169,,66.6
5084,16.8349,,171,,66.6
5085,16.8382,,173,,66.6
5086,16.8415,,173.429,,66.6857
5087,16.8448,,173.857,,66.7714
5088,16.8481,,174.286,,66.8571
5089,16.8513,,174.714,,66.9429
5090,16.8546,,175.143,,67.0286
5091,16.8579,,175.571,,67.1143
5092,16.8612,,176,,67.2
5093,16.8644,,176.286,,67.2857
5094,16.8676,,176.571,,67.3714
5095,16.8708,,176.857,,67.4571
5096,16.874,,177.143,,67.5429
5097,16.8772,,177.429,,67.6286
5098,16.8804,,177.714,,67.7143
5099,16.8836,,178,,67.8
5100,16.8864,,178.125,,67.75
5101,16.8892,,178.25,,67.7
5102,16.892,,178.375,,67.65
5103,16.8948,,178.5,,67.6
5104,16.8977,,178.625,,67.55
5105,16.9005,,178.75,,67.5
5106,16.9033,,178.875,,67.45
5107,16.9061,,179,,67.4
5108,16.909,,179,,67.575
5109,16.9118,,179,,67.75
5110,16.9147,,179,,67.925
5111,16.9176,,179,,68.1
5112,16.9204,,179,,68.275
5113,16.9233,,179,,68.45
5114,16.9262,,179,,68.625
5115,16.9291,,179,,68.8
5116,16.9318,,178.625,,68.675
5117,16.9345,,178.25,,68.55
5118,16.9372,,177.875,,68.425
5119,16.9399,,177.5,,68.3
5120,16.9426,,177.125,,68.175
5121,16.9453,,176.75,,68.05
5122,16.948,,176.375,,67.925
5123,16.9508,,176,,67.8
5124,16.954,,175.714,,68
5125,16.9573,,175.429,,68.2
5126,16.9606,,175.143,,68.4
5127,16.9639,,174.857,,68.6
5128,16.9672,,174.571,,68.8
5129,16.9705,,174.286,,69
5130,16.9738,,174,,69.2
5131,16.9772,,174.167,,68.7333
5132,16.9805,,174.333,,68.2667
5133,16.9839,,174.5,,67.8
5134,16.9873,,174.667,,67.3333
5135,16.9907,,174.833,,66.8667
5136,16.9941,,175,,66.4
5137,16.9975,,174.5,,66.1
5138,17.0009,,174,,65.8
5139,17.0042,,173.667,,65.7
5140,17.0076,,173.333,,65.6
5141,17.011,,173,,65.5
5142,17.0144,,172.667,,65.4
5143,17.0177,,172.333,,65.3
5144,17.0211,,172,,65.2
5145,17.0243,,172.75,,64.85
5146,17.0276,,173.5,,64.5
5147,17.0308,,174.25,,64.15
5148,17.0341,,175,,63.8
5149,17.0373,,174.714,,63.7714
5150,17.0405,,174.429,,63.7429
5151,17.0437,,174.143,,63.7143
5152,17.0469,,173.857,,63.6857
5153,17.0501,,173.571,,63.6571
5154,17.0533,,173.286,,63.6286
5155,17.0565,,173,,63.6
5156,17.0598,,172.857,,63.6571
5157,17.063,,172.714,,63.7143
5158,17.0663,,172.571,,63.7714
5159,17.0695,,172.429,,63.8286
5160,17.0728,,172.286,,63.8857
5161,17.0761,,172.143,,63.9429
5162,17.0793,,172,,64
5163,17.0825,,171.571,,63.9714
5164,17.0857,,171.143,,63.9429
5165,17.0889,,170.714,,63.9143
5166,17.092,,170.286,,63.8857
5167,17.0952,,169.857,,63.8571
5168,17.0984,,169.429,,63.8286
5169,17.1016,,169,,63.8
5170,17.105,,168,,63.6
5171,17.1084,,167,,63.4
5172,17.1118,,166,,63.2
5173,17.1151,,165,,63.1333
5174,17.1185,,164,,63.0667
5175,17.1219,,163,,63
5176,17.1252,,162,,62.8667
5177,17.1285,,161,,62.7333
5178,17.1319,,160,,62.6
5179,17.135,,158.5,,62.6
5180,17.1381,,157,,62.6
5181,17.1413,,155.5,,62.6
5182,17.1445,,154,,62.6
5183,17.1478,,153.25,,62.6
5184,17.1511,,152.5,,62.6
5185,17.1544,,151.75,,62.6
5186,17.1577,,151,,62.6
5187,17.1608,,150.714,,62.6
5188,17.1639,,150.429,,62.6
5189,17.167,,150.143,,62.6
5190,17.1701,,149.857,,62.6
5191,17.1732,,149.571,,62.6
5192,17.1763,,149.286,,62.6
5193,17.1794,,149,,62.6
5194,17.1826,,149.143,,62.6286
5195,17.1859,,149.286,,62.6571
5196,17.1891,,149.429,,62.6857
5197,17.1923,,149.571,,62.7143
5198,17.1955,,149.714,,62.7429
5199,17.1988,,149.857,,62.7714
5200,17.202,,150,,62.8
5201,17.2054,,150,,62.6667
5202,17.2088,,150,,62.5333
5203,17.2122,,150,,62.4
5204,17.2156,,150,,62.2667
5205,17.219,,150,,62.1333
5206,17.2224,,150,,62
5207,17.2258,,150.333,,61.7667
5208,17.2292,,150.667,,61.5333
5209,17.2326,,151,,61.3
5210,17.236,,151.333,,61.0667
5211,17.2394,,151.667,,60.8333
5212,17.2428,,152,,60.6
5213,17.2461,,152.286,,60.4
5214,17.2494,,152.571,,60.2
5215,17.2527,,152.857,,60
5216,17.2561,,153.143,,59.8
5217,17.2594,,153.429,,59.6
5218,17.2627,,153.714,,59.4
5219,17.266,,154,,59.2
5220,17.2695,,154.167,,59.0333
5221,17.273,,154.333,,58.8667
5222,17.2765,,154.5,,58.7
5223,17.28,,154.667,,58.5333
5224,17.2835,,154.833,,58.3667
5225,17.287,,155,,58.2
5226,17.2904,,155,,57.9333
5227,17.2938,,155,,57.6667
5228,17.2972,,155,,57.4
5229,17.3006,,155,,57.1333
5230,17.3039,,155,,56.8667
5231,17.3073,,155,,56.6
5232,17.3106,,155.143,,56.4571
5233,17.3138,,155.286,,56.3143
5234,17.3171,,155.429,,56.1714
5235,17.3203,,155.571,,56.0286
5236,17.3236,,155.714,,55.8857
5237,17.3268,,155.857,,55.7429
5238,17.3301,,156,,55.6
5239,17.3333,,156,,55.3143
5240,17.3366,,156,,55.0286
5241,17.3399,,156,,54.7429
5242,17.3432,,156,,54.4571
5243,17.3465,,156,,54.1714
5244,17.3498,,156,,53.8857
5245,17.3531,,156,,53.6
5246,17.3565,,156.167,,53.4333
5247,17.36,,156.333,,53.2667
5248,17.3634,,156.5,,53.1
5249,17.3669,,156.667,,52.9333
5250,17.3703,,156.833,,52.7667
5251,17.3738,,157,,52.6
5252,17.377,,156.857,,52.5429
5253,17.3803,,156.714,,52.4857
5254,17.3836,,156.571,,52.4286
5255,17.3868,,156.429,,52.3714
5256,17.3901,,156.286,,52.3143
5257,17.3934,,156.143,,52.2571
5258,17.3966,,156,,52.2
5259,17.4,,155.833,,52.1333
5260,17.4034,,155.667,,52.0667
5261,17.4068,,155.5,,52
5262,17.4103,,155.333,,51.9333
5263,17.4137,,155.167,,51.8667
5264,17.4171,,155,,51.8
5265,17.4205,,154.833,,51.8
5266,17.424,,154.667,,51.8
5267,17.4274,,154.5,,51.8
5268,17.4309,,154.333,,51.8
5269,17.4343,,154.167,,51.8
5270,17.4378,,154,,51.8
5271,17.4412,,154.167,,51.9
5272,17.4446,,154.333,,52
5273,17.448,,154.5,,52.1
5274,17.4514,,154.667,,52.2
5275,17.4548,,154.833,,52.3
5276,17.4582,,155,,52.4
5277,17.4616,,155,,52.4667
5278,17.465,,155,,52.5333
5279,17.4685,,155,,52.6
5280,17.4719,,155,,52.6667
5281,17.4753,,155,,52.7333
5282,17.4787,,155,,52.8
5283,17.4819,,155,,53.0286
5284,17.4852,,155,,53.2571
5285,17.4884,,155,,53.4857
5286,17.4916,,155,,53.7143
5287,17.4949,,155,,53.9429
5288,17.4981,,155,,54.1714
5289,17.5014,,155,,54.4
5290,17.5046,,154.714,,54.2286
5291,17.5079,,154.429,,54.0571
5292,17.5111,,154.143,,53.8857
5293,17.5144,,153.857,,53.7143
5294,17.5176,,153.571,,53.5429
5295,17.5209,,153.286,,53.3714
5296,17.5241,,153,,53.2
5297,17.5271,,152.857,,53.1143
5298,17.5301,,152.714,,53.0286
5299,17.533,,152.571,,52.9429
5300,17.536,,152.429,,52.8571
5301,17.5389,,152.286,,52.7714
5302,17.5419,,152.143,,52.6857
5303,17.5449,,152,,52.6
5304,17.5481,,152,,52.7143
5305,17.5513,,152,,52.8286
5306,17.5546,,152,,52.9429
5307,17.5578,,152,,53.0571
5308,17.561,,152,,53.1714
5309,17.5643,,152,,53.2857
5310,17.5675,,152,,53.4
5311,17.5708,,151.8,,53.12
5312,17.5741,,151.6,,52.84
5313,17.5774,,151.4,,52.56
5314,17.5807,,151.2,,52.28
5315,17.584,,151,,52
5316,17.5871,,151,,51.9714
5317,17.5903,,151,,51.9429
5318,17.5935,,151,,51.9143
5319,17.5967,,151,,51.8857
5320,17.5999,,151,,51.8571
5321,17.6031,,151,,51.8286
5322,17.6063,,151,,51.8
5323,17.6095,,151.167,,51.8667
5324,17.6127,,151.333,,51.9333
5325,17.6159,,151.5,,52
5326,17.6191,,151.667,,52.0667
5327,17.6223,,151.833,,52.1333
5328,17.6255,,152,,52.2
5329,17.629,,152.167,,52.3
5330,17.6325,,152.333,,52.4
5331,17.636,,152.5,,52.5
5332,17.6395,,152.667,,52.6
5333,17.643,,152.833,,52.7
5334,17.6465,,153,,52.8
5335,17.6499,,153,,52.8667
5336,17.6533,,153,,52.9333
5337,17.6567,,153,,53
5338,17.6601,,153,,53.0667
5339,17.6635,,153,,53.1333
5340,17.6669,,153,,53.2
5341,17.6703,,153,,53.2
5342,17.6737,,153,,53.2
5343,17.6771,,153,,53.2
5344,17.6805,,153,,53.2
5345,17.6839,,153,,53.2
5346,17.6873,,153,,53.2
5347,17.6907,,152.857,,53.4857
5348,17.694,,152.714,,53.7714
5349,17.6974,,152.571,,54.0571
5350,17.7008,,152.429,,54.3429
5351,17.7042,,152.286,,54.6286
5352,17.7076,,152.143,,54.9143
5353,17.7109,,152,,55.2
5354,17.7144,,152,,55.3
5355,17.7178,,152,,55.4
5356,17.7212,,152,,55.5
5357,17.7247,,152,,55.6
5358,17.7281,,152,,55.7
5359,17.7315,,152,,55.8
5360,17.7349,,152.167,,55.9667
5361,17.7382,,152.333,,56.1333
5362,17.7416,,152.5,,56.3
5363,17.745,,152.667,,56.4667
5364,17.7484,,152.833,,56.6333
5365,17.7517,,153,,56.8
5366,17.7552,,153.167,,56.8333
5367,17.7586,,153.333,,56.8667
5368,17.7621,,153.5,,56.9
5369,17.7655,,153.667,,56.9333
5370,17.769,,153.833,,56.9667
5371,17.7724,,154,,57
5372,17.7758,,154,,57.1667
5373,17.7792,,154,,57.3333
5374,17.7825,,154,,57.5
5375,17.7859,,154,,57.6667
5376,17.7892,,154,,57.8333
5377,17.7926,,154,,58
5378,17.7959,,154,,58.2333
5379,17.7993,,154,,58.4667
5380,17.8026,,154,,58.7
5381,17.806,,154,,58.9333
5382,17.8094,,154,,59.1667
5383,17.8127,,154,,59.4
5384,17.8162,,154.167,,59.5333
5385,17.8197,,154.333,,59.6667
5386,17.8232,,154.5,,59.8
5387,17.8267,,154.667,,59.9333
5388,17.8302,,154.833,,60.0667
5389,17.8337,,155,,60.2
5390,17.8369,,155.143,,60.3143
5391,17.84,,155.286,,60.4286
5392,17.8432,,155.429,,60.5429
5393,17.8464,,155.571,,60.6571
5394,17.8496,,155.714,,60.7714
5395,17.8528,,155.857,,60.8857
5396,17.856,,156,,61
5397,17.8594,,156,,60.6667
5398,17.8628,,156,,60.3333
5399,17.8663,,156,,60
5400,17.8697,,156,,59.6667
5401,17.8731,,156,,59.3333
5402,17.8765,,156,,59
5403,17.8799,,156.167,,58.8
5404,17.8832,,156.333,,58.6
5405,17.8866,,156.5,,58.4
5406,17.8899,,156.667,,58.2
5407,17.8933,,156.833,,58
5408,17.8966,,157,,57.8
5409,17.9001,,157,,57.4667
5410,17.9037,,157,,57.1333
5411,17.9072,,157,,56.8
5412,17.9107,,157,,56.4667
5413,17.9142,,157,,56.1333
5414,17.9177,,157,,55.8
5415,17.9208,,156.857,,55.7143
5416,17.924,,156.714,,55.6286
5417,17.9272,,156.571,,55.5429
5418,17.9303,,156.429,,55.4571
5419,17.9335,,156.286,,55.3714
5420,17.9366,,156.143,,55.2857
5421,17.9398,,156,,55.2
5422,17.943,,156,,55.1714
5423,17.9462,,156,,55.1429
5424,17.9495,,156,,55.1143
5425,17.9527,,156,,55.0857
5426,17.9559,,156,,55.0571
5427,17.9592,,156,,55.0286
5428,17.9624,,156,,55
5429,17.9656,,156,,55
5430,17.9688,,156,,55
5431,17.972,,156,,55
5432,17.9752,,156,,55
5433,17.9784,,156,,55
5434,17.9816,,156,,55
5435,17.9848,,156,,55
5436,17.9881,,156.2,,55.08
5437,17.9913,,156.4,,55.16
5438,17.9945,,156.6,,55.24
5439,17.9978,,156.8,,55.32
5440,18.001,,157,,55.4
5441,18.0041,,156.714,,55.8
5442,18.0072,,156.429,,56.2
5443,18.0103,,156.143,,56.6
5444,18.0134,,155.857,,57
5445,18.0165,,155.571,,57.4
5446,18.0196,,155.286,,57.8
5447,18.0226,,155,,58.2
5448,18.0258,,155,,58.3143
5449,18.029,,155,,58.4286
5450,18.0322,,155,,58.5429
5451,18.0353,,155,,58.6571
5452,18.0385,,155,,58.7714
5453,18.0417,,155,,58.8857
5454,18.0448,,155,,59
5455,18.048,,155.286,,58.6857
5456,18.0512,,155.571,,58.3714
5457,18.0543,,155.857,,58.0571
5458,18.0575,,156.143,,57.7429
5459,18.0606,,156.429,,57.4286
5460,18.0638,,156.714,,57.1143
5461,18.0669,,157,,56.8
5462,18.0701,,157,,56.2857
5463,18.0732,,157,,55.7714
5464,18.0763,,157,,55.2571
5465,18.0794,,157,,54.7429
5466,18.0826,,157,,54.2286
5467,18.0857,,157,,53.7143
5468,18.0888,,157,,53.2
5469,18.0922,,157,,53.2333
5470,18.0956,,157,,53.2667
5471,18.0989,,157,,53.3
5472,18.1023,,157,,53.3333
5473,18.1057,,157,,53.3667
5474,18.1091,,157,,53.4
5475,18.1125,,157,,53.3333
5476,18.116,,157,,53.2667
5477,18.1195,,157,,53.2
5478,18.123,,157,,53.1333
5479,18.1265,,157,,53.0667
5480,18.1299,,157,,53
5481,18.1333,,157.167,,52.7667
5482,18.1367,,157.333,,52.5333
5483,18.1401,,157.5,,52.3
5484,18.1434,,157.667,,52.0667
5485,18.1468,,157.833,,51.8333
5486,18.1502,,158,,51.6
5487,18.1533,,158.143,,51.5429
5488,18.1565,,158.286,,51.4857
5489,18.1596,,158.429,,51.4286
5490,18.1628,,158.571,,51.3714
5491,18.166,,158.714,,51.3143
5492,18.1691,,158.857,,51.2571
5493,18.1723,,159,,51.2
5494,18.1756,,158.571,,51.1714
5495,18.1789,,158.143,,51.1429
5496,18.1822,,157.714,,51.1143
5497,18.1855,,157.286,,51.0857
5498,18.1889,,156.857,,51.0571
5499,18.1922,,156.429,,51.0286
5500,18.1955,,156,,51
5501,18.1987,,155.857,,51
5502,18.2019,,155.714,,51
5503,18.205,,155.571,,51
5504,18.2082,,155.429,,51
5505,18.2114,,155.286,,51
5506,18.2145,,155.143,,51
5507,18.2177,,155,,51
5508,18.221,,154.714,,51.0286
5509,18.2242,,154.429,,51.0571
5510,18.2275,,154.143,,51.0857
5511,18.2307,,153.857,,51.1143
5512,18.234,,153.571,,51.1429
5513,18.2372,,153.286,,51.1714
5514,18.2405,,153,,51.2
5515,18.2438,,153.143,,51.3143
5516,18.2471,,153.286,,51.4286
5517,18.2504,,153.429,,51.5429
5518,18.2537,,153.571,,51.6571
5519,18.257,,153.714,,51.7714
5520,18.2603,,153.857,,51.8857
5521,18.2635,,154,,52
5522,18.2667,,154.143,,52.2286
5523,18.2699,,154.286,,52.4571
5524,18.2731,,154.429,,52.6857
5525,18.2763,,154.571,,52.9143
5526,18.2795,,154.714,,53.1429
5527,18.2826,,154.857,,53.3714
5528,18.2858,,155,,53.6
5529,18.2892,,155.167,,53.6667
5530,18.2925,,155.333,,53.7333
5531,18.2959,,155.5,,53.8
5532,18.2992,,155.667,,53.8667
5533,18.3026,,155.833,,53.9333
5534,18.3059,,156,,54
5535,18.3092,,155.857,,53.6857
5536,18.3124,,155.714,,53.3714
5537,18.3157,,155.571,,53.0571
5538,18.3189,,155.429,,52.7429
5539,18.3222,,155.286,,52.4286
5540,18.3255,,155.143,,52.1143
5541,18.3287,,155,,51.8
5542,18.3322,,154.667,,51.3667
5543,18.3356,,154.333,,50.9333
5544,18.339,,154,,50.5
5545,18.3425,,153.667,,50.0667
5546,18.3459,,153.333,,49.6333
5547,18.3493,,153,,49.2
5548,18.3527,,153,,49.3667
5549,18.3561,,153,,49.5333
5550,18.3595,,153,,49.7
5551,18.3629,,153,,49.8667
5552,18.3662,,153,,50.0333
5553,18.3696,,153,,50.2
5554,18.3728,,153,,50.3429
5555,18.376,,153,,50.4857
5556,18.3792,,153,,50.6286
5557,18.3823,,153,,50.7714
5558,18.3855,,153,,50.9143
5559,18.3887,,153,,51.0571
5560,18.3919,,153,,51.2
5561,18.395,,153.143,,51.2286
5562,18.3982,,153.286,,51.2571
5563,18.4013,,153.429,,51.2857
5564,18.4045,,153.571,,51.3143
5565,18.4076,,153.714,,51.3429
5566,18.4108,,153.857,,51.3714
5567,18.4139,,154,,51.4
5568,18.4173,,154.167,,51.6
5569,18.4208,,154.333,,51.8
5570,18.4242,,154.5,,52
5571,18.4276,,154.667,,52.2
5572,18.431,,154.833,,52.4
5573,18.4344,,155,,52.6
5574,18.4377,,154.857,,52.6
5575,18.441,,154.714,,52.6
5576,18.4444,,154.571,,52.6
5577,18.4477,,154.429,,52.6
5578,18.451,,154.286,,52.6
5579,18.4543,,154.143,,52.6
5580,18.4576,,154,,52.6
5581,18.4609,,153.857,,52.2857
5582,18.4641,,153.714,,51.9714
5583,18.4674,,153.571,,51.6571
5584,18.4706,,153.429,,51.3429
5585,18.4739,,153.286,,51.0286
5586,18.4771,,153.143,,50.7143
5587,18.4804,,153,,50.4
5588,18.4836,,153,,50.2286
5589,18.4868,,153,,50.0571
5590,18.4899,,153,,49.8857
5591,18.4931,,153,,49.7143
5592,18.4963,,153,,49.5429
5593,18.4995,,153,,49.3714
5594,18.5027,,153,,49.2
5595,18.5061,,153,,49.3333
5596,18.5094,,153,,49.4667
5597,18.5128,,153,,49.6
5598,18.5162,,153,,49.7333
5599,18.5195,,153,,49.8667
5600,18.5229,,153,,50
5601,18.5262,,153,,50.1429
5602,18.5295,,153,,50.2857
5603,18.5328,,153,,50.4286
5604,18.5361,,153,,50.5714
5605,18.5393,,153,,50.7143
5606,18.5426,,153,,50.8571
5607,18.5459,,153,,51
5608,18.5491,,153,,51.2857
5609,18.5522,,153,,51.5714
5610,18.5554,,153,,51.8571
5611,18.5585,,153,,52.1429
5612,18.5617,,153,,52.4286
5613,18.5648,,153,,52.7143
5614,18.568,,153,,53
5615,18.5712,,153.143,,53.2571
5616,18.5744,,153.286,,53.5143
5617,18.5776,,153.429,,53.7714
5618,18.5809,,153.571,,54.0286
5619,18.5841,,153.714,,54.2857
5620,18.5873,,153.857,,54.5429
5621,18.5905,,154,,54.8
5622,18.5937,,153.857,,54.7429
5623,18.597,,153.714,,54.6857
5624,18.6002,,153.571,,54.6286
5625,18.6035,,153.429,,54.5714
5626,18.6067,,153.286,,54.5143
5627,18.61,,153.143,,54.4571
5628,18.6133,,153,,54.4
5629,18.6167,,153,,54.2667
5630,18.6201,,153,,54.1333
5631,18.6235,,153,,54
5632,18.6269,,153,,53.8667
5633,18.6304,,153,,53.7333
5634,18.6338,,153,,53.6
5635,18.637,,152.857,,53.7714
5636,18.6402,,152.714,,53.9429
5637,18.6434,,152.571,,54.1143
5638,18.6467,,152.429,,54.2857
5639,18.6499,,152.286,,54.4571
5640,18.6531,,152.143,,54.6286
5641,18.6563,,152,,54.8
5642,18.6596,,151.857,,54.4
5643,18.6629,,151.714,,54
5644,18.6662,,151.571,,53.6
5645,18.6695,,151.429,,53.2
5646,18.6727,,151.286,,52.8
5647,18.676,,151.143,,52.4
5648,18.6793,,151,,52
5649,18.6826,,151.143,,52.2571
5650,18.6858,,151.286,,52.5143
5651,18.689,,151.429,,52.7714
5652,18.6923,,151.571,,53.0286
5653,18.6955,,151.714,,53.2857
5654,18.6988,,151.857,,53.5429
5655,18.702,,152,,53.8
5656,18.7052,,152.286,,53.9429
5657,18.7085,,152.571,,54.0857
5658,18.7117,,152.857,,54.2286
5659,18.715,,153.143,,54.3714
5660,18.7182,,153.429,,54.5143
5661,18.7214,,153.714,,54.6571
5662,18.7247,,154,,54.8
5663,18.7279,,154.143,,54.8286
5664,18.731,,154.286,,54.8571
5665,18.7342,,154.429,,54.8857
5666,18.7374,,154.571,,54.9143
5667,18.7406,,154.714,,54.9429
5668,18.7437,,154.857,,54.9714
5669,18.7469,,155,,55
5670,18.7504,,155.167,,55.2333
5671,18.7538,,155.333,,55.4667
5672,18.7572,,155.5,,55.7
5673,18.7607,,155.667,,55.9333
5674,18.7641,,155.833,,56.1667
5675,18.7676,,156,,56.4
5676,18.7709,,156,,56.4333
5677,18.7743,,156,,56.4667
5678,18.7777,,156,,56.5
5679,18.7811,,156,,56.5333
5680,18.7844,,156,,56.5667
5681,18.7878,,156,,56.6
5682,18.7913,,155.833,,56.8333
5683,18.7947,,155.667,,57.0667
5684,18.7982,,155.5,,57.3
5685,18.8016,,155.333,,57.5333
5686,18.8051,,155.167,,57.7667
5687,18.8086,,155,,58
5688,18.8119,,155,,57.6667
5689,18.8153,,155,,57.3333
5690,18.8187,,155,,57
5691,18.8221,,155,,56.6667
5692,18.8255,,155,,56.3333
5693,18.8289,,155,,56
5694,18.8321,,155,,55.9143
5695,18.8354,,155,,55.8286
5696,18.8387,,155,,55.7429
5697,18.842,,155,,55.6571
5698,18.8452,,155,,55.5714
5699,18.8485,,155,,55.4857
5700,18.8518,,155,,55.4
5701,18.8551,,155,,55.3143
5702,18.8583,,155,,55.2286
5703,18.8616,,155,,55.1429
5704,18.8649,,155,,55.0571
5705,18.8682,,155,,54.9714
5706,18.8715,,155,,54.8857
5707,18.8747,,155,,54.8
5708,18.8782,,154.833,,54.6333
5709,18.8816,,154.667,,54.4667
5710,18.8851,,154.5,,54.3
5711,18.8885,,154.333,,54.1333
5712,18.892,,154.167,,53.9667
5713,18.8954,,154,,53.8
5714,18.8989,,154,,53.6333
5715,18.9024,,154,,53.4667
5716,18.906,,154,,53.3
5717,18.9095,,154,,53.1333
5718,18.913,,154,,52.9667
5719,18.9165,,154,,52.8
5720,18.9197,,154,,52.6857
5721,18.9229,,154,,52.5714
5722,18.9261,,154,,52.4571
5723,18.9292,,154,,52.3429
5724,18.9324,,154,,52.2286
5725,18.9356,,154,,52.1143
5726,18.9388,,154,,52
5727,18.9421,,153.857,,51.8286
5728,18.9454,,153.714,,51.6571
5729,18.9487,,153.571,,51.4857
5730,18.952,,153.429,,51.3143
5731,18.9553,,153.286,,51.1429
5732,18.9586,,153.143,,50.9714
5733,18.9619,,153,,50.8
5734,18.965,,153.167,,50.4333
5735,18.9682,,153.333,,50.0667
5736,18.9714,,153.5,,49.7
5737,18.9746,,153.667,,49.3333
5738,18.9777,,153.833,,48.9667
5739,18.9809,,154,,48.6
5740,18.9839,,154,,48.5429
5741,18.9869,,154,,48.4857
5742,18.9899,,154,,48.4286
5743,18.993,,154,,48.3714
5744,18.996,,154,,48.3143
5745,18.999,,154,,48.2571
5746,19.002,,154,,48.2
5747,19.0053,,154.143,,48.4286
5748,19.0086,,154.286,,48.6571
5749,19.0119,,154.429,,48.8857
5750,19.0153,,154.571,,49.1143
5751,19.0186,,154.714,,49.3429
5752,19.0219,,154.857,,49.5714
5753,19.0252,,155,,49.8
5754,19.0286,,155,,50.1
5755,19.032,,155,,50.4
5756,19.0355,,155,,50.7
5757,19.0389,,155,,51
5758,19.0423,,155,,51.3
5759,19.0457,,155,,51.6
5760,19.049,,155.143,,51.8
5761,19.0524,,155.286,,52
5762,19.0557,,155.429,,52.2
5763,19.059,,155.571,,52.4
5764,19.0623,,155.714,,52.6
5765,19.0656,,155.857,,52.8
5766,19.0689,,156,,53
5767,19.0722,,156,,53.0333
5768,19.0756,,156,,53.0667
5769,19.0789,,156,,53.1
5770,19.0823,,156,,53.1333
5771,19.0856,,156,,53.1667
5772,19.0889,,156,,53.2
5773,19.0924,,156,,53.2667
5774,19.0959,,156,,53.3333
5775,19.0994,,156,,53.4
5776,19.1029,,156,,53.4667
5777,19.1064,,156,,53.5333
5778,19.1099,,156,,53.6
5779,19.1133,,156.167,,53.3667
5780,19.1167,,156.333,,53.1333
5781,19.1201,,156.5,,52.9
5782,19.1235,,156.667,,52.6667
5783,19.1269,,156.833,,52.4333
5784,19.1303,,157,,52.2
5785,19.1335,,157.143,,51.9143
5786,19.1367,,157.286,,51.6286
5787,19.1399,,157.429,,51.3429
5788,19.143,,157.571,,51.0571
5789,19.1462,,157.714,,50.7714
5790,19.1494,,157.857,,50.4857
5791,19.1526,,158,,50.2
5792,19.1561,,158.167,,50.2
5793,19.1597,,158.333,,50.2
5794,19.1632,,158.5,,50.2
5795,19.1668,,158.667,,50.2
5796,19.1703,,158.833,,50.2
5797,19.1739,,159,,50.2
5798,19.1773,,159,,50.4333
5799,19.1808,,159,,50.6667
5800,19.1842,,159,,50.9
5801,19.1877,,159,,51.1333
5802,19.1911,,159,,51.3667
5803,19.1946,,159,,51.6
5804,19.1981,,159,,51.4
5805,19.2017,,159,,51.2
5806,19.2052,,159,,51
5807,19.2088,,159,,50.8
5808,19.2123,,159,,50.6
5809,19.2159,,159,,50.4
5810,19.2192,,159.167,,50.2667
5811,19.2226,,159.333,,50.1333
5812,19.226,,159.5,,50
5813,19.2294,,159.667,,49.8667
5814,19.2328,,159.833,,49.7333
5815,19.2362,,160,,49.6
5816,19.2396,,160,,49.4
5817,19.243,,160,,49.2
5818,19.2464,,160,,49
5819,19.2498,,160,,48.8
5820,19.2532,,160,,48.6
5821,19.2567,,160,,48.4
5822,19.2602,,159.833,,48.2
5823,19.2636,,159.667,,48
5824,19.2671,,159.5,,47.8
5825,19.2706,,159.333,,47.6
5826,19.2741,,159.167,,47.4
5827,19.2776,,159,,47.2
5828,19.281,,159.333,,47.2333
5829,19.2844,,159.667,,47.2667
5830,19.2878,,160,,47.3
5831,19.2912,,160.333,,47.3333
5832,19.2947,,160.667,,47.3667
5833,19.2981,,161,,47.4
5834,19.3013,,161,,47.3714
5835,19.3045,,161,,47.3429
5836,19.3078,,161,,47.3143
5837,19.311,,161,,47.2857
5838,19.3143,,161,,47.2571
5839,19.3175,,161,,47.2286
5840,19.3207,,161,,47.2
5841,19.3243,,161,,47.1667
5842,19.3278,,161,,47.1333
5843,19.3313,,161,,47.1
5844,19.3348,,161,,47.0667
5845,19.3383,,161,,47.0333
5846,19.3418,,161,,47
5847,19.3454,,160.833,,47.0667
5848,19.349,,160.667,,47.1333
5849,19.3525,,160.5,,47.2
5850,19.3561,,160.333,,47.2667
5851,19.3597,,160.167,,47.3333
5852,19.3633,,160,,47.4
5853,19.3668,,160.167,,47.2
5854,19.3703,,160.333,,47
5855,19.3738,,160.5,,46.8
5856,19.3773,,160.667,,46.6
5857,19.3808,,160.833,,46.4
5858,19.3843,,161,,46.2
5859,19.3875,,161,,46.2571
5860,19.3907,,161,,46.3143
5861,19.3939,,161,,46.3714
5862,19.3972,,161,,46.4286
5863,19.4004,,161,,46.4857
5864,19.4036,,161,,46.5429
5865,19.4068,,161,,46.6
5866,19.4103,,161,,46.6
5867,19.4138,,161,,46.6
5868,19.4172,,161,,46.6
5869,19.4207,,161,,46.6
5870,19.4242,,161,,46.6
5871,19.4276,,161,,46.6
5872,19.431,,161.167,,46.5
5873,19.4344,,161.333,,46.4
5874,19.4378,,161.5,,46.3
5875,19.4412,,161.667,,46.2
5876,19.4446,,161.833,,46.1
5877,19.448,,162,,46
5878,19.4513,,162,,46.0286
5879,19.4546,,162,,46.0571
5880,19.4579,,162,,46.0857
5881,19.4612,,162,,46.1143
5882,19.4645,,162,,46.1429
5883,19.4678,,162,,46.1714
5884,19.4711,,162,,46.2
5885,19.4743,,161.857,,46.5143
5886,19.4775,,161.714,,46.8286
5887,19.4806,,161.571,,47.1429
5888,19.4838,,161.429,,47.4571
5889,19.487,,161.286,,47.7714
5890,19.4902,,161.143,,48.0857
5891,19.4933,,161,,48.4
5892,19.4963,,160.833,,48.6667
5893,19.4992,,160.667,,48.9333
5894,19.5021,,160.5,,49.2
5895,19.505,,160.333,,49.4667
5896,19.5079,,160.167,,49.7333
5897,19.5109,,160,,50
5898,19.5135,,159.875,,50.025
5899,19.5161,,159.75,,50.05
5900,19.5187,,159.625,,50.075
5901,19.5213,,159.5,,50.1
5902,19.5239,,159.375,,50.125
5903,19.5265,,159.25,,50.15
5904,19.5291,,159.125,,50.175
5905,19.5317,,159,,50.2
5906,19.5348,,159.143,,50.1714
5907,19.5379,,159.286,,50.1429
5908,19.541,,159.429,,50.1143
5909,19.5441,,159.571,,50.0857
5910,19.5472,,159.714,,50.0571
5911,19.5503,,159.857,,50.0286
5912,19.5534,,160,,50
5913,19.5563,,159.857,,50.0857
5914,19.5591,,159.714,,50.1714
5915,19.562,,159.571,,50.2571
5916,19.5649,,159.429,,50.3429
5917,19.5677,,159.286,,50.4286
5918,19.5706,,159.143,,50.5143
5919,19.5734,,159,,50.6
5920,19.5766,,159.143,,50.8
5921,19.5797,,159.286,,51
5922,19.5828,,159.429,,51.2
5923,19.5859,,159.571,,51.4
5924,19.5891,,159.714,,51.6
5925,19.5922,,159.857,,51.8
5926,19.5953,,160,,52
5927,19.5994,,159.8,,52.16
5928,19.6034,,159.6,,52.32
5929,19.6074,,159.4,,52.48
5930,19.6115,,159.2,,52.64
5931,19.6155,,159,,52.8
5932,19.6182,,158.875,,52.85
5933,19.6208,,158.75,,52.9
5934,19.6234,,158.625,,52.95
5935,19.626,,158.5,,53
5936,19.6287,,158.375,,53.05
5937,19.6313,,158.25,,53.1
5938,19.6339,,158.125,,53.15
5939,19.6366,,158,,53.2
5940,19.6398,,157.857,,53.0286
5941,19.643,,157.714,,52.8571
5942,19.6462,,157.571,,52.6857
5943,19.6495,,157.429,,52.5143
5944,19.6527,,157.286,,52.3429
5945,19.6559,,157.143,,52.1714
5946,19.6591,,157,,52
5947,19.6626,,157.167,,52.0333
5948,19.6661,,157.333,,52.0667
5949,19.6695,,157.5,,52.1
5950,19.673,,157.667,,52.1333
5951,19.6764,,157.833,,52.1667
5952,19.6799,,158,,52.2
5953,19.6833,,158,,52.3714
5954,19.6867,,158,,52.5429
5955,19.6901,,158,,52.7143
5956,19.6935,,158,,52.8857
5957,19.6969,,158,,53.0571
5958,19.7003,,158,,53.2286
5959,19.7037,,158,,53.4
5960,19.7074,,157.833,,53.9667
5961,19.711,,157.667,,54.5333
5962,19.7147,,157.5,,55.1
5963,19.7184,,157.333,,55.6667
5964,19.7221,,157.167,,56.2333
5965,19.7258,,157,,56.8
5966,19.729,,156.857,,56.6571
5967,19.7321,,156.714,,56.5143
5968,19.7353,,156.571,,56.3714
5969,19.7385,,156.429,,56.2286
5970,19.7417,,156.286,,56.0857
5971,19.7449,,156.143,,55.9429
5972,19.748,,156,,55.8
5973,19.7511,,156,,55.6286
5974,19.7541,,156,,55.4571
5975,19.7572,,156,,55.2857
5976,19.7602,,156,,55.1143
5977,19.7632,,156,,54.9429
5978,19.7663,,156,,54.7714
5979,19.7693,,156,,54.6
5980,19.7725,,156.143,,54.7714
5981,19.7757,,156.286,,54.9429
5982,19.7789,,156.429,,55.1143
5983,19.7821,,156.571,,55.2857
5984,19.7853,,156.714,,55.4571
5985,19.7885,,156.857,,55.6286
5986,19.7917,,157,,55.8
5987,19.7951,,157,,55.6333
5988,19.7985,,157,,55.4667
5989,19.802,,157,,55.3
5990,19.8054,,157,,55.1333
5991,19.8088,,157,,54.9667
5992,19.8122,,157,,54.8
5993,19.8156,,157,,54.8
5994,19.8191,,157,,54.8
5995,19.8224,,157,,54.8
5996,19.8258,,157,,54.8
5997,19.8293,,157,,54.8
5998,19.8327,,157,,54.8
5999,19.8361,,157,,54.9333
6000,19.8396,,157,,55.0667
6001,19.8431,,157,,55.2
6002,19.8466,,157,,55.3333
6003,19.85,,157,,55.4667
6004,19.8535,,157,,55.6
6005,19.8568,,156.857,,55.6
6006,19.86,,156.714,,55.6
6007,19.8633,,156.571,,55.6
6008,19.8665,,156.429,,55.6
6009,19.8698,,156.286,,55.6
6010,19.873,,156.143,,55.6
6011,19.8762,,156,,55.6
6012,19.8792,,155.857,,54.9429
6013,19.8822,,155.714,,54.2857
6014,19.8852,,155.571,,53.6286
6015,19.8882,,155.429,,52.9714
6016,19.8912,,155.286,,52.3143
6017,19.8942,,155.143,,51.6571
6018,19.8972,,155,,51
6019,19.9002,,154,,50.6
6020,19.9071,,154,,51.0667
6021,19.9139,,154,,51.5333
6022,19.9207,,154,,52
6023,19.9267,,154.25,,53.05
6024,19.9328,,154.5,,54.1
6025,19.9388,,154.75,,55.15
6026,19.9448,,155,,56.2
6027,19.9494,,155,,56.68
6028,19.954,,155,,57.16
6029,19.9586,,155,,57.64
6030,19.9632,,155,,58.12
6031,19.9678,,155,,58.6
6032,19.9717,,155,,58.6333
6033,19.9755,,155,,58.6667
6034,19.9794,,155,,58.7
6035,19.9832,,155,,58.7333
6036,19.9871,,155,,58.7667
6037,19.9909,,155,,58.8
6038,19.9945,,155,,58.9333
6039,19.998,,155,,59.0667
6040,20.0016,,155,,59.2
6041,20.0054,,155,,59.2333
6042,20.0092,,155,,59.2667
6043,20.0131,,155,,59.3
6044,20.0169,,155,,59.3333
6045,20.0207,,155,,59.3667
6046,20.0245,,155,,59.4
6047,20.0275,,155,,59.2857
6048,20.0304,,155,,59.1714
6049,20.0333,,155,,59.0571
6050,20.0362,,155,,58.9429
6051,20.0391,,155,,58.8286
6052,20.0421,,155,,58.7143
6053,20.045,,155,,58.6
6054,20.0472,,154.8,,59.4
6055,20.0495,,154.6,,60.2
6056,20.0517,,154.4,,61
6057,20.054,,154.2,,61.8
6058,20.0562,,154,,62.6
6059,20.06,,154,,61.8
6060,20.0638,,154,,61
6061,20.0676,,154,,60.2
6062,20.0714,,154,,59.4
