secs,km,power,hr,cad,alt
0,0,,80,,118
1,0.00132,,84,,118
2,0.00384,,85,,118
3,0.0072,,88,,118
4,0.01075,,91,,118
5,0.01426,,93,,118
6,0.01797,,93,,117.8
7,0.02151,,93,,117.8
8,0.02508,,93,,117.8
9,0.02847,,93,,117.6
10,0.0318,,94,,117.6
11,0.03548,,97,,117.6
12,0.03893,,104,,117.4
13,0.04248,,107,,117.4
14,0.04614,,110,,117.2
15,0.0495,,110,,117.2
16,0.05295,,114,,117.2
17,0.05636,,115,,117
18,0.06018,,116,,117
19,0.06386,,117,,117
20,0.06736,,118,,117
21,0.07097,,119,,116.8
22,0.07472,,120,,116.8
23,0.07808,,120,,116.8
24,0.08134,,121,,116.8
25,0.08505,,122,,116.8
26,0.08889,,122,,116.8
27,0.09235,,123,,116.6
28,0.09591,,124,,116.6
29,0.09954,,126,,116.6
30,0.10365,,126,,116.6
31,0.10785,,127,,116.6
32,0.11202,,128,,117
33,0.1161,,129,,117.4
34,0.1199,,129,,117.6
35,0.12366,,129,,118
36,0.12732,,129,,118.2
37,0.1311,,130,,118.6
38,0.13466,,130,,118.8
39,0.13799,,129,,119.2
40,0.14155,,130,,119.4
41,0.14518,,130,,119.6
42,0.14846,,131,,120
43,0.15191,,130,,120.2
44,0.15556,,130,,120.4
45,0.15932,,131,,120.6
46,0.16311,,131,,120.8
47,0.16662,,131,,121
48,0.17014,,131,,121.2
49,0.17395,,131,,121.4
50,0.17751,,131,,121.8
51,0.18132,,130,,122
52,0.18518,,130,,122.2
53,0.18914,,131,,122.4
54,0.1924,,131,,122.6
55,0.19618,,132,,122.8
56,0.2001,,131,,123
57,0.20412,,131,,123.2
58,0.20792,,131,,123.2
59,0.21149,,131,,123.4
60,0.21483,,131,,123.4
61,0.21828,,131,,123.4
62,0.22197,,130,,123.6
63,0.22536,,131,,123.6
64,0.22821,,130,,123.6
65,0.2313,,131,,123.6
66,0.23461,,131,,123.8
67,0.23816,,131,,123.6
68,0.24166,,130,,123.8
69,0.24505,,130,,123.8
70,0.2482,,131,,123.8
71,0.25146,,131,,123.8
72,0.25544,,131,,123.8
73,0.25897,,134,,123.8
74,0.2624,,134,,123.8
75,0.26617,,134,,123.8
76,0.27,,134,,123.8
77,0.27403,,135,,123.8
78,0.27782,,134,,123.8
79,0.28207,,134,,123.8
80,0.28576,,134,,124
81,0.28982,,134,,124
82,0.29425,,134,,124
83,0.29838,,133,,124
84,0.30213,,133,,124
85,0.30593,,133,,124
86,0.30951,,134,,124
87,0.31318,,134,,124
88,0.3167,,134,,124
89,0.32024,,134,,124
90,0.32373,,134,,124
91,0.32684,,134,,124
92,0.33012,,134,,124
93,0.33351,,135,,124
94,0.33689,,135,,124
95,0.34051,,135,,124
96,0.34404,,136,,123.8
97,0.34756,,136,,123.8
98,0.35132,,135,,123.8
99,0.35487,,136,,123.8
100,0.35851,,135,,123.8
101,0.36189,,135,,123.8
102,0.36482,,136,,123.8
103,0.36747,,135,,123.8
104,0.3703,,135,,123.8
105,0.37568,,134,,123.8
106,0.37568,,134,,123.8
107,0.38234,,134,,123.4
108,0.38653,,135,,123.2
109,0.38653,,134,,123.2
110,0.39389,,134,,122.8
111,0.39389,,134,,122.8
112,0.40086,,134,,122.4
113,0.40086,,134,,122.4
114,0.40801,,135,,122.2
115,0.40801,,135,,122.2
116,0.41597,,134,,121.8
117,0.41597,,134,,121.8
118,0.42251,,135,,121.4
119,0.42251,,134,,121.4
120,0.42882,,134,,121.2
121,0.42882,,133,,121.2
122,0.43544,,131,,121.2
123,0.43544,,131,,121.2
124,0.44274,,134,,120.8
125,0.44274,,135,,120.8
126,0.44959,,135,,120.6
127,0.44959,,134,,120.6
128,0.45645,,135,,120.2
129,0.45645,,135,,120.2
130,0.4629,,136,,119.8
131,0.4629,,135,,119.8
132,0.47015,,135,,119.4
133,0.47378,,135,,119.2
134,0.47378,,136,,119.2
135,0.48131,,135,,119
136,0.48131,,135,,119
137,0.48857,,135,,118.8
138,0.48857,,134,,118.8
139,0.49593,,135,,118.8
140,0.49593,,135,,118.8
141,0.50336,,133,,118.6
142,0.50336,,134,,118.6
143,0.511,,133,,118.6
144,0.511,,133,,118.6
145,0.51841,,133,,118.6
146,0.51841,,134,,118.6
147,0.52544,,135,,118.4
148,0.52544,,136,,118.4
149,0.53258,,133,,118.4
150,0.53258,,134,,118.4
151,0.54013,,134,,118.2
152,0.54013,,134,,118.2
153,0.54772,,134,,118.2
154,0.54772,,134,,118.2
155,0.5512,,134,,118.4
156,0.55485,,133,,118.4
157,0.56154,,134,,118.4
158,0.56492,,134,,118.4
159,0.56492,,133,,118.4
160,0.57168,,133,,118.6
161,0.57168,,133,,118.6
162,0.57836,,134,,118.8
163,0.57836,,133,,118.8
164,0.58511,,134,,118.8
165,0.58511,,134,,118.8
166,0.59238,,135,,118.8
167,0.59238,,135,,118.8
168,0.59863,,136,,118.8
169,0.59863,,134,,118.8
170,0.60441,,135,,118.8
171,0.60441,,135,,118.8
172,0.61036,,134,,118.8
173,0.61036,,134,,118.8
174,0.61774,,135,,119.2
175,0.61774,,134,,119.2
176,0.62543,,136,,119.6
177,0.62543,,137,,119.6
178,0.63275,,138,,120
179,0.63275,,138,,120
180,0.63877,,139,,120.4
181,0.63877,,138,,120.4
182,0.64521,,139,,120.6
183,0.64834,,138,,120.6
184,0.64834,,138,,120.6
185,0.65176,,140,,120.8
186,0.65516,,139,,120.8
187,0.66213,,140,,120.6
188,0.66213,,139,,120.6
189,0.66914,,139,,120.6
190,0.66914,,140,,120.6
191,0.67614,,140,,120.6
192,0.67614,,141,,120.6
193,0.68328,,141,,120.8
194,0.68328,,142,,120.8
195,0.69078,,142,,120.8
196,0.69078,,142,,120.8
197,0.69811,,142,,121
198,0.69811,,142,,121
199,0.70516,,142,,121.2
200,0.70516,,142,,121.2
201,0.71217,,142,,121.2
202,0.71217,,143,,121.2
203,0.71954,,142,,121.2
204,0.71954,,143,,121.2
205,0.72688,,145,,121
206,0.72688,,143,,121
207,0.73417,,143,,121
208,0.73768,,144,,120.8
209,0.73768,,142,,120.8
210,0.74464,,143,,120.6
211,0.74464,,143,,120.6
212,0.75149,,142,,120.2
213,0.75149,,143,,120.2
214,0.75829,,143,,120
215,0.75829,,144,,120
216,0.76442,,143,,119.8
217,0.76442,,143,,119.8
218,0.77157,,142,,119.6
219,0.77157,,142,,119.6
220,0.77844,,143,,119.4
221,0.77844,,142,,119.4
222,0.78536,,142,,118.8
223,0.78536,,142,,118.8
224,0.79207,,141,,118.4
225,0.79207,,141,,118.4
226,0.79937,,140,,118.2
227,0.79937,,141,,118.2
228,0.80581,,140,,118
229,0.80581,,140,,118
230,0.81168,,140,,118
231,0.81168,,140,,118
232,0.81729,,141,,117.8
233,0.82096,,141,,117.8
234,0.82096,,141,,117.8
235,0.82517,,140,,117.6
236,0.82929,,140,,117.6
237,0.83299,,140,,117.6
238,0.83665,,140,,117.4
239,0.84308,,140,,117.4
240,0.84308,,142,,117.4
241,0.85063,,142,,117.2
242,0.85063,,142,,117.2
243,0.85785,,141,,117
244,0.85785,,142,,117
245,0.86129,,142,,117
246,0.86418,,141,,117
247,0.86753,,144,,117
248,0.87016,,143,,117
249,0.87735,,142,,117
250,0.87735,,142,,117
251,0.88454,,141,,117
252,0.88454,,141,,117
253,0.8915,,141,,117.2
254,0.8915,,139,,117.2
255,0.8965,,142,,117.2
256,0.8965,,142,,117.2
257,0.90208,,137,,117.2
258,0.90539,,135,,117.2
259,0.90539,,136,,117.2
260,0.91258,,137,,117.2
261,0.91258,,139,,117.2
262,0.91854,,140,,117.4
263,0.91854,,139,,117.4
264,0.92436,,139,,117.2
265,0.92436,,139,,117.2
266,0.92923,,139,,117.2
267,0.92923,,139,,117.2
268,0.93225,,139,,117.2
269,0.93225,,139,,117.2
270,0.93792,,140,,117
271,0.93792,,139,,117
272,0.94343,,141,,117
273,0.94343,,141,,117
274,0.94596,,141,,116.8
275,0.94826,,142,,116.8
276,0.95477,,142,,116.6
277,0.95477,,142,,116.6
278,0.96088,,143,,116.6
279,0.96088,,142,,116.6
280,0.96845,,144,,116.4
281,0.96845,,144,,116.4
282,0.97543,,143,,116.2
283,0.9792,,145,,116
284,0.9792,,144,,116
285,0.98524,,143,,116.2
286,0.98524,,144,,116.2
287,0.99086,,144,,116.2
288,0.99086,,144,,116.2
289,0.99697,,144,,116
290,0.99697,,145,,116
291,1.00271,,143,,116
292,1.00271,,144,,116
292,1.00271,,144,,116
293,1.00833,,144,,115.8
294,1.00833,,143,,115.8
295,1.01191,,144,,115.8
296,1.01511,,143,,115.8
297,1.01836,,143,,115.8
298,1.02579,,144,,115.6
299,1.02579,,143,,115.6
300,1.02912,,142,,115.6
301,1.03209,,144,,115.6
302,1.03488,,143,,115.6
303,1.03796,,143,,115.6
304,1.04114,,143,,115.6
305,1.04398,,143,,115.4
306,1.04668,,143,,115.4
307,1.04914,,144,,115.4
308,1.05191,,143,,115.4
309,1.05756,,144,,115.2
310,1.05756,,142,,115.2
311,1.06009,,142,,115.2
312,1.06241,,143,,115
313,1.06511,,143,,115
314,1.06891,,142,,114.8
315,1.07352,,142,,114.8
316,1.07782,,141,,114.6
317,1.08178,,141,,114.6
318,1.08577,,142,,114.4
319,1.08963,,141,,114.4
320,1.09351,,142,,114.2
321,1.09677,,142,,114.2
322,1.10024,,142,,114.2
323,1.10456,,142,,114
324,1.1088,,141,,114
325,1.11271,,141,,114
326,1.11716,,142,,114
327,1.12135,,142,,114
328,1.12524,,143,,114
329,1.12941,,142,,114.2
330,1.13334,,141,,114.2
331,1.13675,,143,,114
332,1.14041,,142,,114
333,1.14398,,142,,114
334,1.14734,,142,,114
335,1.15071,,141,,114
336,1.15427,,142,,114
337,1.15778,,141,,114
338,1.16142,,141,,114
339,1.16518,,142,,114
340,1.16874,,141,,114
341,1.1722,,142,,114
342,1.17545,,141,,114
343,1.17872,,141,,114
344,1.18249,,142,,114
345,1.18625,,141,,114.2
346,1.19011,,142,,114.2
347,1.19366,,143,,114.4
348,1.19669,,142,,114.4
349,1.20015,,143,,114.4
350,1.20354,,143,,114.6
351,1.20738,,142,,114.6
352,1.21097,,143,,114.8
353,1.21458,,143,,114.8
354,1.21823,,143,,115
355,1.22143,,144,,115
356,1.22444,,143,,115.2
357,1.22785,,143,,115.2
358,1.23148,,144,,115.2
359,1.23505,,143,,115.4
360,1.23817,,142,,115.4
361,1.24233,,143,,115.6
362,1.24924,,142,,115.8
363,1.24924,,143,,115.8
364,1.25302,,143,,115.8
365,1.25668,,143,,115.8
366,1.26038,,143,,115.8
367,1.26389,,143,,115.8
368,1.27103,,143,,116
369,1.27103,,143,,116
370,1.27476,,144,,116
371,1.2782,,143,,116
372,1.28178,,144,,116
373,1.2855,,143,,116
374,1.28892,,144,,116
375,1.29285,,144,,116
376,1.29618,,143,,116
377,1.29947,,143,,116
378,1.30329,,143,,116
379,1.30674,,143,,116
380,1.31014,,144,,116
381,1.31344,,143,,116
382,1.31666,,143,,116
383,1.32022,,144,,116
384,1.32367,,143,,116.2
385,1.32695,,145,,116.2
386,1.3306,,145,,116.2
387,1.33452,,144,,116.4
388,1.33819,,144,,116.4
389,1.3418,,145,,116.4
390,1.34512,,144,,116.6
391,1.34838,,144,,116.6
392,1.35198,,144,,116.6
393,1.35517,,143,,116.8
394,1.35823,,143,,116.8
395,1.36117,,144,,117
396,1.36424,,143,,117.2
397,1.36723,,143,,117.2
398,1.37039,,143,,117.4
399,1.37328,,143,,117.4
400,1.37613,,143,,117.6
401,1.37986,,144,,117.6
402,1.38361,,144,,117.6
403,1.3869,,144,,117.6
404,1.38899,,141,,117.6
405,1.39156,,140,,117.8
406,1.39416,,141,,117.8
407,1.39745,,144,,117.8
408,1.40067,,144,,117.8
409,1.40408,,144,,118
410,1.40736,,145,,118
411,1.41064,,145,,118
412,1.41415,,143,,118.2
413,1.41757,,144,,118.2
414,1.42116,,144,,118.4
415,1.42456,,142,,118.4
416,1.42764,,143,,118.4
417,1.43061,,144,,118.4
418,1.43365,,143,,118.6
419,1.43678,,144,,118.6
420,1.43976,,145,,118.6
421,1.4427,,144,,118.6
422,1.44576,,144,,118.6
423,1.44896,,145,,118.4
424,1.4522,,143,,118.4
425,1.45564,,144,,118.2
426,1.45935,,145,,118.2
427,1.46265,,144,,118
428,1.46589,,143,,118
429,1.46935,,144,,118
430,1.47289,,145,,117.8
431,1.47634,,144,,117.8
432,1.47999,,145,,117.6
433,1.48372,,144,,117.6
434,1.48714,,143,,117.4
435,1.49026,,143,,117.4
436,1.49337,,144,,117.2
437,1.49647,,142,,117.2
438,1.49967,,144,,117
439,1.50327,,144,,117.2
440,1.5066,,143,,117.2
441,1.50985,,143,,117
442,1.51336,,144,,117
443,1.51682,,143,,117
444,1.52004,,143,,116.8
445,1.52319,,144,,116.8
446,1.52668,,143,,116.6
447,1.52969,,143,,116.6
448,1.53296,,144,,116.4
449,1.53644,,143,,116.4
450,1.53962,,143,,116.4
451,1.54277,,144,,116.2
452,1.5462,,144,,116.2
453,1.54938,,144,,116
454,1.55265,,145,,116
455,1.55635,,143,,115.8
456,1.56014,,143,,115.8
457,1.56346,,145,,115.6
458,1.56661,,143,,115.6
459,1.56961,,143,,115.6
460,1.57311,,144,,115.4
461,1.57733,,143,,115.2
462,1.58157,,146,,115.2
463,1.58519,,146,,115
464,1.5895,,145,,115
465,1.59384,,146,,114.8
466,1.59778,,145,,114.8
467,1.6021,,145,,114.6
468,1.60569,,146,,114.6
469,1.60896,,146,,114.6
470,1.61269,,145,,114.6
471,1.61641,,146,,114.6
472,1.61969,,146,,114.8
473,1.62295,,146,,114.8
474,1.62589,,145,,115
475,1.62898,,146,,115
476,1.63234,,147,,115.2
477,1.63576,,146,,115.2
478,1.6391,,146,,115.2
479,1.64236,,147,,115.2
480,1.64574,,145,,115.2
481,1.64895,,145,,115.2
482,1.65235,,146,,115.2
483,1.65563,,145,,115.2
484,1.65895,,144,,115.2
485,1.6622,,145,,115.2
486,1.66547,,145,,115.2
487,1.66889,,144,,115.2
488,1.67214,,144,,115.4
489,1.67559,,144,,115.4
490,1.67921,,143,,115.4
491,1.68294,,144,,115.4
492,1.68654,,144,,115.4
493,1.68979,,143,,115.4
494,1.69298,,144,,115.4
495,1.6965,,144,,115.2
496,1.6998,,143,,115.2
497,1.70334,,144,,115
498,1.70681,,144,,114.8
499,1.70965,,144,,114.8
500,1.71321,,144,,114.6
501,1.71667,,143,,114.4
502,1.71995,,143,,114.4
503,1.72356,,144,,114.2
504,1.7267,,143,,114.2
505,1.73008,,143,,114
506,1.73327,,144,,114
507,1.73682,,144,,113.8
508,1.74006,,145,,113.8
509,1.74317,,145,,113.6
510,1.7466,,144,,113.6
511,1.74997,,145,,113.6
512,1.75362,,145,,113.4
513,1.75715,,143,,113.2
514,1.76066,,143,,113.2
515,1.7638,,144,,113
516,1.76695,,144,,113
517,1.77006,,145,,113
518,1.77339,,144,,113
519,1.77691,,144,,112.8
520,1.78026,,145,,112.8
521,1.78349,,144,,112.8
522,1.78659,,143,,112.6
523,1.78939,,144,,112.6
524,1.79233,,145,,112.4
525,1.79519,,144,,112.4
526,1.79833,,145,,112.4
527,1.80173,,146,,112.2
528,1.80493,,145,,112.2
529,1.80818,,146,,112
530,1.81183,,146,,112
531,1.81526,,146,,112
532,1.81885,,146,,112.2
533,1.82222,,147,,112.2
534,1.82551,,146,,112.4
535,1.82882,,145,,112.6
536,1.83217,,146,,112.6
537,1.83534,,146,,112.8
538,1.83836,,146,,112.8
539,1.8418,,146,,113
540,1.84526,,146,,113.2
541,1.84887,,146,,113.2
542,1.8526,,147,,113.4
543,1.85643,,145,,113.6
544,1.86014,,146,,113.6
545,1.8637,,145,,113.8
546,1.86705,,144,,114
547,1.8705,,145,,114
548,1.87376,,146,,114.2
549,1.87714,,144,,114.4
550,1.88091,,144,,114.4
551,1.88449,,145,,114.6
552,1.88756,,144,,114.6
553,1.8909,,143,,114.8
554,1.8942,,144,,114.8
555,1.89803,,145,,115
556,1.90184,,144,,115
557,1.90546,,144,,115.2
558,1.90952,,144,,115.2
559,1.91339,,144,,115.4
560,1.91815,,144,,115.4
561,1.92195,,144,,115.6
562,1.92572,,143,,115.6
563,1.92903,,144,,115.8
564,1.93277,,145,,115.8
565,1.93595,,145,,116
566,1.93929,,144,,116
567,1.94228,,145,,116
568,1.94499,,145,,116
569,1.94797,,144,,116
570,1.95097,,146,,116
571,1.95369,,145,,115.8
572,1.957,,145,,115.8
573,1.95999,,145,,115.8
574,1.96305,,145,,115.8
575,1.96677,,145,,115.8
576,1.97024,,144,,115.8
577,1.97404,,145,,115.8
578,1.9774,,145,,115.6
579,1.98058,,145,,115.6
580,1.98413,,146,,115.8
581,1.98744,,146,,115.8
582,1.99076,,144,,115.8
583,1.9941,,146,,116
584,1.99747,,146,,116
585,2.00073,,145,,116
586,2.00405,,146,,116
586,2.00405,,146,,116
587,2.00692,,146,,116
588,2.01053,,146,,116
589,2.01414,,145,,116
590,2.02087,,146,,116
591,2.02087,,146,,116
592,2.02423,,145,,116
593,2.0275,,146,,116
594,2.0309,,146,,116
595,2.03438,,147,,116
596,2.03771,,147,,116
597,2.0412,,148,,116
598,2.04439,,147,,116
599,2.04811,,147,,116
600,2.05171,,148,,116
601,2.05502,,147,,116
602,2.05823,,147,,116
603,2.06166,,147,,116
604,2.06531,,148,,116
605,2.06934,,148,,116
606,2.07302,,145,,116
607,2.07631,,146,,116
608,2.07999,,145,,116
609,2.08387,,144,,116
610,2.08752,,143,,115.8
611,2.09106,,144,,115.8
612,2.0948,,142,,115.8
613,2.09814,,143,,115.8
614,2.10148,,143,,115.8
615,2.10476,,142,,115.8
616,2.10815,,142,,115.8
617,2.11143,,142,,115.8
618,2.11519,,142,,115.8
619,2.11858,,143,,115.8
620,2.12196,,143,,116
621,2.12568,,144,,116
622,2.12953,,145,,116
623,2.1328,,144,,116
624,2.1359,,144,,116
625,2.13909,,146,,116
626,2.14244,,144,,116
627,2.14604,,146,,116
628,2.14954,,146,,116
629,2.15307,,146,,116
630,2.15661,,145,,115.8
631,2.16071,,147,,115.8
632,2.16461,,147,,115.8
633,2.16816,,145,,115.8
634,2.17211,,145,,115.8
635,2.17587,,146,,115.8
636,2.17904,,146,,115.8
637,2.18195,,145,,115.8
638,2.18478,,146,,115.8
639,2.18746,,146,,116
640,2.19092,,145,,116.2
641,2.1942,,146,,116.4
642,2.19755,,146,,116.6
643,2.20082,,146,,116.8
644,2.2041,,145,,117
645,2.20734,,147,,117.2
646,2.21083,,146,,117.4
647,2.2144,,146,,117.6
648,2.21745,,146,,117.8
649,2.22075,,146,,118
650,2.22431,,145,,118.2
651,2.22735,,147,,118.4
652,2.23011,,146,,118.6
653,2.233,,144,,118.8
654,2.2361,,145,,118.8
655,2.23948,,145,,119
656,2.24317,,145,,119.4
657,2.24641,,145,,119.6
658,2.24957,,146,,119.8
659,2.25332,,145,,119.8
660,2.25695,,146,,120
661,2.26104,,145,,120.2
662,2.26438,,144,,120.4
663,2.26782,,145,,120.4
664,2.27148,,144,,120.6
665,2.27474,,144,,120.8
666,2.27767,,144,,121
667,2.28134,,144,,121.2
668,2.28472,,144,,121.2
669,2.28772,,146,,121.4
670,2.29138,,145,,121.6
671,2.29473,,144,,121.8
672,2.29852,,145,,122
673,2.30211,,146,,122.2
674,2.30569,,145,,122.4
675,2.30958,,145,,122.4
676,2.31345,,147,,122.2
677,2.3175,,146,,122.2
678,2.32158,,146,,122.2
679,2.32525,,146,,122
680,2.32857,,146,,122
681,2.33161,,146,,122
682,2.33476,,147,,121.8
683,2.33772,,146,,121.8
684,2.34081,,146,,121.8
685,2.34419,,146,,121.8
686,2.34739,,147,,121.6
687,2.35076,,148,,121.6
688,2.35468,,147,,121.6
689,2.35814,,147,,121.4
690,2.36158,,148,,121.4
691,2.36499,,148,,121.4
692,2.36835,,146,,121.2
693,2.37162,,147,,121.2
694,2.37493,,148,,121.2
695,2.37801,,147,,121.2
696,2.38148,,147,,121.2
697,2.38504,,147,,121.2
698,2.38854,,147,,121.2
699,2.39163,,147,,121.2
700,2.3944,,147,,121.2
701,2.39735,,146,,121.2
702,2.40073,,146,,121.2
703,2.40434,,147,,121.2
704,2.40778,,147,,121.2
705,2.41126,,146,,121.2
706,2.41442,,147,,121.2
707,2.41755,,146,,121.2
708,2.42086,,147,,121.2
709,2.42443,,146,,121.2
710,2.42795,,147,,121.2
711,2.43149,,148,,121
712,2.43505,,146,,120.8
713,2.43861,,147,,120.8
714,2.44235,,146,,120.6
715,2.44586,,146,,120.4
716,2.44929,,146,,120.4
717,2.45238,,147,,120.2
718,2.45574,,146,,120.2
719,2.45896,,145,,120
720,2.46234,,146,,120
721,2.46579,,147,,119.8
722,2.46923,,146,,119.6
723,2.47276,,146,,119.6
724,2.47637,,147,,119.4
725,2.47972,,147,,119.2
726,2.48306,,146,,119.2
727,2.48661,,147,,119
728,2.49031,,146,,119
729,2.4943,,146,,118.8
730,2.49818,,145,,118.6
731,2.50185,,146,,118.6
732,2.50528,,145,,118.4
733,2.50851,,145,,118.2
734,2.51178,,146,,118.2
735,2.51523,,145,,118
736,2.51865,,145,,118
737,2.52209,,146,,117.8
738,2.52538,,147,,117.6
739,2.52889,,146,,117.6
740,2.53247,,145,,117.4
741,2.53591,,146,,117.4
742,2.5393,,145,,117.2
743,2.54268,,145,,117.2
744,2.54624,,146,,117
745,2.54987,,146,,117
746,2.55292,,145,,117
747,2.55598,,146,,116.8
748,2.55938,,146,,116.8
749,2.56268,,145,,116.8
750,2.5661,,145,,116.6
751,2.56943,,145,,116.6
752,2.57303,,145,,116.6
753,2.57688,,144,,116.6
754,2.58065,,146,,116.4
755,2.58446,,145,,116.4
756,2.58825,,145,,116.4
757,2.59182,,145,,116.2
758,2.59545,,145,,116.2
759,2.59903,,144,,116.2
760,2.60248,,145,,116.2
761,2.60585,,144,,116.2
762,2.60938,,145,,116.2
763,2.61285,,145,,116.2
764,2.61634,,144,,116.2
765,2.61972,,146,,116.2
766,2.62278,,145,,116.2
767,2.62585,,144,,116
768,2.62901,,146,,116
769,2.63228,,145,,116.2
770,2.63513,,145,,116.2
771,2.63804,,145,,116.2
772,2.64132,,146,,116.2
773,2.64449,,146,,116.2
774,2.64788,,145,,116.2
775,2.65121,,146,,116.2
776,2.65451,,147,,116.2
777,2.65807,,146,,116.2
778,2.66172,,146,,116.2
779,2.66537,,146,,116.2
780,2.66905,,145,,116.4
781,2.67263,,148,,116.4
782,2.67635,,146,,116.4
783,2.67996,,146,,116.6
784,2.68343,,146,,116.6
785,2.68752,,147,,116.6
786,2.69126,,147,,116.6
787,2.69495,,145,,116.8
788,2.69855,,147,,116.8
789,2.70206,,147,,116.8
790,2.70562,,147,,116.8
791,2.70855,,148,,116.8
792,2.71184,,149,,116.8
793,2.71501,,148,,116.8
794,2.71841,,147,,117
795,2.72203,,147,,117
796,2.72545,,149,,117
797,2.72924,,148,,117
798,2.73276,,147,,116.8
799,2.73603,,147,,116.8
800,2.73929,,148,,116.8
801,2.74256,,149,,116.8
802,2.74647,,148,,116.8
803,2.74964,,147,,116.8
804,2.75269,,149,,116.8
805,2.7565,,148,,116.8
806,2.75938,,147,,116.6
807,2.76237,,147,,116.6
808,2.76549,,150,,116.6
809,2.76862,,149,,116.6
810,2.77159,,148,,116.6
811,2.77391,,150,,116.6
812,2.77565,,150,,116.6
813,2.77895,,149,,116.6
814,2.78203,,149,,116.6
815,2.78595,,149,,116.4
816,2.79028,,150,,116.4
817,2.79364,,149,,116.4
818,2.7982,,148,,116.4
819,2.80237,,148,,116.4
820,2.80637,,149,,116.4
821,2.8099,,148,,116.6
822,2.81394,,147,,116.6
823,2.81845,,147,,116.6
824,2.82232,,148,,116.6
825,2.82586,,148,,116.6
826,2.82944,,148,,116.8
827,2.83317,,149,,116.8
828,2.83682,,148,,116.8
829,2.84045,,148,,116.8
830,2.84453,,148,,117
831,2.84857,,148,,117
832,2.85245,,148,,117
833,2.85619,,147,,117
834,2.85957,,147,,117
835,2.86287,,148,,116.8
836,2.86664,,149,,117
837,2.87035,,148,,117
838,2.8741,,147,,117
839,2.87798,,148,,117
840,2.88154,,149,,117
841,2.88499,,149,,117
842,2.88852,,149,,117
843,2.89219,,149,,116.8
844,2.89603,,149,,116.6
845,2.89976,,149,,116.6
846,2.90306,,148,,116.4
847,2.90652,,149,,116.4
848,2.91005,,150,,116.2
849,2.91388,,149,,116
850,2.9177,,149,,116
851,2.92117,,148,,115.8
852,2.92459,,148,,115.6
853,2.92804,,149,,115.6
854,2.93178,,149,,115.4
855,2.93538,,149,,115.4
856,2.93906,,148,,115.4
857,2.94259,,149,,115.4
858,2.94581,,148,,115.4
859,2.94882,,148,,115.4
860,2.95162,,148,,115.4
861,2.95515,,149,,115.4
862,2.95888,,149,,115.4
863,2.96213,,147,,115.4
864,2.96576,,148,,115.2
865,2.96926,,149,,115.2
866,2.97276,,148,,115
867,2.97609,,148,,115
868,2.97942,,148,,115
869,2.98293,,148,,115
870,2.98586,,149,,114.8
871,2.98944,,148,,114.8
872,2.99346,,147,,114.6
873,2.99734,,148,,114.6
874,3.00058,,149,,114.6
875,3.00386,,149,,114.6
875,3.00386,,149,,114.6
876,3.00769,,148,,114.6
877,3.01157,,148,,114.6
878,3.01514,,149,,114.8
879,3.01836,,149,,114.8
880,3.02203,,148,,114.8
881,3.02538,,148,,115
882,3.02882,,149,,115
883,3.03211,,150,,115
884,3.03519,,149,,115
885,3.0382,,149,,115
886,3.04149,,149,,115
887,3.04457,,149,,115
888,3.04813,,151,,115
889,3.05148,,150,,115.2
890,3.05464,,150,,115.2
891,3.05806,,150,,115.2
892,3.06194,,150,,115.4
893,3.06543,,151,,115.6
894,3.06886,,151,,115.8
895,3.07194,,150,,116
896,3.07478,,150,,116
897,3.07759,,150,,116.2
898,3.08013,,151,,116.4
899,3.08328,,150,,116.4
900,3.08652,,150,,116.6
901,3.08995,,149,,116.6
902,3.09316,,149,,116.6
903,3.09641,,148,,116.6
904,3.09973,,149,,116.6
905,3.10301,,148,,116.6
906,3.10606,,148,,116.8
907,3.10911,,148,,116.8
908,3.11254,,147,,116.8
909,3.11516,,146,,116.8
910,3.11811,,146,,116.8
911,3.12115,,146,,116.8
912,3.12408,,146,,116.8
913,3.12638,,145,,116.8
914,3.12903,,143,,116.8
915,3.13133,,144,,116.8
916,3.13336,,144,,117
917,3.13531,,143,,117
918,3.13735,,142,,117
919,3.13987,,142,,117
920,3.14228,,142,,117
921,3.14447,,142,,117
922,3.14673,,141,,117
923,3.14905,,142,,117
924,3.15123,,141,,117
925,3.15379,,141,,117
926,3.15672,,140,,117
927,3.15928,,141,,117
928,3.16207,,141,,117
929,3.16471,,142,,117
930,3.16759,,142,,117
931,3.17041,,141,,117
932,3.17332,,140,,117
933,3.176,,140,,117
934,3.17891,,141,,117
935,3.18219,,140,,117
936,3.18524,,141,,117
937,3.18829,,141,,117
938,3.19174,,140,,117
939,3.1949,,140,,117.2
940,3.19792,,140,,117.4
941,3.2006,,139,,117.6
942,3.20335,,139,,117.8
943,3.20601,,139,,117.8
944,3.20889,,138,,118
945,3.21165,,138,,118.2
946,3.21427,,139,,118.2
947,3.21689,,138,,118.4
948,3.21967,,138,,118.6
949,3.22218,,138,,118.6
950,3.22455,,138,,118.8
951,3.22722,,137,,118.8
952,3.22986,,137,,119
953,3.23223,,137,,119.2
954,3.23472,,137,,119.2
955,3.23714,,137,,119.4
956,3.23984,,137,,119.4
957,3.24294,,136,,119.6
958,3.24588,,136,,119.8
959,3.24852,,136,,120
960,3.2515,,136,,120
961,3.25455,,136,,120.2
962,3.2575,,137,,120.2
963,3.26046,,137,,120.4
964,3.26325,,137,,120.4
965,3.2661,,138,,120.6
966,3.26907,,136,,120.6
967,3.27219,,138,,120.8
968,3.27508,,137,,120.8
969,3.27793,,138,,120.8
970,3.28047,,138,,121
971,3.28296,,138,,121
972,3.28545,,139,,121.2
973,3.28774,,140,,121.2
1228,3.28846,,97,,121.2
1229,3.28933,,101,,121.2
1230,3.29136,,102,,121.2
1231,3.2937,,102,,121.4
1232,3.29609,,103,,121.4
1233,3.2992,,107,,121.4
1234,3.30231,,110,,121.6
1235,3.30528,,112,,121.6
1236,3.30819,,113,,121.8
1237,3.31094,,113,,121.8
1238,3.31405,,114,,122
1239,3.317,,114,,122
1240,3.32004,,115,,122
1241,3.3232,,116,,122.2
1242,3.32636,,115,,122.2
1243,3.32963,,117,,122.2
1244,3.33305,,117,,122.4
1245,3.33617,,118,,122.4
1246,3.33967,,118,,122.4
1247,3.34281,,118,,122.4
1248,3.34604,,119,,122.6
1249,3.34936,,119,,122.6
1250,3.35286,,119,,122.6
1251,3.3563,,121,,122.6
1252,3.35972,,121,,122.8
1253,3.36292,,122,,122.8
1254,3.36605,,123,,122.8
1255,3.36948,,123,,123
1256,3.37303,,124,,123
1257,3.37657,,124,,123
1258,3.3801,,127,,123
1259,3.38359,,127,,123.2
1260,3.38676,,128,,123.2
1261,3.38981,,128,,123.2
1262,3.39304,,128,,123.2
1263,3.39589,,129,,123.2
1264,3.39844,,130,,123.2
1265,3.40134,,131,,123.2
1266,3.40396,,129,,123.2
1267,3.40654,,130,,123.2
1268,3.40939,,131,,123.2
1269,3.41193,,131,,123.2
1270,3.41456,,131,,123.2
1271,3.41765,,131,,123.2
1272,3.42083,,132,,123.2
1273,3.42388,,133,,123.2
1274,3.42716,,133,,123.2
1275,3.43037,,133,,123.2
1276,3.43362,,134,,123.2
1277,3.43696,,133,,123.2
1278,3.44053,,133,,123.2
1279,3.44401,,133,,123.2
1280,3.4473,,133,,123.2
1281,3.45046,,133,,123.2
1282,3.45355,,133,,123.2
1283,3.45667,,133,,123.2
1284,3.45979,,133,,123.2
1285,3.4629,,133,,123
1286,3.46602,,133,,123
1287,3.46909,,134,,123
1288,3.47228,,133,,123
1289,3.47524,,133,,123
1290,3.47819,,134,,123
1291,3.48129,,136,,123
1292,3.48427,,136,,123
1293,3.48743,,137,,123
1294,3.49021,,136,,123
1295,3.4931,,137,,123
1296,3.49626,,137,,122.8
1297,3.49957,,137,,122.8
1298,3.50279,,138,,122.8
1299,3.50622,,138,,122.6
1300,3.50941,,139,,122.6
1301,3.5125,,139,,122.6
1302,3.51543,,139,,122.6
1303,3.51846,,138,,122.6
1304,3.52169,,139,,122.6
1305,3.52512,,138,,122.6
1306,3.5286,,139,,122.6
1307,3.53166,,138,,122.6
1308,3.53478,,138,,122.4
1309,3.53783,,138,,122.4
1310,3.54098,,137,,122.4
1311,3.54374,,137,,122.4
1312,3.54627,,137,,122.4
1313,3.54822,,137,,122.4
1314,3.55034,,137,,122.4
1315,3.55242,,137,,122.6
1316,3.55472,,137,,122.6
1317,3.55658,,136,,122.6
1318,3.55878,,136,,122.6
1319,3.56119,,136,,122.6
1320,3.56321,,136,,122.8
1321,3.56554,,137,,122.8
1322,3.56816,,137,,122.8
1323,3.5706,,137,,122.8
1324,3.57249,,138,,122.8
1325,3.57423,,137,,122.8
1326,3.57638,,138,,122.8
1327,3.57884,,136,,122.8
1328,3.58077,,137,,122.6
1329,3.58293,,137,,122.6
1330,3.58496,,137,,122.6
1331,3.5867,,137,,122.4
1332,3.58833,,136,,122.4
1333,3.59071,,136,,122.4
1334,3.59301,,136,,122.4
1335,3.59579,,137,,122.2
1336,3.59829,,136,,122
1337,3.60109,,137,,122
1338,3.60393,,137,,122
1339,3.60682,,137,,121.8
1340,3.61017,,137,,121.8
1341,3.61321,,137,,121.8
1342,3.61541,,136,,121.6
1343,3.61797,,137,,121.6
1344,3.62037,,136,,121.4
1345,3.62314,,136,,121.4
1346,3.62578,,136,,121.4
1347,3.62835,,135,,121.4
1348,3.63039,,136,,121.4
1349,3.63291,,135,,121.2
1350,3.63598,,136,,121.2
1351,3.63885,,134,,121.2
1352,3.64227,,135,,121.2
1353,3.64552,,135,,121.2
1354,3.64868,,135,,121
1355,3.65206,,134,,121
1356,3.65585,,133,,120.8
1357,3.65963,,133,,120.6
1358,3.66292,,133,,120.4
1359,3.66653,,133,,120.2
1360,3.66993,,132,,120
1361,3.67326,,133,,119.8
1362,3.67684,,133,,119.4
1363,3.68013,,133,,119.2
1364,3.68302,,132,,118.8
1365,3.68611,,133,,118.6
1366,3.68925,,133,,118.4
1367,3.69194,,133,,118.2
1368,3.69377,,133,,118
1369,3.69626,,133,,117.8
1370,3.69915,,134,,117.8
1371,3.7022,,133,,117.6
1372,3.70442,,133,,117.4
1373,3.70619,,133,,117.2
1373,3.70619,,133,,117.2
1374,3.70905,,134,,116.8
1375,3.71297,,135,,116.4
1376,3.71679,,136,,116
1377,3.7208,,135,,115.8
1378,3.72776,,136,,115.4
1379,3.72776,,137,,115.4
1380,3.73403,,139,,114.8
1381,3.73403,,139,,114.8
1382,3.73731,,141,,114.6
1383,3.74094,,140,,114.4
1384,3.74448,,141,,114.4
1385,3.74855,,141,,114.2
1386,3.75245,,142,,114.2
1387,3.75667,,142,,114.2
1388,3.76051,,143,,114.2
1389,3.76392,,144,,114.2
1390,3.76742,,143,,114.2
1391,3.77053,,144,,114
1392,3.77437,,144,,114.2
1393,3.7781,,145,,114.2
1394,3.78167,,145,,114.2
1395,3.78548,,145,,114.2
1396,3.78963,,146,,114.2
1397,3.79341,,146,,114.2
1398,3.79692,,146,,114.2
1399,3.80068,,146,,114.4
1400,3.80483,,148,,114.6
1401,3.80854,,148,,114.8
1402,3.81232,,148,,115
1403,3.81604,,149,,115
1404,3.81975,,149,,115
1405,3.82364,,148,,115
1406,3.82769,,149,,115
1407,3.83175,,149,,115
1408,3.83574,,149,,115
1409,3.83952,,151,,115
1410,3.84319,,152,,115
1411,3.84692,,152,,115
1412,3.85105,,151,,115
1413,3.85493,,152,,114.8
1414,3.85856,,152,,114.8
1415,3.86253,,151,,114.6
1416,3.86621,,151,,114.4
1417,3.8705,,152,,114.2
1418,3.87486,,153,,114
1419,3.87865,,153,,113.8
1420,3.88293,,153,,113.6
1421,3.88719,,154,,113.6
1422,3.89158,,154,,113.4
1423,3.89575,,154,,113.2
1424,3.89955,,154,,113
1425,3.90312,,155,,113
1426,3.90684,,155,,112.8
1427,3.91102,,155,,112.6
1428,3.91527,,156,,112.4
1429,3.9196,,156,,112.4
1430,3.92411,,156,,112.2
1431,3.92827,,156,,112
1432,3.93174,,155,,112
1433,3.93562,,155,,112
1434,3.93911,,155,,111.8
1435,3.94324,,156,,111.8
1436,3.94722,,156,,111.8
1437,3.95094,,155,,111.8
1438,3.95487,,156,,111.8
1439,3.95836,,155,,111.8
1440,3.96231,,155,,111.8
1441,3.96655,,155,,111.8
1442,3.97015,,156,,111.8
1443,3.97404,,155,,111.8
1444,3.97796,,155,,111.8
1445,3.98225,,156,,111.8
1446,3.98693,,156,,111.8
1447,3.99115,,154,,111.6
1448,3.99443,,154,,111.6
1449,3.99769,,155,,111.6
1450,4.00119,,155,,111.6
1451,4.00492,,156,,111.6
1452,4.00882,,155,,111.6
1453,4.0126,,155,,111.6
1454,4.01683,,155,,111.6
1455,4.02066,,154,,111.6
1456,4.02385,,156,,111.6
1457,4.02727,,155,,111.6
1458,4.03114,,155,,111.8
1459,4.03515,,154,,112
1460,4.03884,,154,,112.2
1461,4.04269,,154,,112.4
1462,4.04625,,156,,112.6
1463,4.04966,,155,,112.8
1464,4.05304,,155,,112.8
1465,4.0565,,156,,113
1466,4.06017,,156,,113
1467,4.06407,,156,,113
1468,4.06754,,156,,113
1469,4.07165,,156,,113
1470,4.0758,,157,,113
1471,4.07966,,156,,113
1472,4.08345,,157,,112.8
1473,4.08713,,157,,112.8
1474,4.0909,,157,,112.8
1475,4.09485,,158,,112.8
1476,4.09842,,157,,112.8
1477,4.10218,,158,,112.6
1478,4.10559,,158,,112.6
1479,4.10956,,158,,112.6
1480,4.11327,,158,,112.6
1481,4.11704,,158,,112.6
1482,4.12068,,158,,112.6
1483,4.1247,,159,,112.6
1484,4.12874,,158,,112.6
1485,4.13302,,158,,112.6
1486,4.13701,,158,,112.6
1487,4.1404,,157,,112.6
1488,4.1439,,157,,112.6
1489,4.14807,,157,,112.4
1490,4.15247,,157,,112.4
1491,4.15597,,158,,112.4
1492,4.16005,,157,,112.4
1493,4.16431,,157,,112.4
1494,4.16812,,157,,112.2
1495,4.17113,,157,,112
1496,4.17422,,156,,111.8
1497,4.17745,,158,,111.8
1498,4.18049,,158,,111.6
1499,4.18364,,158,,111.4
1500,4.18681,,158,,111.2
1501,4.19052,,158,,111
1502,4.19435,,157,,110.8
1503,4.1986,,157,,110.6
1504,4.20307,,157,,110.4
1505,4.20738,,158,,110
1506,4.21143,,158,,110
1507,4.21547,,158,,110
1508,4.21922,,158,,109.8
1509,4.22287,,157,,109.8
1510,4.22674,,158,,109.6
1511,4.23024,,157,,109.6
1512,4.23385,,157,,109.6
1513,4.23747,,158,,109.4
1514,4.24152,,158,,109.4
1515,4.24542,,158,,109.2
1516,4.25015,,160,,109.2
1517,4.25407,,159,,109
1518,4.25859,,159,,109
1519,4.26259,,159,,109
1520,4.26615,,159,,109.2
1521,4.27025,,160,,109.2
1522,4.2748,,160,,109.4
1523,4.27942,,160,,109.4
1524,4.28399,,159,,109.6
1525,4.28822,,159,,109.6
1526,4.29238,,159,,109.6
1527,4.29678,,159,,109.8
1528,4.30106,,160,,109.8
1529,4.30502,,159,,109.8
1530,4.30937,,159,,110
1531,4.31333,,160,,110
1532,4.31712,,160,,110.2
1533,4.32082,,159,,110.2
1534,4.32391,,159,,110.2
1535,4.32765,,161,,110.4
1536,4.33165,,160,,110.4
1537,4.33553,,161,,110.4
1538,4.33959,,161,,110.6
1539,4.34346,,161,,110.6
1540,4.34761,,160,,110.8
1541,4.35187,,160,,110.8
1542,4.35594,,160,,110.8
1543,4.35912,,160,,110.8
1544,4.36272,,160,,111
1545,4.36655,,160,,111.2
1546,4.3707,,160,,111.4
1547,4.3746,,160,,111.6
1548,4.37874,,160,,111.8
1549,4.38267,,160,,112
1550,4.38632,,159,,112.2
1551,4.39022,,160,,112.4
1552,4.39393,,160,,112.4
1553,4.39808,,160,,112.6
1554,4.4019,,160,,112.8
1555,4.40547,,161,,113
1556,4.40932,,160,,113.2
1557,4.41288,,160,,113.4
1558,4.41687,,161,,113.6
1559,4.42075,,160,,113.8
1560,4.42447,,161,,113.8
1561,4.4282,,160,,114
1562,4.43184,,160,,114.2
1563,4.4353,,160,,114.4
1564,4.4394,,160,,114.6
1565,4.4434,,160,,114.8
1566,4.44749,,160,,115
1567,4.45128,,160,,115
1568,4.45489,,160,,115.2
1569,4.45856,,161,,115.2
1570,4.46278,,162,,115
1571,4.46667,,161,,115
1572,4.4703,,160,,114.8
1573,4.47424,,161,,114.8
1574,4.47791,,160,,114.6
1575,4.48169,,160,,114.6
1576,4.48511,,160,,114.4
1577,4.48861,,161,,114.4
1578,4.49256,,161,,114.2
1579,4.49649,,160,,114.2
1580,4.50049,,160,,114.2
1581,4.50448,,161,,114
1582,4.50834,,160,,114
1583,4.51262,,161,,113.8
1584,4.51714,,161,,113.8
1585,4.52132,,162,,113.6
1586,4.52565,,161,,113.6
1587,4.52983,,161,,113.6
1588,4.53391,,160,,113.4
1589,4.53794,,161,,113.4
1590,4.54177,,161,,113.2
1591,4.54579,,160,,113.2
1592,4.54964,,161,,113
1593,4.55352,,161,,113
1594,4.55736,,160,,113
1595,4.56102,,161,,113
1596,4.56445,,160,,113
1597,4.56813,,161,,113
1598,4.57197,,160,,113
1599,4.57585,,160,,113.2
1600,4.57982,,161,,113.2
1601,4.58342,,161,,113.2
1602,4.58713,,159,,113.4
1603,4.59073,,160,,113.4
1604,4.59427,,160,,113.4
1605,4.59788,,159,,113.6
1606,4.60155,,159,,113.6
1607,4.605,,159,,113.6
1608,4.60819,,159,,113.8
1609,4.61115,,159,,113.8
1610,4.61485,,159,,113.8
1611,4.61834,,159,,113.8
1612,4.62219,,160,,114
1613,4.62515,,160,,114
1614,4.6285,,160,,114
1614,4.6285,,160,,114
1615,4.63145,,160,,114
1616,4.63397,,159,,114
1617,4.63697,,159,,114.2
1618,4.63958,,159,,114.2
1619,4.64277,,159,,114.2
1620,4.64584,,159,,114.2
1621,4.64841,,158,,114.4
1622,4.65056,,158,,114.4
1623,4.65311,,158,,114.4
1624,4.65583,,157,,114.4
1625,4.65875,,156,,114.4
1626,4.66108,,156,,114.4
1627,4.66352,,155,,114.4
1628,4.66626,,155,,114.4
1629,4.66919,,154,,114.4
1630,4.67194,,153,,114.4
1631,4.67491,,154,,114.2
1632,4.67757,,153,,114.2
1633,4.67991,,153,,114.2
1634,4.68175,,154,,114.2
1635,4.68348,,153,,114.2
1636,4.68541,,154,,114.2
1637,4.68764,,152,,114.2
1638,4.69103,,153,,114.2
1639,4.69395,,152,,114.2
1640,4.69667,,151,,114.2
1641,4.69983,,152,,114
1642,4.70261,,152,,114
1643,4.70531,,152,,114
1644,4.7083,,151,,114
1645,4.71122,,151,,114
1646,4.71354,,150,,114
1647,4.71608,,149,,114
1648,4.71889,,149,,113.8
1649,4.72177,,149,,113.8
1650,4.72489,,149,,113.8
1651,4.72813,,149,,113.8
1652,4.73123,,149,,113.8
1653,4.73417,,148,,113.8
1654,4.73691,,148,,113.8
1655,4.73955,,148,,113.8
1656,4.74208,,147,,113.8
1657,4.74449,,146,,113.8
1658,4.74718,,146,,113.8
1659,4.75007,,146,,114
1660,4.75283,,145,,114
1661,4.75494,,145,,114
1662,4.75754,,145,,114
1663,4.76011,,144,,114
1664,4.76295,,145,,114.2
1665,4.76537,,144,,114.2
1666,4.76784,,143,,114.2
1667,4.77122,,143,,114.2
1668,4.77416,,143,,114.4
1669,4.77687,,143,,114.4
1670,4.77962,,143,,114.4
1671,4.78246,,142,,114.6
1672,4.78571,,142,,114.6
1673,4.78914,,142,,114.6
1674,4.79235,,142,,114.8
1675,4.79528,,142,,114.8
1676,4.79866,,143,,115
1677,4.80164,,142,,115
1678,4.80469,,142,,115
1679,4.80774,,142,,115.2
1680,4.81072,,142,,115.2
1681,4.81347,,140,,115.2
1682,4.81657,,140,,115.4
1683,4.81963,,141,,115.4
1684,4.82268,,140,,115.4
1685,4.82579,,140,,115.6
1686,4.82866,,139,,115.6
1687,4.83154,,139,,115.8
1688,4.83462,,139,,115.8
1689,4.83781,,140,,115.8
1690,4.84083,,139,,116
1691,4.84337,,139,,116
1692,4.84575,,139,,116
1693,4.84825,,139,,116.2
1694,4.85096,,139,,116.2
1695,4.85425,,140,,116.2
1696,4.85736,,140,,116.2
1697,4.86058,,139,,116.4
1698,4.86395,,140,,116.4
1699,4.86677,,139,,116.4
1700,4.86954,,139,,116.4
1701,4.87208,,139,,116.4
1702,4.87498,,140,,116.6
1703,4.87733,,138,,116.6
1704,4.88013,,139,,116.6
1705,4.88297,,138,,116.6
1706,4.88578,,138,,116.8
1707,4.88862,,137,,116.8
1708,4.89162,,136,,116.8
1709,4.89423,,137,,116.8
1710,4.89711,,136,,116.8
1711,4.90014,,135,,116.8
1712,4.9029,,136,,116.8
1713,4.9055,,135,,117
1714,4.90876,,137,,117
1715,4.91193,,135,,117
1716,4.91468,,136,,117
1717,4.91734,,135,,117.2
1718,4.92015,,134,,117.2
1719,4.92295,,135,,117.4
1720,4.92578,,135,,117.4
1721,4.92824,,135,,117.4
1722,4.93088,,135,,117.6
1723,4.93337,,135,,117.6
1724,4.93595,,135,,117.8
1725,4.93857,,136,,117.8
1726,4.94098,,136,,117.8
1727,4.94332,,136,,118
1728,4.9458,,136,,118
1729,4.94848,,136,,118
1730,4.95133,,136,,118.2
1731,4.95436,,137,,118.2
1732,4.95747,,137,,118.2
1733,4.96063,,137,,118.4
1734,4.96352,,138,,118.4
1735,4.96641,,136,,118.4
1736,4.96949,,136,,118.6
1737,4.97232,,136,,118.6
1738,4.97493,,136,,118.6
1739,4.97752,,136,,118.6
1740,4.98028,,136,,118.8
1741,4.98269,,136,,118.8
1742,4.98474,,135,,118.8
1743,4.98667,,134,,118.8
1744,4.98911,,135,,119
1745,4.99197,,135,,119
1746,4.99502,,134,,119
1747,4.99775,,134,,119.2
1748,5.00055,,133,,119.2
1749,5.0031,,134,,119.2
1750,5.0055,,134,,119.2
1751,5.00791,,134,,119.2
1752,5.01112,,134,,119.4
1753,5.01313,,134,,119.4
1754,5.01448,,133,,119.4
1755,5.01472,,133,,119.4
1756,5.01574,,132,,119.4
1757,5.01706,,134,,119.4
1758,5.01899,,134,,119.4
1759,5.02074,,135,,119.2
1760,5.02278,,135,,119.2
1761,5.02505,,134,,119.2
1762,5.02748,,134,,119.2
1763,5.02936,,134,,119.2
1764,5.03114,,133,,119.2
1765,5.03316,,134,,119
1766,5.03542,,133,,119
1767,5.03756,,134,,119
1768,5.03956,,134,,119
1769,5.04183,,133,,119
1770,5.04464,,133,,118.8
1771,5.04738,,132,,118.8
1772,5.05043,,134,,118.8
1773,5.05355,,133,,118.6
1774,5.05666,,133,,118.6
1775,5.05924,,134,,118.6
1776,5.06433,,134,,118.4
1777,5.06433,,134,,118.4
1778,5.0664,,135,,118.4
1779,5.06878,,135,,118.4
1780,5.07124,,135,,118.4
1781,5.0739,,134,,118.2
1782,5.07637,,134,,118.2
1783,5.07852,,134,,118.2
1784,5.08102,,134,,118.2
1785,5.08327,,135,,118
1786,5.08573,,134,,118
1787,5.08848,,135,,118
1788,5.09133,,135,,117.8
1789,5.09332,,135,,117.8
1790,5.09573,,135,,117.8
1791,5.09797,,135,,117.6
1792,5.10069,,135,,117.6
1793,5.10387,,136,,117.4
1794,5.10636,,135,,117.4
1795,5.10918,,136,,117.2
1796,5.11217,,135,,117.2
1797,5.11567,,135,,117
1798,5.11931,,137,,117
1799,5.12248,,136,,116.8
1800,5.12597,,136,,116.8
1801,5.1295,,136,,116.6
1802,5.13288,,136,,116.6
1803,5.13618,,137,,116.4
1804,5.13914,,136,,116.4
1805,5.14204,,136,,116.4
1806,5.14484,,136,,116.2
1807,5.1476,,135,,116.2
1808,5.15007,,137,,116.2
1809,5.15305,,136,,116.2
1810,5.1561,,134,,116.2
1811,5.15868,,136,,116.2
1812,5.16148,,135,,116
1813,5.1648,,135,,116
1814,5.16762,,135,,116
1815,5.17057,,135,,116
1816,5.17355,,135,,116
1817,5.17564,,134,,116
1818,5.17769,,134,,115.8
1819,5.18042,,133,,115.8
1820,5.18353,,133,,115.8
1821,5.18676,,131,,115.8
1822,5.19042,,130,,115.6
1823,5.19365,,130,,115.6
1824,5.19656,,130,,115.4
1825,5.19951,,131,,115.4
1826,5.20223,,130,,115.4
1827,5.20534,,130,,115.2
1828,5.20878,,130,,115.2
1829,5.21198,,132,,115
1830,5.21512,,132,,115
1831,5.21828,,133,,114.8
1832,5.22138,,134,,114.8
1833,5.22468,,134,,114.8
1834,5.22788,,134,,114.6
1835,5.23094,,135,,114.6
1836,5.23393,,134,,114.4
1837,5.23668,,134,,114.4
1838,5.23971,,135,,114.4
1839,5.24264,,135,,114.4
1840,5.24607,,135,,114.2
1841,5.249,,135,,114.2
1842,5.25192,,135,,114.2
1843,5.25504,,135,,114.2
1844,5.25781,,134,,114.2
1845,5.26047,,135,,114
1846,5.26364,,134,,114
1847,5.26686,,134,,114
1848,5.2701,,135,,114
1849,5.27307,,135,,113.8
1850,5.27634,,135,,113.8
1851,5.27885,,134,,113.8
1852,5.28171,,134,,113.8
1853,5.28442,,135,,113.8
1854,5.28692,,134,,113.8
1855,5.28936,,134,,113.8
1855,5.28936,,134,,113.8
1856,5.29231,,134,,113.8
1857,5.2958,,134,,113.8
1858,5.29978,,135,,113.8
1859,5.30403,,136,,113.8
1860,5.30859,,136,,113.6
1861,5.31286,,136,,113.8
1862,5.31736,,137,,113.8
1863,5.32169,,138,,113.8
1864,5.32596,,138,,113.8
1865,5.33013,,140,,114
1866,5.33414,,141,,114
1867,5.33857,,142,,114
1868,5.34284,,141,,114
1869,5.34707,,142,,114
1870,5.35108,,143,,114.2
1871,5.35501,,142,,114.2
1872,5.35871,,144,,114.2
1873,5.36189,,145,,114.2
1874,5.36595,,146,,114.2
1875,5.36947,,145,,114.2
1876,5.37344,,147,,114.2
1877,5.37734,,147,,114.2
1878,5.38138,,147,,114.2
1879,5.38602,,148,,114
1880,5.39002,,150,,114
1881,5.39435,,149,,114
1882,5.39814,,150,,114
1883,5.4022,,151,,113.8
1884,5.40635,,151,,113.8
1885,5.41045,,151,,113.8
1886,5.41444,,152,,113.6
1887,5.41844,,152,,113.6
1888,5.42264,,153,,113.6
1889,5.42636,,154,,113.6
1890,5.43018,,154,,113.4
1891,5.43415,,153,,113.4
1892,5.43817,,153,,113.4
1893,5.44213,,155,,113.2
1894,5.44619,,156,,113.2
1895,5.45022,,156,,113.2
1896,5.45429,,154,,113
1897,5.45858,,155,,113
1898,5.46275,,155,,113
1899,5.467,,156,,113
1900,5.47093,,156,,112.8
1901,5.47503,,155,,113
1902,5.47949,,155,,113
1903,5.48382,,156,,113.2
1904,5.48886,,156,,113.2
1905,5.49315,,155,,113.2
1906,5.4973,,155,,113.4
1907,5.50157,,156,,113.4
1908,5.50575,,156,,113.6
1909,5.50952,,157,,113.6
1910,5.51354,,157,,113.8
1911,5.51783,,156,,113.8
1912,5.52203,,156,,113.8
1913,5.5258,,156,,114
1914,5.5299,,156,,114
1915,5.53391,,156,,114
1916,5.53801,,156,,114.2
1917,5.54217,,155,,114.2
1918,5.54645,,156,,114.4
1919,5.55054,,156,,114.4
1920,5.55419,,157,,114.6
1921,5.55753,,156,,114.6
1922,5.56134,,157,,114.8
1923,5.56491,,157,,114.8
1924,5.56857,,157,,115
1925,5.57286,,157,,115.2
1926,5.5768,,158,,115.2
1927,5.58121,,158,,115
1928,5.5853,,158,,114.8
1929,5.58954,,157,,114.6
1930,5.59382,,157,,114.4
1931,5.59781,,158,,114.2
1932,5.60182,,159,,114
1933,5.60594,,159,,113.8
1934,5.6094,,159,,113.6
1935,5.61328,,159,,113.4
1936,5.61733,,158,,113.2
1937,5.62116,,158,,113
1938,5.62491,,159,,113
1939,5.62844,,160,,112.8
1940,5.63216,,159,,112.6
1941,5.63652,,160,,112.4
1942,5.64099,,159,,112.2
1943,5.64501,,159,,112
1944,5.6491,,160,,111.8
1945,5.65309,,160,,111.6
1946,5.65706,,161,,111.4
1947,5.66082,,161,,111.2
1948,5.66486,,160,,111
1949,5.66895,,160,,110.8
1950,5.67241,,160,,110.8
1951,5.67628,,161,,110.8
1952,5.68001,,160,,110.6
1953,5.68398,,160,,110.6
1954,5.68794,,160,,110.6
1955,5.69217,,160,,110.4
1956,5.69656,,161,,110.4
1957,5.70085,,160,,110.4
1958,5.70555,,162,,110.2
1959,5.70986,,162,,110.2
1960,5.71436,,160,,110
1961,5.71866,,163,,110
1962,5.72298,,162,,110
1963,5.72734,,162,,109.8
1964,5.73193,,162,,109.8
1965,5.73643,,162,,109.6
1966,5.74144,,161,,109.6
1967,5.74581,,162,,109.6
1968,5.75017,,162,,109.4
1969,5.75412,,162,,109.4
1970,5.75801,,162,,109.4
1971,5.7615,,163,,109.2
1972,5.76548,,163,,109.2
1973,5.76937,,163,,109
1974,5.77345,,162,,109
1975,5.77797,,162,,109.2
1976,5.78249,,163,,109.2
1977,5.78654,,164,,109.2
1978,5.79102,,163,,109.4
1979,5.79514,,163,,109.4
1980,5.79937,,164,,109.6
1981,5.80359,,164,,109.6
1982,5.80788,,164,,109.8
1983,5.81265,,164,,109.8
1984,5.81693,,162,,110
1985,5.82118,,162,,110
1986,5.82538,,163,,110.2
1987,5.82967,,163,,110.4
1988,5.83422,,164,,110.6
1989,5.83877,,164,,110.8
1990,5.84294,,164,,111
1991,5.84652,,163,,111.2
1992,5.8506,,164,,111.4
1993,5.85447,,164,,111.6
1994,5.85823,,164,,111.8
1995,5.86176,,163,,112
1996,5.8658,,164,,112.2
1997,5.86923,,163,,112.2
1998,5.87325,,164,,112.2
1999,5.87723,,163,,112.2
2000,5.88105,,162,,112.2
2001,5.88533,,162,,112.2
2002,5.88922,,164,,112.4
2003,5.8926,,163,,112.4
2004,5.89608,,164,,112.4
2005,5.89951,,163,,112.4
2006,5.90277,,164,,112.4
2007,5.90613,,164,,112.4
2008,5.90945,,163,,112.4
2009,5.91311,,163,,112.4
2010,5.91668,,164,,112.6
2011,5.92051,,163,,112.6
2012,5.92484,,163,,112.6
2013,5.92871,,164,,112.6
2014,5.9328,,163,,112.6
2015,5.93679,,164,,112.6
2016,5.94081,,163,,112.6
2017,5.9454,,163,,112.8
2018,5.94963,,162,,112.8
2019,5.95362,,162,,112.8
2020,5.95785,,162,,113
2021,5.96198,,162,,113
2022,5.96613,,162,,112.8
2023,5.97043,,161,,112.8
2024,5.97587,,161,,112.4
2025,5.98085,,162,,112.2
2026,5.98573,,161,,112
2027,5.99076,,162,,111.6
2028,5.99539,,163,,111.4
2029,5.99963,,162,,111.4
2030,6.00355,,163,,111.2
2031,6.00801,,163,,111.2
2032,6.01254,,163,,111.2
2033,6.01699,,163,,111.4
2034,6.02138,,163,,111.4
2035,6.02618,,163,,111.4
2036,6.0305,,163,,111.4
2037,6.03487,,163,,111.4
2038,6.0391,,163,,111.6
2039,6.04338,,164,,111.6
2040,6.04775,,164,,111.6
2041,6.05196,,165,,111.8
2042,6.0565,,164,,111.8
2043,6.06078,,164,,111.8
2044,6.06483,,165,,112
2045,6.06934,,165,,111.8
2046,6.07336,,165,,111.8
2047,6.07711,,166,,111.8
2048,6.08114,,166,,111.8
2049,6.08519,,165,,111.8
2050,6.08947,,165,,111.8
2051,6.09369,,165,,112
2052,6.09769,,165,,112
2053,6.10168,,165,,112
2054,6.10565,,165,,112.2
2055,6.10991,,166,,112.4
2056,6.11457,,164,,112.4
2057,6.11906,,164,,112.6
2058,6.12348,,164,,112.8
2059,6.12774,,165,,112.8
2060,6.1321,,164,,113
2061,6.1365,,163,,113.2
2062,6.14088,,164,,113.4
2063,6.14516,,165,,113.6
2064,6.1494,,165,,113.6
2065,6.15355,,165,,113.8
2066,6.1577,,164,,114
2067,6.16179,,165,,114
2068,6.16602,,164,,114.2
2069,6.17023,,165,,114.4
2070,6.17416,,165,,114.6
2071,6.17809,,164,,114.6
2072,6.18214,,165,,114.6
2073,6.18622,,165,,114.6
2074,6.19022,,165,,114.6
2075,6.1942,,165,,114.6
2076,6.19799,,165,,114.6
2077,6.20188,,165,,114.6
2078,6.2058,,166,,114.6
2079,6.20941,,165,,114.6
2080,6.2131,,165,,114.6
2081,6.21678,,165,,114.6
2082,6.22016,,166,,114.4
2083,6.22391,,166,,114.4
2084,6.22746,,165,,114.4
2085,6.23119,,165,,114.2
2086,6.23493,,165,,114
2087,6.23835,,164,,114
2088,6.2414,,165,,114
2089,6.24495,,165,,114
2090,6.24908,,165,,114
2091,6.25276,,165,,114
2092,6.25678,,163,,114
2093,6.26088,,163,,114
2094,6.26537,,164,,113.8
2095,6.26904,,164,,114
2095,6.26904,,164,,114
2096,6.27223,,165,,114
2097,6.27533,,164,,114
2098,6.2786,,164,,114
2099,6.28154,,163,,114
2100,6.28414,,163,,114
2101,6.2867,,162,,114.2
2102,6.28953,,162,,114.2
2103,6.29233,,161,,114.4
2104,6.29503,,161,,114.6
2105,6.2979,,160,,114.8
2106,6.30087,,161,,115
2107,6.30322,,160,,115.2
2108,6.30548,,159,,115.4
2109,6.3078,,160,,115.4
2110,6.31026,,160,,115.6
2111,6.31244,,160,,115.6
2112,6.31456,,160,,115.8
2113,6.3166,,160,,116
2114,6.31856,,160,,116.2
2115,6.32097,,160,,116.2
2116,6.32352,,159,,116.4
2117,6.32558,,158,,116.6
2118,6.32744,,158,,116.8
2119,6.32966,,159,,116.8
2120,6.33176,,157,,117
2121,6.33412,,157,,117
2122,6.33626,,156,,117.2
2123,6.33833,,157,,117.4
2124,6.34034,,156,,117.6
2125,6.34247,,156,,117.8
2126,6.34475,,156,,118
2127,6.34759,,155,,118.2
2128,6.3502,,155,,118.6
2129,6.3529,,155,,118.8
2130,6.35558,,154,,119
2131,6.3585,,153,,119.2
2132,6.36131,,154,,119.4
2133,6.36419,,153,,119.6
2134,6.3669,,152,,119.6
2135,6.36959,,153,,119.8
2136,6.37174,,152,,119.8
2137,6.37383,,151,,120
2138,6.37595,,151,,120
2139,6.37814,,150,,120
2140,6.38094,,149,,120.2
2141,6.38324,,149,,120.2
2142,6.38544,,150,,120.4
2143,6.38752,,149,,120.4
2144,6.38999,,149,,120.6
2145,6.39266,,148,,120.6
2146,6.39551,,148,,120.8
2147,6.39799,,147,,120.8
2148,6.40023,,146,,120.8
2149,6.40261,,146,,121
2150,6.40508,,146,,121
2151,6.4075,,146,,121.2
2152,6.40984,,146,,121.2
2153,6.41236,,145,,121.2
2154,6.41522,,146,,121.4
2155,6.41811,,146,,121.4
2156,6.42073,,146,,121.6
2157,6.42319,,144,,121.6
2158,6.42823,,146,,121.6
2159,6.42823,,145,,121.6
2160,6.43397,,145,,121.8
2161,6.43397,,145,,121.8
2162,6.44037,,144,,122
2163,6.44037,,144,,122
2164,6.44581,,145,,122.2
2165,6.44581,,145,,122.2
2166,6.45149,,144,,122.4
2167,6.45149,,144,,122.4
2168,6.4574,,145,,122.4
2169,6.4574,,143,,122.4
2170,6.46307,,144,,122.4
2171,6.46307,,143,,122.4
2172,6.46871,,142,,122.4
2173,6.46871,,141,,122.4
2174,6.47415,,141,,122.4
2175,6.47415,,142,,122.4
2176,6.47674,,142,,122.4
2177,6.47944,,142,,122.4
2178,6.48252,,142,,122.4
2179,6.48511,,141,,122.4
2180,6.48736,,141,,122.4
2181,6.48978,,140,,122.4
2182,6.49204,,141,,122.4
2183,6.49428,,140,,122.2
2184,6.49667,,140,,122.4
2185,6.49938,,141,,122.4
2186,6.50176,,139,,122.4
2187,6.50428,,140,,122.4
2188,6.5066,,140,,122.4
2189,6.50909,,140,,122.4
2190,6.51168,,140,,122.4
2191,6.51416,,140,,122.4
2192,6.51673,,140,,122.4
2193,6.51906,,140,,122.4
2194,6.52131,,140,,122.4
2195,6.52373,,140,,122.4
2196,6.52617,,139,,122.4
2197,6.52829,,140,,122.4
2198,6.53059,,140,,122.6
2199,6.53309,,141,,122.6
2200,6.53564,,140,,122.6
2201,6.53829,,140,,122.6
2202,6.54073,,141,,122.6
2203,6.54306,,140,,122.6
2204,6.54563,,140,,122.6
2205,6.54848,,141,,122.8
2206,6.55141,,140,,122.8
2207,6.55425,,140,,122.8
2208,6.55711,,141,,122.8
2209,6.55954,,140,,122.8
2210,6.56216,,141,,123
2211,6.56471,,140,,123
2212,6.56724,,141,,123
2213,6.56959,,140,,123
2214,6.57215,,139,,123
2215,6.5744,,140,,123
2216,6.57653,,138,,123
2217,6.57864,,138,,123
2218,6.58088,,138,,123
2219,6.58315,,138,,123
2220,6.58516,,137,,123
2221,6.58747,,137,,123
2222,6.58981,,136,,123
2223,6.59211,,137,,123
2224,6.59421,,136,,123
2225,6.59607,,136,,123
2226,6.59809,,136,,123
2227,6.60058,,135,,123
2228,6.60357,,135,,123
2229,6.60646,,135,,123
2230,6.6095,,136,,123
2231,6.61212,,135,,123
2232,6.61472,,137,,123
2233,6.61728,,136,,123
2234,6.61967,,136,,123
2235,6.62274,,136,,123
2236,6.62556,,136,,123
2237,6.62858,,136,,123.2
2238,6.63192,,137,,123.2
2239,6.63458,,137,,123.2
2240,6.63697,,136,,123.2
2241,6.63942,,136,,123.2
2242,6.64191,,136,,123.2
2243,6.64485,,136,,123.2
2244,6.64818,,135,,123.2
2245,6.65076,,135,,123.2
2246,6.65345,,135,,123.2
2247,6.6566,,135,,123.2
2248,6.65923,,135,,123.2
2249,6.66249,,135,,123.2
2250,6.66587,,136,,123
2251,6.66883,,136,,123
2252,6.67184,,136,,123
2253,6.6749,,136,,123
2254,6.6775,,135,,122.8
2255,6.68017,,135,,122.8
2256,6.68301,,135,,122.8
2257,6.68574,,135,,122.8
2258,6.68862,,136,,122.8
2259,6.69145,,136,,122.6
2260,6.69407,,136,,122.6
2261,6.69692,,136,,122.6
2262,6.69992,,136,,122.6
2263,6.70307,,136,,122.4
2264,6.70607,,136,,122.4
2265,6.70929,,135,,122.4
2266,6.71218,,135,,122.4
2267,6.71474,,135,,122.4
2268,6.71739,,135,,122.2
2269,6.72007,,135,,122.2
2270,6.72279,,135,,122.2
2271,6.72544,,135,,122.2
2272,6.72787,,136,,122
2273,6.73057,,136,,122
2274,6.73353,,136,,122
2275,6.73591,,136,,122
2276,6.73827,,135,,121.8
2277,6.74094,,136,,121.8
2278,6.74343,,136,,121.6
2279,6.74656,,136,,121.6
2280,6.74979,,137,,121.4
2281,6.75282,,136,,121.4
2282,6.75601,,137,,121.2
2283,6.75898,,137,,121.2
2284,6.76178,,136,,121.2
2285,6.7651,,138,,121
2286,6.76877,,137,,120.8
2287,6.77208,,137,,120.8
2288,6.77483,,138,,120.6
2289,6.77739,,137,,120.6
2290,6.77976,,138,,120.6
2291,6.78212,,137,,120.4
2292,6.78474,,136,,120.4
2293,6.78725,,137,,120.2
2294,6.79003,,137,,120.2
2295,6.79269,,136,,120.2
2296,6.79525,,136,,120
2297,6.79775,,136,,120
2298,6.80084,,136,,119.8
2299,6.80378,,136,,119.6
2300,6.80702,,136,,119.6
2301,6.81008,,136,,119.4
2302,6.81279,,136,,119.2
2303,6.81568,,136,,119.2
2304,6.81852,,135,,119
2305,6.82133,,135,,118.8
2306,6.82386,,136,,118.8
2307,6.82646,,136,,118.6
2308,6.82959,,136,,118.4
2309,6.83265,,136,,118.4
2310,6.83567,,135,,118.2
2311,6.83883,,136,,118
2312,6.84153,,136,,118
2313,6.84418,,136,,117.8
2314,6.84663,,137,,117.6
2315,6.84912,,136,,117.6
2316,6.85165,,136,,117.4
2317,6.85437,,137,,117.4
2318,6.85721,,137,,117.2
2319,6.85985,,137,,117
2320,6.86248,,137,,117
2321,6.8652,,137,,117
2322,6.86817,,137,,117
2323,6.87095,,137,,117
2324,6.87412,,137,,117
2325,6.87722,,138,,117
2326,6.88026,,138,,117
2327,6.88343,,137,,117
2328,6.88661,,137,,117
2329,6.89,,137,,117
2330,6.89269,,136,,117
2331,6.89528,,136,,117
2332,6.89783,,137,,117
2333,6.90061,,137,,117
2334,6.90348,,137,,117
2335,6.90606,,138,,117
2336,6.90918,,138,,117
2336,6.90918,,138,,117
2337,6.91226,,139,,117
2338,6.91586,,138,,117
2339,6.91933,,140,,117
2340,6.92304,,140,,116.8
2341,6.92748,,141,,116.8
2342,6.93168,,141,,116.8
2343,6.93595,,142,,116.8
2344,6.94046,,143,,116.8
2345,6.94513,,144,,116.8
2346,6.94959,,144,,116.8
2347,6.95396,,146,,116.6
2348,6.95829,,146,,116.6
2349,6.96281,,147,,116.6
2350,6.96725,,147,,116.6
2351,6.97167,,148,,116.4
2352,6.97587,,149,,116.2
2353,6.98014,,150,,116
2354,6.98409,,150,,115.8
2355,6.98785,,150,,115.6
2356,6.99161,,150,,115.6
2357,6.99574,,150,,115.4
2358,7.0003,,149,,115.4
2359,7.00461,,152,,115.2
2360,7.00869,,151,,115.2
2361,7.01271,,152,,115.2
2362,7.01711,,153,,115.2
2363,7.02136,,153,,115.2
2364,7.02575,,154,,115.2
2365,7.02972,,153,,115.2
2366,7.03398,,153,,115
2367,7.03818,,154,,115
2368,7.04255,,154,,115
2369,7.04667,,154,,115
2370,7.05053,,155,,115
2371,7.05447,,155,,115
2372,7.05828,,156,,115
2373,7.06229,,156,,115.2
2374,7.0663,,155,,115.2
2375,7.07016,,154,,115.4
2376,7.07377,,155,,115.4
2377,7.07727,,156,,115.4
2378,7.08081,,156,,115.4
2379,7.08472,,155,,115.6
2380,7.08877,,157,,115.6
2381,7.09303,,157,,115.8
2382,7.09679,,157,,115.8
2383,7.10076,,157,,115.8
2384,7.10477,,156,,116
2385,7.10877,,156,,116
2386,7.11273,,157,,116.2
2387,7.11669,,158,,116.2
2388,7.1206,,156,,116.2
2389,7.12512,,157,,116.2
2390,7.12933,,156,,116.4
2391,7.13325,,157,,116.4
2392,7.13704,,158,,116.6
2393,7.14087,,158,,116.6
2394,7.14517,,157,,116.8
2395,7.14924,,157,,117
2396,7.15324,,158,,117
2397,7.15712,,158,,117
2398,7.16104,,159,,117
2399,7.16478,,158,,117
2400,7.16886,,157,,117
2401,7.17297,,158,,116.8
2402,7.17705,,158,,116.8
2403,7.18088,,158,,116.8
2404,7.18466,,159,,116.8
2405,7.18868,,158,,116.8
2406,7.19285,,159,,116.8
2407,7.19692,,159,,116.8
2408,7.20061,,158,,116.8
2409,7.20474,,159,,116.8
2410,7.20893,,160,,116.8
2411,7.21296,,160,,117
2412,7.21756,,160,,117
2413,7.222,,159,,117
2414,7.22595,,160,,117
2415,7.2298,,161,,117
2416,7.2334,,160,,116.8
2417,7.2369,,160,,116.8
2418,7.24046,,160,,116.8
2419,7.24402,,160,,116.8
2420,7.24772,,159,,116.8
2421,7.25127,,159,,116.8
2422,7.25486,,160,,116.8
2423,7.25843,,159,,116.8
2424,7.26211,,160,,116.8
2425,7.26596,,160,,116.6
2426,7.26965,,161,,116.6
2427,7.27365,,160,,116.8
2428,7.2778,,161,,116.8
2429,7.28189,,160,,116.8
2430,7.28593,,161,,116.8
2431,7.28965,,160,,116.8
2432,7.29344,,160,,116.8
2433,7.29702,,161,,117
2434,7.30074,,160,,117
2435,7.30445,,160,,117
2436,7.30837,,161,,117
2437,7.31227,,160,,117
2438,7.31584,,161,,117
2439,7.3193,,161,,117
2440,7.32288,,161,,117.2
2441,7.32734,,159,,117.2
2442,7.33216,,160,,117.2
2443,7.33703,,161,,117.2
2444,7.34223,,162,,117.2
2445,7.34649,,162,,117.2
2446,7.35079,,162,,117.2
2447,7.35471,,162,,117.2
2448,7.35837,,162,,117.2
2449,7.36228,,162,,117.2
2450,7.36625,,162,,117.2
2451,7.37049,,163,,117.2
2452,7.37453,,163,,117.2
2453,7.37891,,163,,117
2454,7.38334,,163,,117
2455,7.38778,,163,,117
2456,7.39191,,163,,116.8
2457,7.39617,,164,,116.8
2458,7.40052,,163,,116.6
2459,7.40435,,164,,116.6
2460,7.40872,,163,,116.6
2461,7.41238,,164,,116.6
2462,7.41593,,164,,116.6
2463,7.4197,,164,,116.6
2464,7.42325,,164,,116.6
2465,7.42708,,163,,116.6
2466,7.43148,,162,,116.6
2467,7.43558,,164,,116.6
2468,7.4402,,164,,116.6
2469,7.44489,,164,,116.6
2470,7.44944,,165,,116.6
2471,7.4541,,164,,116.6
2472,7.45859,,164,,116.6
2473,7.46332,,164,,116.6
2474,7.46785,,163,,116.6
2475,7.47209,,164,,116.6
2476,7.47679,,163,,116.6
2477,7.48123,,164,,116.8
2478,7.48495,,163,,116.8
2479,7.48896,,164,,116.8
2480,7.49297,,163,,117
2481,7.49659,,163,,117
2482,7.50034,,163,,117.2
2483,7.50443,,162,,117.2
2484,7.50835,,162,,117.2
2485,7.51241,,161,,117.4
2486,7.51634,,162,,117.4
2487,7.5201,,163,,117.6
2488,7.52395,,163,,117.6
2489,7.52838,,163,,117.6
2490,7.53247,,163,,117.8
2491,7.53641,,164,,117.8
2492,7.54017,,164,,117.8
2493,7.54356,,163,,118
2494,7.54716,,164,,118
2495,7.55074,,164,,118.2
2496,7.55458,,163,,118.2
2497,7.55854,,164,,118.4
2498,7.56227,,164,,118.4
2499,7.56625,,163,,118.6
2500,7.5701,,163,,118.8
2501,7.57422,,163,,119
2502,7.57836,,163,,119
2503,7.58201,,162,,119.2
2504,7.58636,,163,,119.4
2505,7.59037,,164,,119.4
2506,7.5945,,163,,119.6
2507,7.59868,,164,,119.8
2508,7.60258,,165,,119.8
2509,7.60662,,164,,120
2510,7.6109,,165,,120.2
2511,7.61497,,164,,120.4
2512,7.61923,,164,,120.4
2513,7.62327,,164,,120.6
2514,7.62761,,164,,120.8
2515,7.63156,,164,,120.8
2516,7.63578,,164,,121
2517,7.64417,,163,,121.2
2518,7.64417,,165,,121.2
2519,7.64861,,165,,121.4
2520,7.65317,,165,,121.4
2521,7.65727,,164,,121.4
2522,7.66143,,165,,121.4
2523,7.66535,,165,,121.4
2524,7.6695,,165,,121.4
2525,7.67353,,165,,121.4
2526,7.6777,,165,,121.4
2527,7.68183,,164,,121.4
2528,7.68628,,164,,121.4
2529,7.69031,,166,,121.4
2530,7.69438,,166,,121.4
2531,7.6984,,165,,121.4
2532,7.70291,,165,,121.4
2533,7.70765,,166,,121.4
2534,7.71244,,165,,121.6
2535,7.71659,,166,,121.6
2536,7.72068,,166,,121.8
2537,7.72449,,165,,121.8
2538,7.72857,,165,,121.8
2539,7.73256,,165,,122
2540,7.7364,,165,,122
2541,7.74032,,165,,122
2542,7.74423,,166,,122.2
2543,7.74806,,166,,122.2
2544,7.75206,,165,,122.2
2545,7.75585,,165,,122.4
2546,7.75962,,165,,122.4
2547,7.76372,,166,,122.4
2548,7.76725,,166,,122.6
2549,7.77113,,166,,122.4
2550,7.77513,,166,,122.2
2551,7.779,,166,,122
2552,7.78255,,166,,121.8
2553,7.78615,,166,,121.8
2554,7.78965,,166,,121.6
2555,7.79364,,166,,121.4
2556,7.79776,,167,,121.2
2557,7.80172,,166,,121
2558,7.80606,,167,,120.8
2559,7.81044,,168,,120.6
2560,7.81478,,167,,120.4
2561,7.81888,,168,,120.2
2562,7.82311,,168,,120
2563,7.82715,,167,,119.8
2564,7.83137,,167,,119.6
2565,7.83528,,167,,119.4
2566,7.83911,,167,,119.2
2567,7.84306,,167,,118.8
2568,7.84735,,167,,118.6
2569,7.8515,,166,,118.4
2570,7.85559,,167,,118.2
2571,7.8598,,166,,117.8
2572,7.86377,,166,,117.6
2573,7.86765,,166,,117.4
2574,7.87153,,167,,117.2
2575,7.8753,,167,,117
2576,7.87907,,166,,116.8
2576,7.87907,,166,,116.8
2577,7.88224,,167,,116.6
2578,7.88612,,167,,116.4
2579,7.88929,,166,,116.2
2580,7.89215,,166,,116
2581,7.8946,,165,,116
2582,7.89685,,165,,116
2583,7.89893,,165,,116
2584,7.90106,,163,,116
2585,7.90342,,163,,116
2586,7.90583,,163,,116
2587,7.90827,,163,,116
2588,7.91087,,162,,116
2589,7.91299,,162,,116
2590,7.91513,,162,,116
2591,7.91769,,163,,116
2592,7.91986,,163,,116
2593,7.92192,,162,,116
2594,7.92405,,161,,116
2595,7.92583,,160,,116
2596,7.92778,,160,,116
2597,7.9298,,159,,116.2
2598,7.93244,,158,,116.2
2599,7.93497,,157,,116.2
2600,7.93823,,158,,116.2
2601,7.94107,,157,,116.2
2602,7.94405,,156,,116.2
2603,7.94677,,155,,116.2
2604,7.94977,,156,,116.2
2605,7.95296,,155,,116.2
2606,7.9559,,155,,116.2
2607,7.95925,,156,,116.2
2608,7.96237,,154,,116.2
2609,7.96524,,155,,116.2
2610,7.9679,,155,,116.2
2611,7.97071,,154,,116.2
2612,7.97378,,153,,116.2
2613,7.97677,,153,,116.2
2614,7.97987,,154,,116.2
2615,7.98261,,154,,116.2
2616,7.98549,,154,,116.2
2617,7.98876,,153,,116.2
2618,7.99209,,152,,116.2
2619,7.99513,,151,,116.2
2620,7.99815,,152,,116.2
2621,8.00123,,151,,116.4
2622,8.0042,,150,,116.4
2623,8.0071,,150,,116.4
2624,8.01039,,150,,116.4
2625,8.01323,,151,,116.4
2626,8.01606,,150,,116.4
2627,8.0192,,149,,116.4
2628,8.02198,,149,,116.4
2629,8.02493,,149,,116.2
2630,8.0279,,150,,116.2
2631,8.03101,,151,,116.2
2632,8.03371,,150,,116.2
2633,8.03638,,149,,116.2
2634,8.03906,,149,,116.2
2635,8.0417,,148,,116
2636,8.04443,,149,,116
2637,8.04701,,147,,116
2638,8.04949,,147,,116
2639,8.05189,,147,,116
2640,8.05456,,146,,116
2641,8.05739,,146,,116
2642,8.0601,,146,,116
2643,8.06263,,145,,116
2644,8.0651,,145,,116
2645,8.06787,,143,,116
2646,8.07093,,144,,116
2647,8.07374,,143,,116
2648,8.07638,,144,,116
2649,8.07923,,143,,116
2650,8.08192,,144,,116
2651,8.08477,,144,,116
2652,8.08765,,144,,116
2653,8.09041,,143,,115.8
2654,8.09278,,143,,115.8
2655,8.09516,,143,,115.8
2656,8.09782,,143,,115.8
2657,8.1003,,142,,115.8
2658,8.1028,,143,,115.6
2659,8.10576,,142,,115.6
2660,8.10866,,142,,115.6
2661,8.1115,,142,,115.6
2662,8.11424,,141,,115.4
2663,8.11708,,141,,115.4
2664,8.11949,,141,,115.4
2665,8.12285,,140,,115.4
2666,8.12605,,141,,115.2
2667,8.12928,,140,,115.2
2668,8.13247,,141,,115.2
2669,8.13543,,141,,115.2
2670,8.13831,,141,,115.2
2671,8.1411,,139,,115.4
2672,8.14391,,140,,115.4
2673,8.14675,,140,,115.2
2674,8.14983,,140,,115.2
2675,8.15297,,139,,115.2
2676,8.15604,,140,,115
2677,8.15895,,139,,115
2678,8.16187,,140,,114.8
2679,8.1646,,138,,114.8
2680,8.16735,,139,,114.8
2681,8.1702,,139,,114.6
2682,8.17299,,139,,114.6
2683,8.17589,,138,,114.6
2684,8.17894,,138,,114.4
2685,8.18203,,139,,114.4
2686,8.1848,,139,,114.4
2687,8.1873,,139,,114.6
2688,8.19013,,138,,114.6
2689,8.19298,,137,,114.6
2690,8.19574,,138,,114.6
2691,8.19818,,138,,114.6
2692,8.20099,,137,,114.6
2693,8.20371,,137,,114.6
2694,8.20673,,138,,114.4
2695,8.20935,,138,,114.6
2696,8.21185,,138,,114.6
2697,8.21456,,138,,114.8
2698,8.21694,,138,,114.8
2699,8.21991,,138,,115
2700,8.22234,,138,,115
2701,8.22485,,137,,114.8
2702,8.22728,,138,,114.8
2703,8.23015,,137,,114.8
2704,8.23238,,137,,114.8
2705,8.23482,,137,,114.8
2706,8.23713,,136,,114.8
2707,8.23979,,137,,114.8
2708,8.24229,,137,,114.6
2709,8.24485,,138,,114.6
2710,8.24694,,138,,114.6
2711,8.24871,,139,,114.6
2712,8.2508,,138,,114.6
2713,8.25365,,138,,114.4
2714,8.25643,,137,,114.4
2715,8.25948,,138,,114.4
2716,8.26285,,138,,114.2
2717,8.26571,,137,,114.2
2718,8.26862,,137,,114.2
2719,8.27142,,136,,114.2
2720,8.27442,,136,,114.4
2721,8.27755,,136,,114.4
2722,8.28078,,136,,114.6
2723,8.28383,,137,,114.6
2724,8.28669,,136,,114.8
2725,8.28961,,137,,115
2726,8.29241,,137,,115
2727,8.29525,,137,,115.2
2728,8.29853,,138,,115.4
2729,8.30169,,138,,115.4
2730,8.30465,,138,,115.6
2731,8.30757,,138,,115.6
2732,8.31019,,138,,115.8
2733,8.31312,,139,,115.8
2734,8.31617,,139,,116
2735,8.31888,,140,,116
2736,8.32119,,139,,116
2737,8.32395,,139,,116.2
2738,8.32662,,139,,116.2
2739,8.32928,,138,,116.4
2740,8.33222,,139,,116.4
2741,8.33499,,139,,116.6
2742,8.33788,,139,,116.6
2743,8.34082,,139,,116.6
2744,8.34347,,138,,116.8
2745,8.34644,,139,,116.8
2746,8.34944,,138,,116.8
2747,8.35215,,139,,117
2748,8.35475,,138,,117
2749,8.35742,,138,,117
2750,8.36032,,138,,117
2751,8.36297,,139,,117
2752,8.36556,,139,,117
2753,8.36788,,139,,117
2754,8.37048,,139,,117
2755,8.37309,,139,,117
2756,8.37572,,138,,117
2757,8.37817,,140,,117
2758,8.38344,,139,,117
2759,8.38344,,139,,117
2760,8.39017,,138,,117.2
2761,8.39017,,138,,117.2
2762,8.393,,138,,117.2
2763,8.3957,,138,,117.2
2764,8.39843,,138,,117.2
2765,8.40175,,139,,117.2
2766,8.40498,,138,,117.2
2767,8.40816,,138,,117.2
2768,8.41109,,138,,117.2
2769,8.41459,,138,,117
2770,8.41749,,138,,117
2771,8.42032,,138,,117
2772,8.42334,,138,,116.8
2773,8.4261,,138,,116.8
2774,8.42941,,138,,116.8
2775,8.4324,,138,,116.6
2776,8.43526,,138,,116.6
2777,8.43803,,139,,116.4
2778,8.44116,,139,,116.4
2779,8.44413,,138,,116.6
2780,8.44699,,137,,116.6
2781,8.44965,,138,,116.6
2782,8.4527,,136,,116.6
2783,8.45569,,137,,116.6
2784,8.45843,,138,,116.6
2785,8.46132,,138,,116.4
2786,8.46407,,138,,116.4
2787,8.46698,,137,,116.4
2788,8.46976,,136,,116.4
2789,8.47246,,136,,116.2
2790,8.47505,,136,,116.2
2791,8.47766,,135,,116.2
2792,8.48033,,134,,116.2
2793,8.48319,,133,,116.2
2794,8.48585,,133,,116.2
2795,8.48873,,134,,116.2
2796,8.49168,,133,,116.2
2797,8.49449,,133,,116.2
2798,8.49698,,133,,116.2
2799,8.49953,,133,,116
2800,8.5026,,134,,116.2
2801,8.50541,,135,,116.2
2802,8.50816,,135,,116.2
2803,8.51071,,135,,116.2
2804,8.51328,,137,,116.2
2805,8.5164,,137,,116.2
2806,8.51925,,137,,116.2
2807,8.52238,,137,,116.2
2808,8.52544,,138,,116.2
2809,8.52856,,137,,116.2
2810,8.5317,,137,,116.4
2811,8.535,,137,,116.4
2812,8.53802,,137,,116.6
2813,8.54085,,137,,116.6
2814,8.5437,,137,,116.8
2815,8.54673,,136,,116.8
2816,8.54987,,137,,117
2817,8.55297,,137,,117
2817,8.55297,,137,,117
2818,8.5559,,137,,117.2
2819,8.55915,,137,,117.2
2820,8.56329,,137,,117.4
2821,8.56794,,137,,117.4
2822,8.57275,,137,,117.4
2823,8.57815,,139,,117.4
2824,8.58332,,140,,117.4
2825,8.58882,,141,,117.4
2826,8.59401,,142,,117.4
2827,8.59914,,142,,117.4
2828,8.60412,,143,,117.6
2829,8.60852,,144,,117.6
2830,8.61302,,144,,117.8
2831,8.61759,,144,,118
2832,8.62222,,145,,118
2833,8.62673,,147,,118.2
2834,8.63157,,147,,118.4
2835,8.63598,,148,,118.6
2836,8.64053,,150,,118.6
2837,8.64459,,149,,118.8
2838,8.64869,,150,,118.8
2839,8.65281,,150,,118.8
2840,8.6565,,151,,118.8
2841,8.66025,,152,,118.6
2842,8.66398,,152,,118.6
2843,8.66795,,152,,118.6
2844,8.67197,,152,,118.4
2845,8.67588,,152,,118.4
2846,8.67981,,154,,118.2
2847,8.68395,,155,,118.2
2848,8.68809,,156,,118
2849,8.69273,,155,,118
2850,8.69705,,156,,117.8
2851,8.70054,,156,,117.8
2852,8.70229,,156,,117.8
2853,8.70407,,156,,117.8
2854,8.70664,,156,,117.8
2855,8.7103,,156,,117.8
2856,8.71446,,157,,117.8
2857,8.71913,,157,,117.6
2858,8.72405,,157,,117.4
2859,8.7287,,157,,117.2
2860,8.7331,,157,,117
2861,8.7374,,158,,117
2862,8.74148,,157,,116.8
2863,8.74572,,157,,116.8
2864,8.75005,,158,,116.6
2865,8.7546,,159,,116.4
2866,8.75902,,158,,116.4
2867,8.76353,,158,,116.2
2868,8.76789,,158,,116.2
2869,8.77213,,159,,116
2870,8.77639,,159,,116
2871,8.78049,,160,,116
2872,8.78473,,160,,116
2873,8.78924,,160,,116
2874,8.79344,,160,,116
2875,8.79756,,161,,116
2876,8.80178,,161,,116
2877,8.80591,,162,,116
2878,8.81483,,161,,115.8
2879,8.81483,,161,,115.8
2880,8.81948,,163,,115.8
2881,8.82403,,163,,115.8
2882,8.82834,,163,,115.6
2883,8.83277,,163,,115.6
2884,8.83702,,162,,115.6
2885,8.84127,,162,,115.6
2886,8.84548,,162,,115.4
2887,8.84954,,162,,115.4
2888,8.85346,,161,,115.4
2889,8.85726,,162,,115.2
2890,8.86112,,162,,115.2
2891,8.86509,,162,,115
2892,8.86902,,162,,115
2893,8.87303,,161,,114.8
2894,8.87716,,162,,114.6
2895,8.88108,,161,,114.6
2896,8.88505,,161,,114.4
2897,8.88915,,160,,114.4
2898,8.89316,,161,,114.2
2899,8.89713,,161,,114.2
2900,8.9011,,160,,114
2901,8.90472,,161,,114
2902,8.90841,,161,,114
2903,8.91219,,162,,113.8
2904,8.91604,,161,,113.8
2905,8.91989,,161,,113.8
2906,8.92392,,161,,113.8
2907,8.9279,,162,,113.8
2908,8.93188,,161,,113.8
2909,8.93614,,162,,114
2910,8.94047,,162,,114
2911,8.94452,,161,,114
2912,8.94852,,161,,114
2913,8.95261,,161,,114
2914,8.95698,,162,,114
2915,8.96113,,162,,114
2916,8.96522,,162,,114
2917,8.96928,,162,,114.2
2918,8.97325,,162,,114.2
2919,8.97746,,163,,114.2
2920,8.98122,,163,,114.2
2921,8.98498,,163,,114.2
2922,8.98877,,162,,114.2
2923,8.99253,,162,,114.2
2924,8.99645,,164,,114.4
2925,9.00062,,163,,114.4
2926,9.0049,,163,,114.4
2927,9.00911,,163,,114.4
2928,9.01308,,162,,114.6
2929,9.01653,,163,,114.6
2930,9.01985,,164,,114.8
2931,9.02391,,165,,114.8
2932,9.02766,,163,,115
2933,9.03215,,164,,115
2934,9.03624,,165,,115.2
2935,9.04068,,165,,115.2
2936,9.0448,,164,,115.2
2937,9.04849,,165,,115.4
2938,9.0522,,164,,115.4
2939,9.05663,,164,,115.4
2940,9.06031,,165,,115.6
2941,9.06423,,166,,115.6
2942,9.06782,,165,,115.6
2943,9.07187,,166,,115.8
2944,9.07575,,166,,115.8
2945,9.07935,,166,,115.8
2946,9.08282,,165,,115.8
2947,9.08636,,165,,115.8
2948,9.09013,,165,,115.8
2949,9.09317,,165,,115.8
2950,9.09675,,165,,115.8
2951,9.10137,,165,,116
2952,9.10547,,165,,116
2953,9.10959,,165,,116
2954,9.11351,,166,,116
2955,9.11724,,166,,116
2956,9.12148,,166,,116.2
2957,9.12527,,166,,116.2
2958,9.12876,,166,,116.4
2959,9.13229,,166,,116.4
2960,9.13603,,166,,116.4
2961,9.13989,,166,,116.6
2962,9.14383,,166,,116.6
2963,9.14835,,167,,116.8
2964,9.15291,,167,,116.8
2965,9.15755,,166,,117
2966,9.16164,,167,,117
2967,9.16524,,166,,117
2968,9.16812,,166,,117.2
2969,9.17135,,167,,117.2
2970,9.17485,,166,,117.2
2971,9.1788,,166,,117.4
2972,9.18316,,166,,117.4
2973,9.18756,,166,,117.4
2974,9.19169,,166,,117.4
2975,9.19566,,165,,117.6
2976,9.19958,,166,,117.6
2977,9.20364,,167,,117.6
2978,9.20774,,167,,117.6
2979,9.21193,,166,,117.6
2980,9.21618,,166,,117.6
2981,9.22052,,166,,117.4
2982,9.22457,,167,,117.4
2983,9.22902,,167,,117.2
2984,9.23318,,166,,117.2
2985,9.23747,,166,,117
2986,9.24167,,167,,117
2987,9.2458,,166,,116.8
2988,9.24986,,167,,116.8
2989,9.25388,,167,,116.6
2990,9.2579,,166,,116.8
2991,9.26207,,167,,117
2992,9.26627,,165,,117.4
2993,9.27072,,167,,117.4
2994,9.27501,,167,,117.6
2995,9.27912,,167,,117.6
2996,9.28329,,167,,117.8
2997,9.29171,,166,,117.8
2998,9.29171,,167,,117.8
2999,9.29977,,166,,118
3000,9.29977,,166,,118
3001,9.30769,,165,,118.2
3002,9.30769,,165,,118.2
3003,9.3153,,166,,118.4
3004,9.3153,,167,,118.4
3005,9.31941,,167,,118.6
3006,9.32359,,166,,118.8
3007,9.3277,,167,,119
3008,9.33192,,167,,119.4
3009,9.33588,,166,,119.6
3010,9.33961,,167,,120
3011,9.34328,,166,,120
3012,9.34692,,166,,120.2
3013,9.3508,,166,,120.4
3014,9.35492,,166,,120.6
3015,9.35901,,166,,120.6
3016,9.36304,,167,,120.8
3017,9.367,,167,,121
3018,9.37093,,167,,121
3019,9.37511,,167,,121.2
3020,9.37929,,167,,121.4
3021,9.38333,,167,,121.4
3022,9.38762,,168,,121.4
3023,9.39213,,168,,121.4
3024,9.39645,,168,,121.4
3025,9.4008,,167,,121.4
3026,9.40523,,167,,121.4
3027,9.40958,,168,,121.2
3028,9.41373,,168,,121.2
3029,9.41801,,168,,121.2
3030,9.42215,,167,,121
3031,9.42633,,167,,121
3032,9.43055,,167,,121
3033,9.43507,,167,,120.8
3034,9.43952,,166,,120.8
3035,9.44395,,167,,121
3036,9.44842,,167,,121
3037,9.45274,,165,,121
3038,9.45721,,167,,121.2
3039,9.46162,,166,,121.2
3040,9.4659,,165,,121
3041,9.47032,,167,,121
3042,9.47459,,166,,120.8
3043,9.47886,,165,,120.6
3044,9.48312,,164,,120.4
3045,9.48723,,166,,120.2
3046,9.49114,,166,,120
3047,9.49504,,166,,119.8
3048,9.49923,,165,,119.8
3049,9.50358,,167,,119.8
3050,9.5074,,166,,119.8
3051,9.51093,,166,,119.8
3052,9.51438,,166,,119.6
3053,9.51781,,166,,119.6
3054,9.52146,,167,,119.6
3055,9.52548,,166,,119.6
3056,9.52952,,167,,119.6
3057,9.53338,,167,,119.6
3058,9.53683,,167,,119.6
3059,9.54003,,167,,119.6
3059,9.54003,,167,,119.6
3060,9.54245,,167,,119.4
3061,9.54455,,165,,119.4
3062,9.54675,,166,,119.4
3063,9.54879,,165,,119.4
3064,9.55087,,164,,119.4
3065,9.55299,,163,,119.4
3066,9.55571,,163,,119.4
3067,9.55827,,163,,119.4
3068,9.56088,,163,,119.4
3069,9.5639,,162,,119.4
3070,9.56685,,162,,119.4
3071,9.5696,,162,,119.4
3072,9.5722,,162,,119.4
3073,9.57479,,162,,119.4
3074,9.57749,,161,,119.4
3075,9.5803,,160,,119.4
3076,9.58305,,160,,119.4
3077,9.58544,,160,,119.4
3078,9.5876,,160,,119.4
3079,9.59026,,158,,119.6
3080,9.59309,,158,,119.6
3081,9.59589,,158,,119.6
3082,9.59851,,158,,119.6
3083,9.60108,,157,,119.6
3084,9.6039,,157,,119.6
3085,9.60631,,157,,119.8
3086,9.60886,,157,,119.8
3087,9.61172,,156,,119.8
3088,9.61424,,157,,119.8
3089,9.617,,157,,119.8
3090,9.62012,,157,,119.8
3091,9.623,,156,,119.8
3092,9.62561,,156,,119.6
3093,9.62853,,155,,119.6
3094,9.63131,,155,,119.6
3095,9.63424,,154,,119.6
3096,9.63729,,153,,119.8
3097,9.64039,,153,,119.8
3098,9.64325,,153,,120
3099,9.64586,,153,,120
3100,9.64885,,153,,120.2
3101,9.65185,,152,,120.4
3102,9.65444,,151,,120.6
3103,9.65723,,151,,120.6
3104,9.66008,,151,,120.8
3105,9.66286,,151,,121
3106,9.66594,,150,,121
3107,9.66896,,150,,121.2
3108,9.67134,,148,,121.2
3109,9.67365,,149,,121.4
3110,9.67603,,148,,121.4
3111,9.67876,,148,,121.6
3112,9.68157,,147,,121.4
3113,9.68432,,147,,121.4
3114,9.68686,,146,,121.4
3115,9.68947,,147,,121.4
3116,9.69184,,146,,121.6
3117,9.69418,,146,,121.6
3118,9.69663,,147,,121.8
3119,9.69889,,147,,121.8
3120,9.70182,,147,,122
3121,9.70545,,146,,122.2
3122,9.70877,,147,,122.4
3123,9.71246,,148,,122.6
3124,9.71593,,148,,122.8
3125,9.72006,,149,,123
3126,9.72453,,148,,123.2
3127,9.72882,,148,,123.4
3128,9.733,,148,,123.6
3129,9.73708,,148,,123.8
3130,9.74072,,149,,123.8
3131,9.7447,,149,,123.8
3132,9.74846,,149,,123.8
3133,9.7527,,149,,123.8
3134,9.75745,,149,,123.8
3135,9.76127,,149,,123.8
3136,9.76502,,149,,123.8
3137,9.76856,,150,,123.8
3138,9.77215,,150,,123.8
3139,9.77598,,148,,124
3140,9.77961,,150,,124
3141,9.78323,,150,,124
3142,9.78751,,148,,124
3143,9.79136,,149,,124
3144,9.7957,,150,,124
3145,9.80041,,150,,124
3146,9.80461,,149,,124
3147,9.80888,,151,,123.8
3148,9.81294,,151,,123.8
3149,9.81715,,151,,123.8
3150,9.8211,,150,,123.8
3151,9.82484,,152,,123.8
3152,9.82877,,151,,123.8
3153,9.83243,,151,,123.8
3154,9.83611,,152,,123.6
3155,9.84004,,153,,123.6
3156,9.84386,,153,,123.6
3157,9.84776,,151,,123.6
3158,9.85161,,152,,123.6
3159,9.85569,,152,,123.6
3160,9.85979,,153,,123.4
3161,9.86347,,153,,123.4
3162,9.86687,,153,,123.4
3163,9.87008,,154,,123.4
3164,9.87309,,153,,123.2
3165,9.87633,,154,,123.2
3166,9.8795,,154,,123.2
3167,9.88268,,153,,123.2
3168,9.88609,,154,,123.2
3169,9.8895,,155,,123
3170,9.89285,,155,,123
3171,9.89631,,155,,122.8
3172,9.89968,,155,,122.8
3173,9.90315,,154,,122.8
3174,9.90689,,154,,122.6
3175,9.9106,,155,,122.4
3176,9.91417,,156,,122.2
3177,9.91805,,156,,122
3178,9.92187,,155,,121.8
3179,9.92577,,157,,121.6
3180,9.92966,,157,,121.4
3181,9.93347,,158,,121.2
3182,9.93757,,158,,121
3183,9.94152,,157,,120.6
3184,9.94531,,159,,120.4
3185,9.94888,,159,,120.2
3186,9.95264,,159,,120
3187,9.95641,,159,,119.8
3188,9.9603,,159,,119.6
3189,9.96429,,161,,119.2
3190,9.96835,,161,,118.8
3191,9.97247,,162,,118.6
3192,9.97629,,162,,118.2
3193,9.9804,,162,,118
3194,9.98419,,163,,117.6
3195,9.988,,162,,117.4
3196,9.99191,,162,,117
3197,9.99586,,162,,116.6
3198,9.99968,,163,,116.4
3199,10.0034,,163,,116.4
3200,10.0071,,164,,116.4
