secs,km,power,hr,cad,alt
0,0,,114,,1.2
1,0.00194,,114,,1
2,0.00385,,114,,1.4
3,0.006645,,114.75,,1.45
4,0.00944,,115.5,,1.5
5,0.012235,,116.25,,1.55
6,0.01503,,117,,1.6
7,0.0185033,,118,,1.6
8,0.0219767,,119,,1.6
9,0.02545,,120,,1.6
10,0.029065,,121.5,,1.5
11,0.03268,,123,,1.4
12,0.03593,,126,,1.6
13,0.039035,,128.5,,1.5
14,0.04214,,131,,1.4
15,0.0455,,132.5,,1.4
16,0.04886,,134,,1.4
17,0.05254,,137,,1.4
18,0.056345,,139,,1.4
19,0.06015,,141,,1.4
20,0.063885,,142.5,,1.4
21,0.06762,,144,,1.4
22,0.0707967,,145,,1.46667
23,0.0739733,,146,,1.53333
24,0.07715,,147,,1.6
25,0.0802,,148,,1.6
26,0.08318,,148.143,,1.6
27,0.08616,,148.286,,1.6
28,0.08914,,148.429,,1.6
29,0.09212,,148.571,,1.6
30,0.0951,,148.714,,1.6
31,0.09808,,148.857,,1.6
32,0.10106,,149,,1.6
33,0.104301,,148.857,,1.57143
34,0.107543,,148.714,,1.54286
35,0.110784,,148.571,,1.51429
36,0.114026,,148.429,,1.48571
37,0.117267,,148.286,,1.45714
38,0.120509,,148.143,,1.42857
39,0.12375,,148,,1.4
40,0.126923,,147.714,,1.4
41,0.130096,,147.429,,1.4
42,0.133269,,147.143,,1.4
43,0.136441,,146.857,,1.4
44,0.139614,,146.571,,1.4
45,0.142787,,146.286,,1.4
46,0.14596,,146,,1.4
47,0.149319,,146,,1.37143
48,0.152677,,146,,1.34286
49,0.156036,,146,,1.31429
50,0.159394,,146,,1.28571
51,0.162753,,146,,1.25714
52,0.166111,,146,,1.22857
53,0.16947,,146,,1.2
54,0.17272,,146.286,,1.2
55,0.17597,,146.571,,1.2
56,0.17922,,146.857,,1.2
57,0.18247,,147.143,,1.2
58,0.18572,,147.429,,1.2
59,0.18897,,147.714,,1.2
60,0.19222,,148,,1.2
61,0.19561,,148.333,,1.2
62,0.199,,148.667,,1.2
63,0.20239,,149,,1.2
64,0.20578,,149.333,,1.2
65,0.20917,,149.667,,1.2
66,0.21256,,150,,1.2
67,0.21597,,150.167,,1.23333
68,0.21938,,150.333,,1.26667
69,0.22279,,150.5,,1.3
70,0.2262,,150.667,,1.33333
71,0.22961,,150.833,,1.36667
72,0.23302,,151,,1.4
73,0.236224,,150.571,,1.42857
74,0.239429,,150.143,,1.45714
75,0.242633,,149.714,,1.48571
76,0.245837,,149.286,,1.51429
77,0.249041,,148.857,,1.54286
78,0.252246,,148.429,,1.57143
79,0.25545,,148,,1.6
80,0.258817,,147.833,,1.6
81,0.262183,,147.667,,1.6
82,0.26555,,147.5,,1.6
83,0.268917,,147.333,,1.6
84,0.272283,,147.167,,1.6
85,0.27565,,147,,1.6
86,0.278883,,147.143,,1.57143
87,0.282116,,147.286,,1.54286
88,0.285349,,147.429,,1.51429
89,0.288581,,147.571,,1.48571
90,0.291814,,147.714,,1.45714
91,0.295047,,147.857,,1.42857
92,0.29828,,148,,1.4
93,0.30146,,148,,1.42857
94,0.30464,,148,,1.45714
95,0.30782,,148,,1.48571
96,0.311,,148,,1.51429
97,0.31418,,148,,1.54286
98,0.31736,,148,,1.57143
99,0.32054,,148,,1.6
100,0.32433,,147.833,,1.6
101,0.32812,,147.667,,1.6
102,0.33191,,147.5,,1.6
103,0.3357,,147.333,,1.6
104,0.33949,,147.167,,1.6
105,0.34328,,147,,1.6
106,0.34695,,147.167,,1.6
107,0.35062,,147.333,,1.6
108,0.35429,,147.5,,1.6
109,0.35796,,147.667,,1.6
110,0.36163,,147.833,,1.6
111,0.3653,,148,,1.6
112,0.368597,,148.143,,1.6
113,0.371894,,148.286,,1.6
114,0.375191,,148.429,,1.6
115,0.378489,,148.571,,1.6
116,0.381786,,148.714,,1.6
117,0.385083,,148.857,,1.6
118,0.38838,,149,,1.6
119,0.391497,,149.143,,1.57143
120,0.394614,,149.286,,1.54286
121,0.397731,,149.429,,1.51429
122,0.400849,,149.571,,1.48571
123,0.403966,,149.714,,1.45714
124,0.407083,,149.857,,1.42857
125,0.4102,,150,,1.4
126,0.41312,,149.75,,1.4
127,0.41604,,149.5,,1.4
128,0.41896,,149.25,,1.4
129,0.42188,,149,,1.4
130,0.425144,,148.857,,1.42857
131,0.428409,,148.714,,1.45714
132,0.431673,,148.571,,1.48571
133,0.434937,,148.429,,1.51429
134,0.438201,,148.286,,1.54286
135,0.441466,,148.143,,1.57143
136,0.44473,,148,,1.6
137,0.447994,,148,,1.6
138,0.451259,,148,,1.6
139,0.454523,,148,,1.6
140,0.457787,,148,,1.6
141,0.461051,,148,,1.6
142,0.464316,,148,,1.6
143,0.46758,,148,,1.6
144,0.47084,,148,,1.6
145,0.4741,,148,,1.6
146,0.47736,,148,,1.6
147,0.48062,,148,,1.6
148,0.48388,,148,,1.6
149,0.48714,,148,,1.6
150,0.4904,,148,,1.6
151,0.49361,,147.857,,1.62857
152,0.49682,,147.714,,1.65714
153,0.50003,,147.571,,1.68571
154,0.50324,,147.429,,1.71429
155,0.50645,,147.286,,1.74286
156,0.50966,,147.143,,1.77143
157,0.51287,,147,,1.8
158,0.516215,,147.333,,1.83333
159,0.51956,,147.667,,1.86667
160,0.522905,,148,,1.9
161,0.52625,,148.333,,1.93333
162,0.529595,,148.667,,1.96667
163,0.53294,,149,,2
164,0.536325,,149.167,,1.96667
165,0.53971,,149.333,,1.93333
166,0.543095,,149.5,,1.9
167,0.54648,,149.667,,1.86667
168,0.549865,,149.833,,1.83333
169,0.55325,,150,,1.8
170,0.556529,,149.714,,1.8
171,0.559807,,149.429,,1.8
172,0.563086,,149.143,,1.8
173,0.566364,,148.857,,1.8
174,0.569643,,148.571,,1.8
175,0.572921,,148.286,,1.8
176,0.5762,,148,,1.8
177,0.57943,,148,,1.8
178,0.58266,,148,,1.8
179,0.58589,,148,,1.8
180,0.58912,,148,,1.8
181,0.59235,,148,,1.8
182,0.59558,,148,,1.8
183,0.59881,,148,,1.8
184,0.6022,,148,,1.8
185,0.60559,,148,,1.8
186,0.60898,,148,,1.8
187,0.61237,,148,,1.8
188,0.61576,,148,,1.8
189,0.61915,,148,,1.8
190,0.622212,,148,,1.8
191,0.625274,,148,,1.8
192,0.628336,,148,,1.8
193,0.631398,,148,,1.8
194,0.63446,,148,,1.8
195,0.637125,,148,,1.9
196,0.63979,,148,,2
197,0.643039,,148,,1.97143
198,0.646287,,148,,1.94286
199,0.649536,,148,,1.91429
200,0.652784,,148,,1.88571
201,0.656033,,148,,1.85714
202,0.659281,,148,,1.82857
203,0.66253,,148,,1.8
204,0.665684,,148,,1.77143
205,0.668839,,148,,1.74286
206,0.671993,,148,,1.71429
207,0.675147,,148,,1.68571
208,0.678301,,148,,1.65714
209,0.681456,,148,,1.62857
210,0.68461,,148,,1.6
211,0.687657,,148,,1.6
212,0.690705,,148,,1.6
213,0.693752,,148,,1.6
214,0.6968,,148,,1.6
215,0.700408,,148.167,,1.66667
216,0.704017,,148.333,,1.73333
217,0.707625,,148.5,,1.8
218,0.711233,,148.667,,1.86667
219,0.714842,,148.833,,1.93333
220,0.71845,,149,,2
221,0.722067,,149.333,,2.03333
222,0.725683,,149.667,,2.06667
223,0.7293,,150,,2.1
224,0.732917,,150.333,,2.13333
225,0.736533,,150.667,,2.16667
226,0.74015,,151,,2.2
227,0.74354,,151,,2.2
228,0.74693,,151,,2.2
229,0.75032,,151,,2.2
230,0.75371,,151,,2.2
231,0.7571,,151,,2.2
232,0.76049,,151,,2.2
233,0.76345,,150.75,,2.2
234,0.76641,,150.5,,2.2
235,0.76937,,150.25,,2.2
236,0.77233,,150,,2.2
237,0.774575,,150,,2.2
238,0.77682,,150,,2.2
239,0.779854,,150,,2.14286
240,0.782889,,150,,2.08571
241,0.785923,,150,,2.02857
242,0.788957,,150,,1.97143
243,0.791991,,150,,1.91429
244,0.795026,,150,,1.85714
245,0.79806,,150,,1.8
246,0.801406,,150.143,,1.82857
247,0.804751,,150.286,,1.85714
248,0.808097,,150.429,,1.88571
249,0.811443,,150.571,,1.91429
250,0.814789,,150.714,,1.94286
251,0.818134,,150.857,,1.97143
252,0.82148,,151,,2
253,0.82486,,151.167,,2
254,0.82824,,151.333,,2
255,0.83162,,151.5,,2
256,0.835,,151.667,,2
257,0.83838,,151.833,,2
258,0.84176,,152,,2
259,0.845037,,152,,2
260,0.848314,,152,,2
261,0.851591,,152,,2
262,0.854869,,152,,2
263,0.858146,,152,,2
264,0.861423,,152,,2
265,0.8647,,152,,2
266,0.867874,,151.571,,2.05714
267,0.871049,,151.143,,2.11429
268,0.874223,,150.714,,2.17143
269,0.877397,,150.286,,2.22857
270,0.880571,,149.857,,2.28571
271,0.883746,,149.429,,2.34286
272,0.88692,,149,,2.4
273,0.890047,,148.857,,2.4
274,0.893174,,148.714,,2.4
275,0.896301,,148.571,,2.4
276,0.899429,,148.429,,2.4
277,0.902556,,148.286,,2.4
278,0.905683,,148.143,,2.4
279,0.90881,,148,,2.4
280,0.911937,,148.143,,2.37143
281,0.915064,,148.286,,2.34286
282,0.918191,,148.429,,2.31429
283,0.921319,,148.571,,2.28571
284,0.924446,,148.714,,2.25714
285,0.927573,,148.857,,2.22857
286,0.9307,,149,,2.2
287,0.934048,,149.167,,2.23333
288,0.937397,,149.333,,2.26667
289,0.940745,,149.5,,2.3
290,0.944093,,149.667,,2.33333
291,0.947442,,149.833,,2.36667
292,0.95079,,150,,2.4
293,0.954011,,149.857,,2.4
294,0.957233,,149.714,,2.4
295,0.960454,,149.571,,2.4
296,0.963676,,149.429,,2.4
297,0.966897,,149.286,,2.4
298,0.970119,,149.143,,2.4
299,0.97334,,149,,2.4
300,0.976513,,148.857,,2.37143
301,0.979686,,148.714,,2.34286
302,0.982859,,148.571,,2.31429
303,0.986031,,148.429,,2.28571
304,0.989204,,148.286,,2.25714
305,0.992377,,148.143,,2.22857
306,0.99555,,148,,2.2
307,0.998607,,148,,2.2
308,1.00166,,148,,2.2
309,1.00472,,148,,2.2
310,1.00768,,148,,2.1
311,1.01065,,148,,2
312,1.01401,,148,,2.02857
313,1.01736,,148,,2.05714
314,1.02072,,148,,2.08571
315,1.02407,,148,,2.11429
316,1.02743,,148,,2.14286
317,1.03078,,148,,2.17143
318,1.03414,,148,,2.2
319,1.0378,,148.167,,2.2
320,1.04146,,148.333,,2.2
321,1.04511,,148.5,,2.2
322,1.04877,,148.667,,2.2
323,1.05243,,148.833,,2.2
324,1.05609,,149,,2.2
325,1.05941,,149.286,,2.22857
326,1.06273,,149.571,,2.25714
327,1.06605,,149.857,,2.28571
328,1.06936,,150.143,,2.31429
329,1.07268,,150.429,,2.34286
330,1.076,,150.714,,2.37143
331,1.07932,,151,,2.4
332,1.08289,,151.167,,2.36667
333,1.08645,,151.333,,2.33333
334,1.09002,,151.5,,2.3
335,1.09359,,151.667,,2.26667
336,1.09715,,151.833,,2.23333
337,1.10072,,152,,2.2
338,1.10419,,152.333,,2.2
339,1.10767,,152.667,,2.2
340,1.11114,,153,,2.2
341,1.11461,,153.333,,2.2
342,1.11809,,153.667,,2.2
343,1.12156,,154,,2.2
344,1.1247,,154.286,,2.22857
345,1.12784,,154.571,,2.25714
346,1.13098,,154.857,,2.28571
347,1.13411,,155.143,,2.31429
348,1.13725,,155.429,,2.34286
349,1.14039,,155.714,,2.37143
350,1.14353,,156,,2.4
351,1.14754,,156.333,,2.4
352,1.15155,,156.667,,2.4
353,1.15557,,157,,2.4
354,1.15958,,157.333,,2.4
355,1.16359,,157.667,,2.4
356,1.1676,,158,,2.4
357,1.17175,,157.8,,2.4
358,1.1759,,157.6,,2.4
359,1.18006,,157.4,,2.4
360,1.18421,,157.2,,2.4
361,1.18836,,157,,2.4
362,1.19241,,157,,2.4
363,1.19646,,157,,2.4
364,1.2005,,157,,2.4
365,1.20455,,157,,2.4
366,1.2086,,157,,2.4
367,1.21224,,156.833,,2.4
368,1.21588,,156.667,,2.4
369,1.21953,,156.5,,2.4
370,1.22317,,156.333,,2.4
371,1.22681,,156.167,,2.4
372,1.23045,,156,,2.4
373,1.23409,,156.167,,2.36667
374,1.23772,,156.333,,2.33333
375,1.24135,,156.5,,2.3
376,1.24499,,156.667,,2.26667
377,1.24862,,156.833,,2.23333
378,1.25226,,157,,2.2
379,1.25586,,157.5,,2.23333
380,1.25946,,158,,2.26667
381,1.26305,,158.5,,2.3
382,1.26665,,159,,2.33333
383,1.27025,,159.5,,2.36667
384,1.27385,,160,,2.4
385,1.27742,,160.167,,2.36667
386,1.281,,160.333,,2.33333
387,1.28457,,160.5,,2.3
388,1.28814,,160.667,,2.26667
389,1.29172,,160.833,,2.23333
390,1.29529,,161,,2.2
391,1.29883,,160.833,,2.23333
392,1.30237,,160.667,,2.26667
393,1.3059,,160.5,,2.3
394,1.30944,,160.333,,2.33333
395,1.31298,,160.167,,2.36667
396,1.31652,,160,,2.4
397,1.31994,,159.667,,2.4
398,1.32336,,159.333,,2.4
399,1.32678,,159,,2.4
400,1.3302,,158.667,,2.4
401,1.33362,,158.333,,2.4
402,1.33704,,158,,2.4
403,1.34048,,157.4,,2.4
404,1.34391,,156.8,,2.4
405,1.34735,,156.2,,2.4
406,1.35078,,155.6,,2.4
407,1.35422,,155,,2.4
408,1.35737,,155,,2.36667
409,1.36052,,155,,2.33333
410,1.36367,,155,,2.3
411,1.36682,,155,,2.26667
412,1.36997,,155,,2.23333
413,1.37312,,155,,2.2
414,1.37644,,155.286,,2.22857
415,1.37975,,155.571,,2.25714
416,1.38307,,155.857,,2.28571
417,1.38638,,156.143,,2.31429
418,1.3897,,156.429,,2.34286
419,1.39301,,156.714,,2.37143
420,1.39633,,157,,2.4
421,1.39966,,157.5,,2.36667
422,1.40299,,158,,2.33333
423,1.40632,,158.5,,2.3
424,1.40965,,159,,2.26667
425,1.41298,,159.5,,2.23333
426,1.41631,,160,,2.2
427,1.41975,,160.167,,2.2
428,1.42319,,160.333,,2.2
429,1.42664,,160.5,,2.2
430,1.43008,,160.667,,2.2
431,1.43352,,160.833,,2.2
432,1.43696,,161,,2.2
433,1.44032,,161,,2.23333
434,1.44368,,161,,2.26667
435,1.44704,,161,,2.3
436,1.45041,,161,,2.33333
437,1.45377,,161,,2.36667
438,1.45713,,161,,2.4
439,1.46053,,161,,2.36667
440,1.46392,,161,,2.33333
441,1.46732,,161,,2.3
442,1.47072,,161,,2.26667
443,1.47411,,161,,2.23333
444,1.47751,,161,,2.2
445,1.48083,,161.286,,2.22857
446,1.48415,,161.571,,2.25714
447,1.48747,,161.857,,2.28571
448,1.49078,,162.143,,2.31429
449,1.4941,,162.429,,2.34286
450,1.49742,,162.714,,2.37143
451,1.50074,,163,,2.4
452,1.50435,,163.333,,2.4
453,1.50796,,163.667,,2.4
454,1.51158,,164,,2.4
455,1.51519,,164.333,,2.4
456,1.5188,,164.667,,2.4
457,1.52241,,165,,2.4
458,1.5259,,165,,2.4
459,1.5294,,165,,2.4
460,1.53289,,165,,2.4
461,1.53638,,165,,2.4
462,1.53988,,165,,2.4
463,1.54337,,165,,2.4
464,1.54692,,165,,2.43333
465,1.55048,,165,,2.46667
466,1.55403,,165,,2.5
467,1.55758,,165,,2.53333
468,1.56114,,165,,2.56667
469,1.56469,,165,,2.6
470,1.56878,,164.8,,2.56
471,1.57287,,164.6,,2.52
472,1.57696,,164.4,,2.48
473,1.58105,,164.2,,2.44
474,1.58514,,164,,2.4
475,1.58885,,163.4,,2.4
476,1.59257,,162.8,,2.4
477,1.59628,,162.2,,2.4
478,1.6,,161.6,,2.4
479,1.60371,,161,,2.4
480,1.60735,,160.833,,2.4
481,1.61099,,160.667,,2.4
482,1.61463,,160.5,,2.4
483,1.61826,,160.333,,2.4
484,1.6219,,160.167,,2.4
485,1.62554,,160,,2.4
486,1.62915,,160,,2.4
487,1.63277,,160,,2.4
488,1.63638,,160,,2.4
489,1.63999,,160,,2.4
490,1.64361,,160,,2.4
491,1.64722,,160,,2.4
492,1.65075,,160,,2.43333
493,1.65427,,160,,2.46667
494,1.6578,,160,,2.5
495,1.66132,,160,,2.53333
496,1.66485,,160,,2.56667
497,1.66837,,160,,2.6
498,1.67181,,159.833,,2.56667
499,1.67524,,159.667,,2.53333
500,1.67868,,159.5,,2.5
501,1.68211,,159.333,,2.46667
502,1.68555,,159.167,,2.43333
503,1.68898,,159,,2.4
504,1.69238,,159,,2.4
505,1.69577,,159,,2.4
506,1.69917,,159,,2.4
507,1.70257,,159,,2.4
508,1.70596,,159,,2.4
509,1.70936,,159,,2.4
510,1.71275,,158.667,,2.4
511,1.71614,,158.333,,2.4
512,1.71954,,158,,2.4
513,1.72293,,157.667,,2.4
514,1.72632,,157.333,,2.4
515,1.72971,,157,,2.4
516,1.73305,,157.167,,2.4
517,1.7364,,157.333,,2.4
518,1.73974,,157.5,,2.4
519,1.74308,,157.667,,2.4
520,1.74643,,157.833,,2.4
521,1.74977,,158,,2.4
522,1.75305,,158.286,,2.37143
523,1.75633,,158.571,,2.34286
524,1.75961,,158.857,,2.31429
525,1.76288,,159.143,,2.28571
526,1.76616,,159.429,,2.25714
527,1.76944,,159.714,,2.22857
528,1.77272,,160,,2.2
529,1.77582,,160,,2.2
530,1.77891,,160,,2.2
531,1.78201,,160,,2.2
532,1.7851,,160,,2.2
533,1.7882,,160,,2.2
534,1.79129,,160,,2.2
535,1.79439,,160,,2.2
536,1.79776,,160,,2.23333
537,1.80112,,160,,2.26667
538,1.80449,,160,,2.3
539,1.80786,,160,,2.33333
540,1.81122,,160,,2.36667
541,1.81459,,160,,2.4
542,1.81775,,159.667,,2.43333
543,1.8209,,159.333,,2.46667
544,1.82405,,159,,2.5
545,1.82721,,158.667,,2.53333
546,1.83036,,158.333,,2.56667
547,1.83352,,158,,2.6
548,1.83664,,158.143,,2.6
549,1.83976,,158.286,,2.6
550,1.84288,,158.429,,2.6
551,1.84601,,158.571,,2.6
552,1.84913,,158.714,,2.6
553,1.85225,,158.857,,2.6
554,1.85537,,159,,2.6
555,1.85869,,159.143,,2.57143
556,1.86202,,159.286,,2.54286
557,1.86534,,159.429,,2.51429
558,1.86867,,159.571,,2.48571
559,1.87199,,159.714,,2.45714
560,1.87532,,159.857,,2.42857
561,1.87864,,160,,2.4
562,1.88226,,160,,2.43333
563,1.88588,,160,,2.46667
564,1.88951,,160,,2.5
565,1.89313,,160,,2.53333
566,1.89675,,160,,2.56667
567,1.90037,,160,,2.6
568,1.904,,160.167,,2.63333
569,1.90763,,160.333,,2.66667
570,1.91127,,160.5,,2.7
571,1.9149,,160.667,,2.73333
572,1.91853,,160.833,,2.76667
573,1.92216,,161,,2.8
574,1.92584,,160.667,,2.8
575,1.92952,,160.333,,2.8
576,1.9332,,160,,2.8
577,1.93689,,159.667,,2.8
578,1.94057,,159.333,,2.8
579,1.94425,,159,,2.8
580,1.94786,,159,,2.8
581,1.95148,,159,,2.8
582,1.95509,,159,,2.8
583,1.9587,,159,,2.8
584,1.96232,,159,,2.8
585,1.96593,,159,,2.8
586,1.9694,,159.333,,2.8
587,1.97287,,159.667,,2.8
588,1.97634,,160,,2.8
589,1.97981,,160.333,,2.8
590,1.98328,,160.667,,2.8
591,1.98675,,161,,2.8
592,1.99034,,161.167,,2.76667
593,1.99394,,161.333,,2.73333
594,1.99753,,161.5,,2.7
595,2.00113,,161.667,,2.66667
596,2.00472,,161.833,,2.63333
597,2.00832,,162,,2.6
598,2.01171,,162.167,,2.6
599,2.01511,,162.333,,2.6
600,2.0185,,162.5,,2.6
601,2.02189,,162.667,,2.6
602,2.02529,,162.833,,2.6
603,2.02868,,163,,2.6
604,2.03201,,163,,2.6
605,2.03534,,163,,2.6
606,2.03867,,163,,2.6
607,2.04199,,163,,2.6
608,2.04532,,163,,2.6
609,2.04865,,163,,2.6
610,2.05198,,163,,2.6
611,2.05522,,162.714,,2.62857
612,2.05845,,162.429,,2.65714
613,2.06169,,162.143,,2.68571
614,2.06492,,161.857,,2.71429
615,2.06816,,161.571,,2.74286
616,2.07139,,161.286,,2.77143
617,2.07463,,161,,2.8
618,2.07803,,161.167,,2.83333
619,2.08143,,161.333,,2.86667
620,2.08484,,161.5,,2.9
621,2.08824,,161.667,,2.93333
622,2.09164,,161.833,,2.96667
623,2.09504,,162,,3
624,2.09832,,162.143,,3
625,2.1016,,162.286,,3
626,2.10488,,162.429,,3
627,2.10816,,162.571,,3
628,2.11144,,162.714,,3
629,2.11472,,162.857,,3
630,2.118,,163,,3
631,2.12136,,163,,3
632,2.12472,,163,,3
633,2.12808,,163,,3
634,2.13145,,163,,3
635,2.13481,,163,,3
636,2.13817,,163,,3
637,2.14153,,163,,3
638,2.14491,,163,,3
639,2.14828,,163,,3
640,2.15166,,163,,3
641,2.15504,,163,,3
642,2.15841,,163,,3
643,2.16179,,163,,3
644,2.16513,,162.667,,3
645,2.16847,,162.333,,3
646,2.1718,,162,,3
647,2.17514,,161.667,,3
648,2.17848,,161.333,,3
649,2.18182,,161,,3
650,2.18533,,161,,3.03333
651,2.18884,,161,,3.06667
652,2.19236,,161,,3.1
653,2.19587,,161,,3.13333
654,2.19938,,161,,3.16667
655,2.20289,,161,,3.2
656,2.20634,,161.167,,3.2
657,2.20979,,161.333,,3.2
658,2.21324,,161.5,,3.2
659,2.21669,,161.667,,3.2
660,2.22014,,161.833,,3.2
661,2.22359,,162,,3.2
662,2.22698,,162.167,,3.16667
663,2.23036,,162.333,,3.13333
664,2.23375,,162.5,,3.1
665,2.23714,,162.667,,3.06667
666,2.24052,,162.833,,3.03333
667,2.24391,,163,,3
668,2.24732,,163,,3.03333
669,2.25073,,163,,3.06667
670,2.25414,,163,,3.1
671,2.25754,,163,,3.13333
672,2.26095,,163,,3.16667
673,2.26436,,163,,3.2
674,2.26787,,163.2,,3.24
675,2.27139,,163.4,,3.28
676,2.2749,,163.6,,3.32
677,2.27842,,163.8,,3.36
678,2.28193,,164,,3.4
679,2.28528,,163.833,,3.36667
680,2.28862,,163.667,,3.33333
681,2.29197,,163.5,,3.3
682,2.29532,,163.333,,3.26667
683,2.29866,,163.167,,3.23333
684,2.30201,,163,,3.2
685,2.30529,,162.714,,3.22857
686,2.30858,,162.429,,3.25714
687,2.31186,,162.143,,3.28571
688,2.31514,,161.857,,3.31429
689,2.31842,,161.571,,3.34286
690,2.32171,,161.286,,3.37143
691,2.32499,,161,,3.4
692,2.32833,,161.167,,3.43333
693,2.33168,,161.333,,3.46667
694,2.33502,,161.5,,3.5
695,2.33836,,161.667,,3.53333
696,2.34171,,161.833,,3.56667
697,2.34505,,162,,3.6
698,2.3485,,162.333,,3.63333
699,2.35195,,162.667,,3.66667
700,2.3554,,163,,3.7
701,2.35886,,163.333,,3.73333
702,2.36231,,163.667,,3.76667
703,2.36576,,164,,3.8
704,2.36909,,164.167,,3.76667
705,2.37243,,164.333,,3.73333
706,2.37576,,164.5,,3.7
707,2.3791,,164.667,,3.66667
708,2.38243,,164.833,,3.63333
709,2.38577,,165,,3.6
710,2.38928,,165,,3.63333
711,2.3928,,165,,3.66667
712,2.39632,,165,,3.7
713,2.39983,,165,,3.73333
714,2.40335,,165,,3.76667
715,2.40686,,165,,3.8
716,2.41033,,164.5,,3.83333
717,2.4138,,164,,3.86667
718,2.41727,,163.5,,3.9
719,2.42075,,163,,3.93333
720,2.42422,,162.5,,3.96667
721,2.42769,,162,,4
722,2.43104,,162,,4
723,2.43439,,162,,4
724,2.43774,,162,,4
725,2.44109,,162,,4
726,2.44444,,162,,4
727,2.44779,,162,,4
728,2.45106,,161.857,,4
729,2.45433,,161.714,,4
730,2.4576,,161.571,,4
731,2.46088,,161.429,,4
732,2.46415,,161.286,,4
733,2.46742,,161.143,,4
734,2.47069,,161,,4
735,2.47395,,161,,4.05714
736,2.47721,,161,,4.11429
737,2.48047,,161,,4.17143
738,2.48373,,161,,4.22857
739,2.48699,,161,,4.28571
740,2.49025,,161,,4.34286
741,2.49351,,161,,4.4
742,2.49675,,161,,4.4
743,2.49999,,161,,4.4
744,2.50325,,161.286,,4.4
745,2.50652,,161.571,,4.4
746,2.50978,,161.857,,4.4
747,2.51305,,162.143,,4.4
748,2.51631,,162.429,,4.4
749,2.51958,,162.714,,4.4
750,2.52284,,163,,4.4
751,2.52618,,163.333,,4.4
752,2.52951,,163.667,,4.4
753,2.53285,,164,,4.4
754,2.53619,,164.333,,4.4
755,2.53952,,164.667,,4.4
756,2.54286,,165,,4.4
757,2.54628,,164.833,,4.4
758,2.54969,,164.667,,4.4
759,2.55311,,164.5,,4.4
760,2.55652,,164.333,,4.4
761,2.55994,,164.167,,4.4
762,2.56335,,164,,4.4
763,2.56683,,164,,4.33333
764,2.57031,,164,,4.26667
765,2.57379,,164,,4.2
766,2.57728,,164,,4.13333
767,2.58076,,164,,4.06667
768,2.58424,,164,,4
769,2.58762,,163.833,,4.03333
770,2.591,,163.667,,4.06667
771,2.59438,,163.5,,4.1
772,2.59776,,163.333,,4.13333
773,2.60114,,163.167,,4.16667
774,2.60452,,163,,4.2
775,2.60776,,162.857,,4.25714
776,2.611,,162.714,,4.31429
777,2.61424,,162.571,,4.37143
778,2.61747,,162.429,,4.42857
779,2.62071,,162.286,,4.48571
780,2.62395,,162.143,,4.54286
781,2.62719,,162,,4.6
782,2.63055,,162,,4.56667
783,2.6339,,162,,4.53333
784,2.63726,,162,,4.5
785,2.64062,,162,,4.46667
786,2.64397,,162,,4.43333
787,2.64733,,162,,4.4
788,2.65072,,162,,4.43333
789,2.65412,,162,,4.46667
790,2.65751,,162,,4.5
791,2.6609,,162,,4.53333
792,2.6643,,162,,4.56667
793,2.66769,,162,,4.6
794,2.67105,,162,,4.56667
795,2.67441,,162,,4.53333
796,2.67777,,162,,4.5
797,2.68114,,162,,4.46667
798,2.6845,,162,,4.43333
799,2.68786,,162,,4.4
800,2.69129,,162.333,,4.4
801,2.69471,,162.667,,4.4
802,2.69814,,163,,4.4
803,2.70157,,163.333,,4.4
804,2.70499,,163.667,,4.4
805,2.70842,,164,,4.4
806,2.71188,,164.167,,4.4
807,2.71533,,164.333,,4.4
808,2.71879,,164.5,,4.4
809,2.72225,,164.667,,4.4
810,2.7257,,164.833,,4.4
811,2.72916,,165,,4.4
812,2.7325,,165,,4.43333
813,2.73584,,165,,4.46667
814,2.73918,,165,,4.5
815,2.74253,,165,,4.53333
816,2.74587,,165,,4.56667
817,2.74921,,165,,4.6
818,2.75274,,165.167,,4.6
819,2.75628,,165.333,,4.6
820,2.75981,,165.5,,4.6
821,2.76334,,165.667,,4.6
822,2.76688,,165.833,,4.6
823,2.77041,,166,,4.6
824,2.7738,,166.333,,4.56667
825,2.77718,,166.667,,4.53333
826,2.78057,,167,,4.5
827,2.78396,,167.333,,4.46667
828,2.78734,,167.667,,4.43333
829,2.79073,,168,,4.4
830,2.79409,,167.5,,4.36667
831,2.79745,,167,,4.33333
832,2.8008,,166.5,,4.3
833,2.80416,,166,,4.26667
834,2.80752,,165.5,,4.23333
835,2.81088,,165,,4.2
836,2.81425,,164.5,,4.16667
837,2.81761,,164,,4.13333
838,2.82098,,163.5,,4.1
839,2.82435,,163,,4.06667
840,2.82771,,162.5,,4.03333
841,2.83108,,162,,4
842,2.83456,,162,,3.96667
843,2.83804,,162,,3.93333
844,2.84151,,162,,3.9
845,2.84499,,162,,3.86667
846,2.84847,,162,,3.83333
847,2.85195,,162,,3.8
848,2.85511,,162,,3.8
849,2.85827,,162,,3.8
850,2.86143,,162,,3.8
851,2.86458,,162,,3.8
852,2.86774,,162,,3.8
853,2.8709,,162,,3.8
854,2.87406,,162,,3.8
855,2.87716,,161.4,,3.84
856,2.88027,,160.8,,3.88
857,2.88337,,160.2,,3.92
858,2.88648,,159.6,,3.96
859,2.88958,,159,,4
860,2.8928,,159.143,,4
861,2.89601,,159.286,,4
862,2.89923,,159.429,,4
863,2.90244,,159.571,,4
864,2.90566,,159.714,,4
865,2.90887,,159.857,,4
866,2.91209,,160,,4
867,2.91578,,160,,4
868,2.91946,,160,,4
869,2.92315,,160,,4
870,2.92684,,160,,4
871,2.93052,,160,,4
872,2.93421,,160,,4
873,2.93793,,160.167,,3.96667
874,2.94164,,160.333,,3.93333
875,2.94536,,160.5,,3.9
876,2.94908,,160.667,,3.86667
877,2.95279,,160.833,,3.83333
878,2.95651,,161,,3.8
879,2.96031,,161.167,,3.86667
880,2.96412,,161.333,,3.93333
881,2.96792,,161.5,,4
882,2.97172,,161.667,,4.06667
883,2.97553,,161.833,,4.13333
884,2.97933,,162,,4.2
885,2.98279,,162.167,,4.2
886,2.98625,,162.333,,4.2
887,2.98972,,162.5,,4.2
888,2.99318,,162.667,,4.2
889,2.99664,,162.833,,4.2
890,3.0001,,163,,4.2
891,3.00351,,163,,4.23333
892,3.00692,,163,,4.26667
893,3.01033,,163,,4.3
894,3.01374,,163,,4.33333
895,3.01715,,163,,4.36667
896,3.02056,,163,,4.4
897,3.02385,,163.6,,4.4
898,3.02714,,164.2,,4.4
899,3.03042,,164.8,,4.4
900,3.03371,,165.4,,4.4
901,3.037,,166,,4.4
902,3.04035,,166.333,,4.43333
903,3.0437,,166.667,,4.46667
904,3.04705,,167,,4.5
905,3.0504,,167.333,,4.53333
906,3.05375,,167.667,,4.56667
907,3.0571,,168,,4.6
908,3.06039,,167.857,,4.62857
909,3.06368,,167.714,,4.65714
910,3.06697,,167.571,,4.68571
911,3.07026,,167.429,,4.71429
912,3.07355,,167.286,,4.74286
913,3.07684,,167.143,,4.77143
914,3.08013,,167,,4.8
915,3.08336,,166.857,,4.77143
916,3.08659,,166.714,,4.74286
917,3.08982,,166.571,,4.71429
918,3.09305,,166.429,,4.68571
919,3.09628,,166.286,,4.65714
920,3.09951,,166.143,,4.62857
921,3.10274,,166,,4.6
922,3.10596,,166,,4.62857
923,3.10918,,166,,4.65714
924,3.1124,,166,,4.68571
925,3.11561,,166,,4.71429
926,3.11883,,166,,4.74286
927,3.12205,,166,,4.77143
928,3.12527,,166,,4.8
929,3.12856,,166,,4.82857
930,3.13186,,166,,4.85714
931,3.13515,,166,,4.88571
932,3.13844,,166,,4.91429
933,3.14173,,166,,4.94286
934,3.14503,,166,,4.97143
935,3.14832,,166,,5
936,3.15163,,166,,5.02857
937,3.15495,,166,,5.05714
938,3.15826,,166,,5.08571
939,3.16158,,166,,5.11429
940,3.16489,,166,,5.14286
941,3.16821,,166,,5.17143
942,3.17152,,166,,5.2
943,3.17502,,165.667,,5.2
944,3.17852,,165.333,,5.2
945,3.18201,,165,,5.2
946,3.18551,,164.667,,5.2
947,3.18901,,164.333,,5.2
948,3.19251,,164,,5.2
949,3.19602,,164,,5.28
950,3.19953,,164,,5.36
951,3.20305,,164,,5.44
952,3.20656,,164,,5.52
953,3.21007,,164,,5.6
954,3.21343,,164,,5.53333
955,3.21678,,164,,5.46667
956,3.22014,,164,,5.4
957,3.2235,,164,,5.33333
958,3.22685,,164,,5.26667
959,3.23021,,164,,5.2
960,3.23373,,163.833,,5.16667
961,3.23724,,163.667,,5.13333
962,3.24076,,163.5,,5.1
963,3.24428,,163.333,,5.06667
964,3.24779,,163.167,,5.03333
965,3.25131,,163,,5
966,3.25476,,162.667,,5.03333
967,3.25821,,162.333,,5.06667
968,3.26166,,162,,5.1
969,3.26512,,161.667,,5.13333
970,3.26857,,161.333,,5.16667
971,3.27202,,161,,5.2
972,3.27556,,161,,5.2
973,3.2791,,161,,5.2
974,3.28264,,161,,5.2
975,3.28618,,161,,5.2
976,3.28972,,161,,5.2
977,3.29326,,161,,5.2
978,3.29682,,161.5,,5.23333
979,3.30039,,162,,5.26667
980,3.30396,,162.5,,5.3
981,3.30752,,163,,5.33333
982,3.31109,,163.5,,5.36667
983,3.31465,,164,,5.4
984,3.31812,,164,,5.4
985,3.32158,,164,,5.4
986,3.32504,,164,,5.4
987,3.32851,,164,,5.4
988,3.33197,,164,,5.4
989,3.33544,,164,,5.4
990,3.33882,,164.333,,5.4
991,3.34221,,164.667,,5.4
992,3.34559,,165,,5.4
993,3.34897,,165.333,,5.4
994,3.35236,,165.667,,5.4
995,3.35574,,166,,5.4
996,3.35914,,165.833,,5.4
997,3.36254,,165.667,,5.4
998,3.36594,,165.5,,5.4
999,3.36934,,165.333,,5.4
1000,3.37274,,165.167,,5.4
1001,3.37614,,165,,5.4
1002,3.37955,,165,,5.4
1003,3.38296,,165,,5.4
1004,3.38637,,165,,5.4
1005,3.38977,,165,,5.4
1006,3.39318,,165,,5.4
1007,3.39659,,165,,5.4
1008,3.40001,,164.667,,5.4
1009,3.40342,,164.333,,5.4
1010,3.40684,,164,,5.4
1011,3.41026,,163.667,,5.4
1012,3.41367,,163.333,,5.4
1013,3.41709,,163,,5.4
1014,3.42026,,162.714,,5.37143
1015,3.42342,,162.429,,5.34286
1016,3.42659,,162.143,,5.31429
1017,3.42976,,161.857,,5.28571
1018,3.43293,,161.571,,5.25714
1019,3.43609,,161.286,,5.22857
1020,3.43926,,161,,5.2
1021,3.44254,,161.143,,5.2
1022,3.44583,,161.286,,5.2
1023,3.44911,,161.429,,5.2
1024,3.4524,,161.571,,5.2
1025,3.45568,,161.714,,5.2
1026,3.45897,,161.857,,5.2
1027,3.46225,,162,,5.2
1028,3.46575,,162.167,,5.2
1029,3.46925,,162.333,,5.2
1030,3.47275,,162.5,,5.2
1031,3.47626,,162.667,,5.2
1032,3.47976,,162.833,,5.2
1033,3.48326,,163,,5.2
1034,3.48669,,163.6,,5.2
1035,3.49011,,164.2,,5.2
1036,3.49354,,164.8,,5.2
1037,3.49696,,165.4,,5.2
1038,3.50039,,166,,5.2
1039,3.50388,,166.167,,5.16667
1040,3.50736,,166.333,,5.13333
1041,3.51085,,166.5,,5.1
1042,3.51433,,166.667,,5.06667
1043,3.51782,,166.833,,5.03333
1044,3.5213,,167,,5
1045,3.5246,,166.714,,5.05714
1046,3.5279,,166.429,,5.11429
1047,3.5312,,166.143,,5.17143
1048,3.53449,,165.857,,5.22857
1049,3.53779,,165.571,,5.28571
1050,3.54109,,165.286,,5.34286
1051,3.54439,,165,,5.4
1052,3.54771,,165,,5.42857
1053,3.55103,,165,,5.45714
1054,3.55435,,165,,5.48571
1055,3.55766,,165,,5.51429
1056,3.56098,,165,,5.54286
1057,3.5643,,165,,5.57143
1058,3.56762,,165,,5.6
1059,3.57099,,164.833,,5.56667
1060,3.57435,,164.667,,5.53333
1061,3.57772,,164.5,,5.5
1062,3.58109,,164.333,,5.46667
1063,3.58445,,164.167,,5.43333
1064,3.58782,,164,,5.4
1065,3.59115,,164.143,,5.4
1066,3.59448,,164.286,,5.4
1067,3.59781,,164.429,,5.4
1068,3.60115,,164.571,,5.4
1069,3.60448,,164.714,,5.4
1070,3.60781,,164.857,,5.4
1071,3.61114,,165,,5.4
1072,3.61448,,164.667,,5.43333
1073,3.61781,,164.333,,5.46667
1074,3.62115,,164,,5.5
1075,3.62449,,163.667,,5.53333
1076,3.62782,,163.333,,5.56667
1077,3.63116,,163,,5.6
1078,3.63451,,162.4,,5.6
1079,3.63786,,161.8,,5.6
1080,3.64122,,161.2,,5.6
1081,3.64457,,160.6,,5.6
1082,3.64792,,160,,5.6
1083,3.65128,,160,,5.6
1084,3.65465,,160,,5.6
1085,3.65801,,160,,5.6
1086,3.66137,,160,,5.6
1087,3.66474,,160,,5.6
1088,3.6681,,160,,5.6
1089,3.67151,,160.167,,5.6
1090,3.67493,,160.333,,5.6
1091,3.67834,,160.5,,5.6
1092,3.68175,,160.667,,5.6
1093,3.68517,,160.833,,5.6
1094,3.68858,,161,,5.6
1095,3.69186,,161.143,,5.62857
1096,3.69515,,161.286,,5.65714
1097,3.69843,,161.429,,5.68571
1098,3.70171,,161.571,,5.71429
1099,3.70499,,161.714,,5.74286
1100,3.70828,,161.857,,5.77143
1101,3.71156,,162,,5.8
1102,3.71486,,162.5,,5.8
1103,3.71817,,163,,5.8
1104,3.72147,,163.5,,5.8
1105,3.72477,,164,,5.8
1106,3.72808,,164.5,,5.8
1107,3.73138,,165,,5.8
1108,3.73469,,165.286,,5.8
1109,3.73801,,165.571,,5.8
1110,3.74132,,165.857,,5.8
1111,3.74464,,166.143,,5.8
1112,3.74795,,166.429,,5.8
1113,3.75127,,166.714,,5.8
1114,3.75458,,167,,5.8
1115,3.75793,,167,,5.8
1116,3.76129,,167,,5.8
1117,3.76464,,167,,5.8
1118,3.76799,,167,,5.8
1119,3.77134,,167,,5.8
1120,3.7747,,167,,5.8
1121,3.77805,,167,,5.8
1122,3.78134,,166.714,,5.82857
1123,3.78462,,166.429,,5.85714
1124,3.78791,,166.143,,5.88571
1125,3.79119,,165.857,,5.91429
1126,3.79448,,165.571,,5.94286
1127,3.79776,,165.286,,5.97143
1128,3.80105,,165,,6
1129,3.8043,,164.857,,6
1130,3.80755,,164.714,,6
1131,3.8108,,164.571,,6
1132,3.81406,,164.429,,6
1133,3.81731,,164.286,,6
1134,3.82056,,164.143,,6
1135,3.82381,,164,,6
1136,3.82708,,164.286,,6.02857
1137,3.83034,,164.571,,6.05714
1138,3.83361,,164.857,,6.08571
1139,3.83687,,165.143,,6.11429
1140,3.84014,,165.429,,6.14286
1141,3.8434,,165.714,,6.17143
1142,3.84667,,166,,6.2
1143,3.85001,,166.5,,6.16667
1144,3.85335,,167,,6.13333
1145,3.8567,,167.5,,6.1
1146,3.86004,,168,,6.06667
1147,3.86338,,168.5,,6.03333
1148,3.86672,,169,,6
1149,3.87014,,169,,6.03333
1150,3.87357,,169,,6.06667
1151,3.87699,,169,,6.1
1152,3.88042,,169,,6.13333
1153,3.88384,,169,,6.16667
1154,3.88727,,169,,6.2
1155,3.89093,,169.167,,6.2
1156,3.89459,,169.333,,6.2
1157,3.89824,,169.5,,6.2
1158,3.9019,,169.667,,6.2
1159,3.90556,,169.833,,6.2
1160,3.90922,,170,,6.2
1161,3.91271,,170.167,,6.2
1162,3.91621,,170.333,,6.2
1163,3.9197,,170.5,,6.2
1164,3.92319,,170.667,,6.2
1165,3.92669,,170.833,,6.2
1166,3.93018,,171,,6.2
1167,3.93371,,171,,6.23333
1168,3.93725,,171,,6.26667
1169,3.94078,,171,,6.3
1170,3.94431,,171,,6.33333
1171,3.94785,,171,,6.36667
1172,3.95138,,171,,6.4
1173,3.95483,,170.667,,6.4
1174,3.95828,,170.333,,6.4
1175,3.96174,,170,,6.4
1176,3.96519,,169.667,,6.4
1177,3.96864,,169.333,,6.4
1178,3.97209,,169,,6.4
1179,3.97549,,168.833,,6.43333
1180,3.97889,,168.667,,6.46667
1181,3.98228,,168.5,,6.5
1182,3.98568,,168.333,,6.53333
1183,3.98908,,168.167,,6.56667
1184,3.99248,,168,,6.6
1185,3.99582,,168,,6.6
1186,3.99916,,168,,6.56667
1187,4.0025,,168,,6.53333
1188,4.00584,,168,,6.5
1189,4.00917,,168,,6.46667
1190,4.01251,,168,,6.43333
1191,4.01585,,168,,6.4
1192,4.0192,,168.333,,6.43333
1193,4.02255,,168.667,,6.46667
1194,4.02589,,169,,6.5
1195,4.02924,,169.333,,6.53333
1196,4.03259,,169.667,,6.56667
1197,4.03594,,170,,6.6
1198,4.0393,,170.167,,6.6
1199,4.04265,,170.333,,6.6
1200,4.04601,,170.5,,6.6
1201,4.04937,,170.667,,6.6
1202,4.05272,,170.833,,6.6
1203,4.05608,,171,,6.6
1204,4.05939,,171.286,,6.6
1205,4.06271,,171.571,,6.6
1206,4.06602,,171.857,,6.6
1207,4.06933,,172.143,,6.6
1208,4.07264,,172.429,,6.6
1209,4.07596,,172.714,,6.6
1210,4.07927,,173,,6.6
1211,4.08264,,173,,6.6
1212,4.08602,,173,,6.6
1213,4.08939,,173,,6.6
1214,4.09276,,173,,6.6
1215,4.09614,,173,,6.6
1216,4.09951,,173,,6.6
1217,4.10288,,172.4,,6.64
1218,4.10625,,171.8,,6.68
1219,4.10963,,171.2,,6.72
1220,4.113,,170.6,,6.76
1221,4.11637,,170,,6.8
1222,4.11987,,169.5,,6.8
1223,4.12337,,169,,6.8
1224,4.12687,,168.5,,6.8
1225,4.13037,,168,,6.8
1226,4.13387,,167.5,,6.8
1227,4.13737,,167,,6.8
1228,4.14074,,167.167,,6.76667
1229,4.1441,,167.333,,6.73333
1230,4.14747,,167.5,,6.7
1231,4.15083,,167.667,,6.66667
1232,4.1542,,167.833,,6.63333
1233,4.15756,,168,,6.6
1234,4.16097,,168.333,,6.6
1235,4.16438,,168.667,,6.6
1236,4.1678,,169,,6.6
1237,4.17121,,169.333,,6.6
1238,4.17462,,169.667,,6.6
1239,4.17803,,170,,6.6
1240,4.18151,,169.667,,6.6
1241,4.185,,169.333,,6.6
1242,4.18848,,169,,6.6
1243,4.19196,,168.667,,6.6
1244,4.19545,,168.333,,6.6
1245,4.19893,,168,,6.6
1246,4.20239,,167.833,,6.6
1247,4.20585,,167.667,,6.6
1248,4.20931,,167.5,,6.6
1249,4.21277,,167.333,,6.6
1250,4.21623,,167.167,,6.6
1251,4.21969,,167,,6.6
1252,4.22314,,166.833,,6.6
1253,4.2266,,166.667,,6.6
1254,4.23005,,166.5,,6.6
1255,4.23351,,166.333,,6.6
1256,4.23696,,166.167,,6.6
1257,4.24042,,166,,6.6
1258,4.244,,166.6,,6.6
1259,4.24758,,167.2,,6.6
1260,4.25116,,167.8,,6.6
1261,4.25474,,168.4,,6.6
1262,4.25832,,169,,6.6
1263,4.26185,,169.5,,6.6
1264,4.26538,,170,,6.6
1265,4.2689,,170.5,,6.6
1266,4.27243,,171,,6.6
1267,4.27596,,171.5,,6.6
1268,4.27949,,172,,6.6
1269,4.28283,,172.333,,6.6
1270,4.28617,,172.667,,6.6
1271,4.28951,,173,,6.6
1272,4.29285,,173.333,,6.6
1273,4.29619,,173.667,,6.6
1274,4.29953,,174,,6.6
1275,4.30296,,173.4,,6.6
1276,4.30638,,172.8,,6.6
1277,4.30981,,172.2,,6.6
1278,4.31323,,171.6,,6.6
1279,4.31666,,171,,6.6
1280,4.32006,,170.5,,6.6
1281,4.32346,,170,,6.6
1282,4.32686,,169.5,,6.6
1283,4.33026,,169,,6.6
1284,4.33366,,168.5,,6.6
1285,4.33706,,168,,6.6
1286,4.3405,,167.667,,6.6
1287,4.34393,,167.333,,6.6
1288,4.34737,,167,,6.6
1289,4.35081,,166.667,,6.6
1290,4.35424,,166.333,,6.6
1291,4.35768,,166,,6.6
1292,4.36104,,166.167,,6.6
1293,4.3644,,166.333,,6.6
1294,4.36777,,166.5,,6.6
1295,4.37113,,166.667,,6.6
1296,4.37449,,166.833,,6.6
1297,4.37785,,167,,6.6
1298,4.3812,,166.833,,6.6
1299,4.38455,,166.667,,6.6
1300,4.3879,,166.5,,6.6
1301,4.39125,,166.333,,6.6
1302,4.3946,,166.167,,6.6
1303,4.39795,,166,,6.6
1304,4.40132,,166.333,,6.6
1305,4.4047,,166.667,,6.6
1306,4.40807,,167,,6.6
1307,4.41144,,167.333,,6.6
1308,4.41482,,167.667,,6.6
1309,4.41819,,168,,6.6
1310,4.42159,,168.6,,6.64
1311,4.42499,,169.2,,6.68
1312,4.42839,,169.8,,6.72
1313,4.43179,,170.4,,6.76
1314,4.43519,,171,,6.8
1315,4.43855,,171.6,,6.76
1316,4.44192,,172.2,,6.72
1317,4.44528,,172.8,,6.68
1318,4.44865,,173.4,,6.64
1319,4.45201,,174,,6.6
1320,4.45525,,174.143,,6.57143
1321,4.45849,,174.286,,6.54286
1322,4.46173,,174.429,,6.51429
1323,4.46497,,174.571,,6.48571
1324,4.46821,,174.714,,6.45714
1325,4.47145,,174.857,,6.42857
1326,4.47469,,175,,6.4
1327,4.47801,,174.4,,6.48
1328,4.48133,,173.8,,6.56
1329,4.48464,,173.2,,6.64
1330,4.48796,,172.6,,6.72
1331,4.49128,,172,,6.8
1332,4.49474,,172,,6.8
1333,4.49819,,172,,6.8
1334,4.50165,,172,,6.8
1335,4.50511,,172,,6.8
1336,4.50856,,172,,6.8
1337,4.51202,,172,,6.8
1338,4.51543,,171,,6.8
1339,4.51885,,170,,6.8
1340,4.52226,,169,,6.8
1341,4.52555,,168,,6.8
1342,4.52883,,167,,6.8
1343,4.53212,,166,,6.8
1344,4.53547,,165.833,,6.8
1345,4.53883,,165.667,,6.8
1346,4.54218,,165.5,,6.8
1347,4.54553,,165.333,,6.8
1348,4.54889,,165.167,,6.8
1349,4.55224,,165,,6.8
1350,4.55567,,165.333,,6.8
1351,4.5591,,165.667,,6.8
1352,4.56254,,166,,6.8
1353,4.56597,,166.333,,6.8
1354,4.5694,,166.667,,6.8
1355,4.57283,,167,,6.8
1356,4.57616,,167.286,,6.8
1357,4.57949,,167.571,,6.8
1358,4.58282,,167.857,,6.8
1359,4.58614,,168.143,,6.8
1360,4.58947,,168.429,,6.8
1361,4.5928,,168.714,,6.8
1362,4.59613,,169,,6.8
1363,4.59934,,169.286,,6.77143
1364,4.60254,,169.571,,6.74286
1365,4.60575,,169.857,,6.71429
1366,4.60895,,170.143,,6.68571
1367,4.61216,,170.429,,6.65714
1368,4.61536,,170.714,,6.62857
1369,4.61857,,171,,6.6
1370,4.62183,,171.143,,6.6
1371,4.62509,,171.286,,6.6
1372,4.62835,,171.429,,6.6
1373,4.6316,,171.571,,6.6
1374,4.63486,,171.714,,6.6
1375,4.63812,,171.857,,6.6
1376,4.64138,,172,,6.6
1377,4.64477,,172,,6.6
1378,4.64816,,172,,6.6
1379,4.65155,,172,,6.6
1380,4.65494,,172,,6.6
1381,4.65833,,172,,6.6
1382,4.66172,,172,,6.6
1383,4.66493,,171.25,,6.5
1384,4.66814,,170.5,,6.4
1385,4.67136,,169.75,,6.3
1386,4.67457,,169,,6.2
1387,4.67795,,169,,6.23333
1388,4.68133,,169,,6.26667
1389,4.6847,,169,,6.3
1390,4.68808,,169,,6.33333
1391,4.69146,,169,,6.36667
1392,4.69484,,169,,6.4
1393,4.69839,,169,,6.4
1394,4.70195,,169,,6.4
1395,4.7055,,169,,6.4
1396,4.70905,,169,,6.4
1397,4.71261,,169,,6.4
1398,4.71616,,169,,6.4
1399,4.71961,,168.833,,6.43333
1400,4.72305,,168.667,,6.46667
1401,4.7265,,168.5,,6.5
1402,4.72994,,168.333,,6.53333
1403,4.73339,,168.167,,6.56667
1404,4.73683,,168,,6.6
1405,4.73997,,168.286,,6.74286
1406,4.7431,,168.571,,6.88571
1407,4.74624,,168.857,,7.02857
1408,4.74938,,169.143,,7.17143
1409,4.75252,,169.429,,7.31429
1410,4.75565,,169.714,,7.45714
1411,4.75879,,170,,7.6
1412,4.76174,,170.5,,7.95
1413,4.7647,,171,,8.3
1414,4.76765,,171.5,,8.65
1415,4.77061,,172,,9
1416,4.77355,,172.5,,9.3
1417,4.77649,,173,,9.6
1418,4.77944,,173.5,,9.9
1419,4.78238,,174,,10.2
1420,4.78541,,174.25,,10.55
1421,4.78844,,174.5,,10.9
1422,4.79147,,174.75,,11.25
1423,4.7945,,175,,11.6
1424,4.79741,,175.25,,11.9
1425,4.80031,,175.5,,12.2
1426,4.80322,,175.75,,12.5
1427,4.80613,,176,,12.8
1428,4.80902,,176.25,,13.1
1429,4.81192,,176.5,,13.4
1430,4.81481,,176.75,,13.7
1431,4.81771,,177,,14
1432,4.82097,,177.333,,14
1433,4.82422,,177.667,,14
1434,4.82748,,178,,14
1435,4.83076,,178.143,,13.9429
1436,4.83404,,178.286,,13.8857
1437,4.83732,,178.429,,13.8286
1438,4.84061,,178.571,,13.7714
1439,4.84389,,178.714,,13.7143
1440,4.84717,,178.857,,13.6571
1441,4.85045,,179,,13.6
1442,4.85377,,179,,13.3333
1443,4.85708,,179,,13.0667
1444,4.8604,,179,,12.8
1445,4.86362,,179,,12.4
1446,4.86684,,179,,12
1447,4.87006,,179,,11.6
1448,4.87321,,178.667,,11.1333
1449,4.87635,,178.333,,10.6667
1450,4.8795,,178,,10.2
1451,4.88292,,177.333,,9.86667
1452,4.88633,,176.667,,9.53333
1453,4.88975,,176,,9.2
1454,4.89313,,175.667,,8.86667
1455,4.89652,,175.333,,8.53333
1456,4.8999,,175,,8.2
1457,4.90327,,174.4,,8
1458,4.90663,,173.8,,7.8
1459,4.91,,173.2,,7.6
1460,4.91336,,172.6,,7.4
1461,4.91673,,172,,7.2
1462,4.92015,,171,,7
1463,4.9235,,170.5,,7
1464,4.92685,,170,,7
1465,4.9302,,169.5,,7
1466,4.93355,,169,,7
1467,4.9369,,168.5,,7
1468,4.94025,,168,,7
1469,4.94253,,167,,6.9
1470,4.94482,,166,,6.8
1471,4.94758,,165.75,,6.775
1472,4.95034,,165.5,,6.75
1473,4.9531,,165.25,,6.725
1474,4.95585,,165,,6.7
1475,4.95861,,164.75,,6.675
1476,4.96137,,164.5,,6.65
1477,4.96413,,164.25,,6.625
1478,4.96689,,164,,6.6
1479,4.97023,,163.833,,6.8
1480,4.97357,,163.667,,7
1481,4.97691,,163.5,,7.2
1482,4.98025,,163.333,,7.4
1483,4.98359,,163.167,,7.6
1484,4.98693,,163,,7.8
1485,4.99015,,162.5,,8.1
1486,4.99338,,162,,8.4
1487,4.99648,,162.5,,8.7
1488,4.99957,,163,,9
1489,5.00267,,163.5,,9.3
1490,5.00577,,164,,9.6
1491,5.00881,,164.667,,9.93333
1492,5.01186,,165.333,,10.2667
1493,5.0149,,166,,10.6
1494,5.01786,,166.333,,11
1495,5.02082,,166.667,,11.4
1496,5.02378,,167,,11.8
1497,5.02671,,167.5,,12.1
1498,5.02965,,168,,12.4
1499,5.03258,,168.5,,12.7
1500,5.03551,,169,,13
1501,5.03877,,169.5,,13.3
1502,5.04203,,170,,13.6
1503,5.04528,,170.5,,13.9
1504,5.04854,,171,,14.2
1505,5.05162,,172,,14.2667
1506,5.05471,,173,,14.3333
1507,5.05779,,174,,14.4
1508,5.06092,,175,,14.4
1509,5.06404,,174.857,,14.3143
1510,5.06715,,174.714,,14.2286
1511,5.07027,,174.571,,14.1429
1512,5.07338,,174.429,,14.0571
1513,5.0765,,174.286,,13.9714
1514,5.07961,,174.143,,13.8857
1515,5.08273,,174,,13.8
1516,5.08573,,174.5,,13.5
1517,5.08873,,175,,13.2
1518,5.09201,,174.667,,12.8
1519,5.0953,,174.333,,12.4
1520,5.09858,,174,,12
1521,5.10181,,174,,11.6667
1522,5.10505,,174,,11.3333
1523,5.10828,,174,,11
1524,5.11142,,174,,10.6
1525,5.11455,,174,,10.2
1526,5.11769,,174,,9.8
1527,5.12093,,173.667,,9.46667
1528,5.12417,,173.333,,9.13333
1529,5.12741,,173,,8.8
1530,5.13085,,172.667,,8.46667
1531,5.1343,,172.333,,8.13333
1532,5.13774,,172,,7.8
1533,5.14106,,171,,7.53333
1534,5.14438,,170,,7.26667
1535,5.1477,,169,,7
1536,5.15078,,168,,6.8
1537,5.15386,,167,,6.6
1538,5.15694,,166,,6.4
1539,5.15974,,165,,6.4
1540,5.16255,,164,,6.4
1541,5.16535,,163,,6.4
1542,5.16666,,163,,6.4
1543,5.16911,,162.25,,6.45
1544,5.17157,,161.5,,6.5
1545,5.17402,,160.75,,6.55
1546,5.17647,,160,,6.6
1547,5.17967,,159.857,,6.71429
1548,5.18287,,159.714,,6.82857
1549,5.18607,,159.571,,6.94286
1550,5.18927,,159.429,,7.05714
1551,5.19247,,159.286,,7.17143
1552,5.19567,,159.143,,7.28571
1553,5.19887,,159,,7.4
1554,5.20184,,160,,7.6
1555,5.2048,,160.5,,7.9
1556,5.20776,,161,,8.2
1557,5.21073,,161.5,,8.5
1558,5.21369,,162,,8.8
1559,5.21674,,162.25,,9.15
1560,5.21979,,162.5,,9.5
1561,5.22285,,162.75,,9.85
1562,5.2259,,163,,10.2
1563,5.22889,,163.667,,10.5333
1564,5.23187,,164.333,,10.8667
1565,5.23486,,165,,11.2
1566,5.23774,,166,,11.4667
1567,5.24063,,167,,11.7333
1568,5.24351,,168,,12
1569,5.24631,,169,,12.6
1570,5.24942,,170,,12.8667
1571,5.25253,,171,,13.1333
1572,5.25564,,172,,13.4
1573,5.2589,,173,,13.6
1574,5.26213,,173.333,,13.6667
1575,5.26537,,173.667,,13.7333
1576,5.2686,,174,,13.8
1577,5.27182,,174.143,,13.7714
1578,5.27505,,174.286,,13.7429
1579,5.27827,,174.429,,13.7143
1580,5.28149,,174.571,,13.6857
1581,5.28471,,174.714,,13.6571
1582,5.28794,,174.857,,13.6286
1583,5.29116,,175,,13.6
1584,5.2943,,175,,13.3
1585,5.29743,,175,,13
1586,5.30057,,175,,12.7
1587,5.30371,,175,,12.4
1588,5.3069,,174.667,,12
1589,5.3101,,174.333,,11.6
1590,5.31329,,174,,11.2
1591,5.31653,,174,,10.8667
1592,5.31976,,174,,10.5333
1593,5.323,,174,,10.2
1594,5.32642,,174,,9.8
1595,5.32985,,174,,9.4
1596,5.33327,,174,,9
1597,5.33656,,173.75,,8.7
1598,5.33985,,173.5,,8.4
1599,5.34314,,173.25,,8.1
1600,5.34643,,173,,7.8
1601,5.34952,,172.25,,7.6
1602,5.35261,,171.5,,7.4
1603,5.35569,,170.75,,7.2
1604,5.35878,,170,,7
1605,5.362,,169.4,,6.96
1606,5.36521,,168.8,,6.92
1607,5.36843,,168.2,,6.88
1608,5.37164,,167.6,,6.84
1609,5.37486,,167,,6.8
1610,5.37771,,166,,6.8
1611,5.38055,,165,,6.8
1612,5.3834,,164,,6.8
1613,5.38492,,163,,6.8
1614,5.3875,,162.4,,6.76
1615,5.39008,,161.8,,6.72
1616,5.39265,,161.2,,6.68
1617,5.39523,,160.6,,6.64
1618,5.39781,,160,,6.6
1619,5.40117,,160.333,,6.7
1620,5.40454,,160.667,,6.8
1621,5.4079,,161,,6.9
1622,5.41127,,161.333,,7
1623,5.41463,,161.667,,7.1
1624,5.418,,162,,7.2
1625,5.42144,,162.333,,7.46667
1626,5.42487,,162.667,,7.73333
1627,5.42831,,163,,8
1628,5.43141,,163,,8.3
1629,5.43452,,163,,8.6
1630,5.43762,,163,,8.9
1631,5.44072,,163,,9.2
1632,5.4439,,163.667,,9.6
1633,5.44707,,164.333,,10
1634,5.45025,,165,,10.4
1635,5.45355,,165.333,,10.7333
1636,5.45684,,165.667,,11.0667
1637,5.46014,,166,,11.4
1638,5.46318,,166.75,,11.7
1639,5.46621,,167.5,,12
1640,5.46925,,168.25,,12.3
1641,5.47228,,169,,12.6
1642,5.4753,,169.25,,12.85
1643,5.47832,,169.5,,13.1
1644,5.48134,,169.75,,13.35
1645,5.48436,,170,,13.6
1646,5.48763,,170.2,,13.68
1647,5.49091,,170.4,,13.76
1648,5.49418,,170.6,,13.84
1649,5.49746,,170.8,,13.92
1650,5.50073,,171,,14
1651,5.50384,,171.286,,13.8857
1652,5.50696,,171.571,,13.7714
1653,5.51007,,171.857,,13.6571
1654,5.51319,,172.143,,13.5429
1655,5.5163,,172.429,,13.4286
1656,5.51942,,172.714,,13.3143
1657,5.52253,,173,,13.2
1658,5.52604,,173.5,,12.9
1659,5.52955,,174,,12.6
1660,5.53294,,174.333,,12.1333
1661,5.53634,,174.667,,11.6667
1662,5.53973,,175,,11.2
1663,5.54295,,175,,10.8667
1664,5.54617,,175,,10.5333
1665,5.54939,,175,,10.2
1666,5.5529,,175,,9.8
1667,5.5564,,175,,9.4
1668,5.55991,,175,,9
1669,5.56299,,174.667,,8.6
1670,5.56608,,174.333,,8.2
1671,5.56916,,174,,7.8
1672,5.57265,,173.5,,7.55
1673,5.57614,,173,,7.3
1674,5.57963,,172.5,,7.05
1675,5.58312,,172,,6.8
1676,5.58587,,171.571,,6.68571
1677,5.58863,,171.143,,6.57143
1678,5.59138,,170.714,,6.45714
1679,5.59413,,170.286,,6.34286
1680,5.59688,,169.857,,6.22857
1681,5.59964,,169.429,,6.11429
1682,5.60239,,169,,6
1683,5.60371,,168,,6.2
1684,5.60596,,167.25,,6.2
1685,5.60822,,166.5,,6.2
1686,5.61047,,165.75,,6.2
1687,5.61273,,165,,6.2
1688,5.61602,,165,,6
1689,5.61936,,165,,6.23333
1690,5.62271,,165,,6.46667
1691,5.62605,,165,,6.7
1692,5.6294,,165,,6.93333
1693,5.63274,,165,,7.16667
1694,5.63609,,165,,7.4
1695,5.63907,,165.5,,7.6
1696,5.64206,,166,,7.8
1697,5.6449,,166.25,,8.1
1698,5.64775,,166.5,,8.4
1699,5.65059,,166.75,,8.7
1700,5.65344,,167,,9
1701,5.65632,,167.333,,9.33333
1702,5.65919,,167.667,,9.66667
1703,5.66207,,168,,10
1704,5.66524,,168.5,,10.3
1705,5.6684,,169,,10.6
1706,5.67157,,169.5,,10.9
1707,5.67474,,170,,11.2
1708,5.67783,,170,,11.6
1709,5.68091,,170,,12
1710,5.684,,170,,12.4
1711,5.68735,,170.5,,12.65
1712,5.6907,,171,,12.9
1713,5.69404,,171.5,,13.15
1714,5.69739,,172,,13.4
1715,5.70077,,172.333,,13.4667
1716,5.70416,,172.667,,13.5333
1717,5.70754,,173,,13.6
1718,5.7109,,173.333,,13.6
1719,5.71426,,173.667,,13.6
1720,5.71762,,174,,13.6
1721,5.72099,,174.333,,13.6
1722,5.72435,,174.667,,13.6
1723,5.72771,,175,,13.6
1724,5.73076,,175.2,,13.32
1725,5.73381,,175.4,,13.04
1726,5.73686,,175.6,,12.76
1727,5.73991,,175.8,,12.48
1728,5.74296,,176,,12.2
1729,5.74627,,176,,11.7333
1730,5.74958,,176,,11.2667
1731,5.75289,,176,,10.8
1732,5.7563,,175.667,,10.4667
1733,5.75971,,175.333,,10.1333
1734,5.76312,,175,,9.8
1735,5.76675,,175,,9.33333
1736,5.77038,,175,,8.86667
1737,5.77401,,175,,8.4
1738,5.77782,,174.667,,8.06667
1739,5.78162,,174.333,,7.73333
1740,5.78543,,174,,7.4
1741,5.78901,,173.667,,7.26667
1742,5.79258,,173.333,,7.13333
1743,5.79616,,173,,7
1744,5.79974,,172.667,,6.86667
1745,5.80331,,172.333,,6.73333
1746,5.80689,,172,,6.6
1747,5.80996,,171.25,,6.6
1748,5.81304,,170.5,,6.6
1749,5.81611,,169.75,,6.6
1750,5.81918,,169,,6.6
1751,5.82202,,168.333,,6.53333
1752,5.82486,,167.667,,6.46667
1753,5.8277,,167,,6.4
1754,5.83,,166.6,,6.4
1755,5.8323,,166.2,,6.4
1756,5.83459,,165.8,,6.4
1757,5.83689,,165.4,,6.4
1758,5.83919,,165,,6.4
1759,5.84226,,165,,6.4
1760,5.84533,,165,,6.4
1761,5.8484,,165,,6.4
1762,5.85147,,165,,6.4
1763,5.85454,,165,,6.4
1764,5.85761,,165,,6.4
1765,5.86068,,165,,6.4
1766,5.86413,,165.333,,6.4
1767,5.86758,,165.667,,6.4
1768,5.87103,,166,,6.4
1769,5.87439,,166.167,,6.5
1770,5.87775,,166.333,,6.6
1771,5.88112,,166.5,,6.7
1772,5.88448,,166.667,,6.8
1773,5.88784,,166.833,,6.9
1774,5.8912,,167,,7
1775,5.89448,,167.5,,7.3
1776,5.89775,,168,,7.6
1777,5.90094,,168.5,,7.85
1778,5.90413,,169,,8.1
1779,5.90733,,169.5,,8.35
1780,5.91052,,170,,8.6
1781,5.91347,,170.667,,9
1782,5.91642,,171.333,,9.4
1783,5.91937,,172,,9.8
1784,5.92257,,172.333,,10.1333
1785,5.92576,,172.667,,10.4667
1786,5.92896,,173,,10.8
1787,5.93202,,173,,11.1333
1788,5.93509,,173,,11.4667
1789,5.93815,,173,,11.8
1790,5.94127,,173.25,,12.1
1791,5.9444,,173.5,,12.4
1792,5.94752,,173.75,,12.7
1793,5.95065,,174,,13
1794,5.95364,,174.6,,13.16
1795,5.95664,,175.2,,13.32
1796,5.95963,,175.8,,13.48
1797,5.96263,,176.4,,13.64
1798,5.96562,,177,,13.8
1799,5.96862,,177.286,,13.7429
1800,5.97162,,177.571,,13.6857
1801,5.97462,,177.857,,13.6286
1802,5.97763,,178.143,,13.5714
1803,5.98063,,178.429,,13.5143
1804,5.98363,,178.714,,13.4571
1805,5.98663,,179,,13.4
1806,5.99012,,179,,13.08
1807,5.99361,,179,,12.76
1808,5.99709,,179,,12.44
1809,6.00058,,179,,12.12
1810,6.00407,,179,,11.8
1811,6.00749,,179,,11.4
1812,6.0109,,179,,11
1813,6.01432,,179,,10.6
1814,6.01779,,179,,10.1333
1815,6.02126,,179,,9.66667
1816,6.02473,,179,,9.2
1817,6.02872,,179,,8.7
1818,6.03271,,179,,8.2
1819,6.03655,,179,,7.8
1820,6.0404,,179,,7.4
1821,6.04424,,179,,7
1822,6.04756,,178.4,,6.92
1823,6.05087,,177.8,,6.84
1824,6.05419,,177.2,,6.76
1825,6.0575,,176.6,,6.68
1826,6.06082,,176,,6.6
1827,6.06403,,175.4,,6.48
1828,6.06724,,174.8,,6.36
1829,6.07046,,174.2,,6.24
1830,6.07367,,173.6,,6.12
1831,6.07688,,173,,6
1832,6.08018,,172.833,,6
1833,6.08347,,172.667,,6
1834,6.08677,,172.5,,6
1835,6.09007,,172.333,,6
1836,6.09336,,172.167,,6
1837,6.09666,,172,,6
1838,6.1,,171.714,,5.97143
1839,6.10335,,171.429,,5.94286
1840,6.10669,,171.143,,5.91429
1841,6.11004,,170.857,,5.88571
1842,6.11338,,170.571,,5.85714
1843,6.11673,,170.286,,5.82857
1844,6.12007,,170,,5.8
1845,6.12329,,169.714,,5.8
1846,6.12651,,169.429,,5.8
1847,6.12973,,169.143,,5.8
1848,6.13294,,168.857,,5.8
1849,6.13616,,168.571,,5.8
1850,6.13938,,168.286,,5.8
1851,6.1426,,168,,5.8
1852,6.14577,,168.286,,5.8
1853,6.14894,,168.571,,5.8
1854,6.15211,,168.857,,5.8
1855,6.15528,,169.143,,5.8
1856,6.15845,,169.429,,5.8
1857,6.16162,,169.714,,5.8
1858,6.16479,,170,,5.8
1859,6.16813,,170.167,,5.83333
1860,6.17147,,170.333,,5.86667
1861,6.17481,,170.5,,5.9
1862,6.17816,,170.667,,5.93333
1863,6.1815,,170.833,,5.96667
1864,6.18484,,171,,6
1865,6.18826,,171.167,,6
1866,6.19169,,171.333,,6
1867,6.19511,,171.5,,6
1868,6.19853,,171.667,,6
1869,6.20196,,171.833,,6
1870,6.20538,,172,,6
1871,6.20875,,172.167,,6
1872,6.21212,,172.333,,6
1873,6.21549,,172.5,,6
1874,6.21886,,172.667,,6
1875,6.22223,,172.833,,6
1876,6.2256,,173,,6
1877,6.2289,,172.714,,6
1878,6.2322,,172.429,,6
1879,6.2355,,172.143,,6
1880,6.23881,,171.857,,6
1881,6.24211,,171.571,,6
1882,6.24541,,171.286,,6
1883,6.24871,,171,,6
1884,6.25205,,170.857,,6
1885,6.25538,,170.714,,6
1886,6.25872,,170.571,,6
1887,6.26205,,170.429,,6
1888,6.26539,,170.286,,6
1889,6.26872,,170.143,,6
1890,6.27206,,170,,6
1891,6.27554,,169.667,,5.96667
1892,6.27902,,169.333,,5.93333
1893,6.28251,,169,,5.9
1894,6.28599,,168.667,,5.86667
1895,6.28947,,168.333,,5.83333
1896,6.29295,,168,,5.8
1897,6.29623,,167.714,,5.8
1898,6.29952,,167.429,,5.8
1899,6.3028,,167.143,,5.8
1900,6.30608,,166.857,,5.8
1901,6.30936,,166.571,,5.8
1902,6.31265,,166.286,,5.8
1903,6.31593,,166,,5.8
1904,6.3191,,166,,5.8
1905,6.32226,,166,,5.8
1906,6.32543,,166,,5.8
1907,6.32859,,166,,5.8
1908,6.33176,,166,,5.8
1909,6.33492,,166,,5.8
1910,6.33809,,166,,5.8
1911,6.34145,,166.333,,5.73333
1912,6.34481,,166.667,,5.66667
1913,6.34817,,167,,5.6
1914,6.35154,,167.333,,5.53333
1915,6.3549,,167.667,,5.46667
1916,6.35826,,168,,5.4
1917,6.36168,,168.25,,5.45
1918,6.3651,,168.5,,5.5
1919,6.36852,,168.75,,5.55
1920,6.37194,,169,,5.6
1921,6.37586,,169.5,,5.6
1922,6.37978,,170,,5.6
1923,6.3837,,170.5,,5.6
1924,6.38761,,171,,5.6
1925,6.39153,,171.5,,5.6
1926,6.39545,,172,,5.6
1927,6.39995,,173.333,,5.6
1928,6.40445,,174.667,,5.6
1929,6.40895,,176,,5.6
1930,6.41332,,177,,5.6
1931,6.4177,,178,,5.6
1932,6.42207,,179,,5.6
1933,6.42645,,179.6,,5.64
1934,6.43083,,180.2,,5.68
1935,6.4352,,180.8,,5.72
1936,6.43958,,181.4,,5.76
1937,6.44396,,182,,5.8
1938,6.44862,,182.75,,5.8
1939,6.45328,,183.5,,5.8
1940,6.45794,,184.25,,5.8
1941,6.4626,,185,,5.8
1942,6.46741,,185.4,,5.8
1943,6.47222,,185.8,,5.8
1944,6.47704,,186.2,,5.8
1945,6.48185,,186.6,,5.8
1946,6.48666,,187,,5.8
1947,6.49126,,187.2,,5.84
1948,6.49587,,187.4,,5.88
1949,6.50047,,187.6,,5.92
1950,6.50508,,187.8,,5.96
1951,6.50968,,188,,6
1952,6.51423,,188.2,,5.96
1953,6.51879,,188.4,,5.92
1954,6.52334,,188.6,,5.88
1955,6.5279,,188.8,,5.84
1956,6.53245,,189,,5.8
1957,6.53686,,189.2,,5.8
1958,6.54127,,189.4,,5.8
1959,6.54569,,189.6,,5.8
1960,6.5501,,189.8,,5.8
1961,6.55451,,190,,5.8
1962,6.55904,,189.8,,5.8
1963,6.56357,,189.6,,5.8
1964,6.56811,,189.4,,5.8
1965,6.57264,,189.2,,5.8
1966,6.57717,,189,,5.8
1967,6.58167,,189.2,,5.8
1968,6.58618,,189.4,,5.8
1969,6.59068,,189.6,,5.8
1970,6.59519,,189.8,,5.8
1971,6.59969,,190,,5.8
1972,6.60402,,189.8,,5.76
1973,6.60835,,189.6,,5.72
1974,6.61268,,189.4,,5.68
1975,6.61701,,189.2,,5.64
1976,6.62134,,189,,5.6
1977,6.62578,,189.4,,5.56
1978,6.63022,,189.8,,5.52
1979,6.63466,,190.2,,5.48
1980,6.6391,,190.6,,5.44
1981,6.64354,,191,,5.4
1982,6.64798,,191.2,,5.4
1983,6.65241,,191.4,,5.4
1984,6.65685,,191.6,,5.4
1985,6.66128,,191.8,,5.4
1986,6.66572,,192,,5.4
1987,6.66993,,192,,5.44
1988,6.67414,,192,,5.48
1989,6.67835,,192,,5.52
1990,6.68256,,192,,5.56
1991,6.68677,,192,,5.6
1992,6.69123,,192,,5.56
1993,6.69568,,192,,5.52
1994,6.70014,,192,,5.48
1995,6.70459,,192,,5.44
1996,6.70905,,192,,5.4
1997,6.71374,,192.2,,5.4
1998,6.71843,,192.4,,5.4
1999,6.72313,,192.6,,5.4
2000,6.72782,,192.8,,5.4
2001,6.73251,,193,,5.4
2002,6.73718,,193,,5.4
2003,6.74186,,193,,5.4
2004,6.74653,,193,,5.4
2005,6.75121,,193,,5.4
2006,6.75588,,193,,5.4
2007,6.7603,,193.2,,5.4
2008,6.76472,,193.4,,5.4
2009,6.76913,,193.6,,5.4
2010,6.77355,,193.8,,5.4
2011,6.77797,,194,,5.4
2012,6.78244,,194.2,,5.36
2013,6.78692,,194.4,,5.32
2014,6.79139,,194.6,,5.28
2015,6.79587,,194.8,,5.24
2016,6.80034,,195,,5.2
2017,6.80487,,195,,5.16
2018,6.8094,,195,,5.12
2019,6.81393,,195,,5.08
2020,6.81846,,195,,5.04
2021,6.82299,,195,,5
2022,6.82727,,195,,5.04
2023,6.83155,,195,,5.08
2024,6.83584,,195,,5.12
2025,6.84012,,195,,5.16
2026,6.8444,,195,,5.2
2027,6.84879,,195,,5.24
2028,6.85318,,195,,5.28
2029,6.85757,,195,,5.32
2030,6.86196,,195,,5.36
2031,6.86635,,195,,5.4
2032,6.87118,,195.2,,5.32
2033,6.87601,,195.4,,5.24
2034,6.88084,,195.6,,5.16
2035,6.88567,,195.8,,5.08
2036,6.8905,,196,,5
2037,6.89524,,196,,4.93333
2038,6.89999,,196,,4.86667
2039,6.90473,,196,,4.8
2040,6.90952,,196,,4.8
2041,6.91432,,196,,4.8
2042,6.91845,,195.8,,4.84
2043,6.92258,,195.6,,4.88
2044,6.92671,,195.4,,4.92
2045,6.93084,,195.2,,4.96
2046,6.93497,,195,,5
2047,6.93831,,195,,4.96667
2048,6.94165,,195,,4.93333
2049,6.945,,195,,4.9
2050,6.94834,,195,,4.86667
2051,6.95168,,195,,4.83333
2052,6.95502,,195,,4.8
2053,6.95804,,194.4,,4.8
2054,6.96106,,193.8,,4.8
2055,6.96409,,193.2,,4.8
2056,6.96711,,192.6,,4.8
2057,6.97013,,192,,4.8
2058,6.97327,,191.714,,4.77143
2059,6.97641,,191.429,,4.74286
2060,6.97955,,191.143,,4.71429
2061,6.98269,,190.857,,4.68571
2062,6.98583,,190.571,,4.65714
2063,6.98897,,190.286,,4.62857
2064,6.99211,,190,,4.6
2065,6.99542,,189.714,,4.57143
2066,6.99874,,189.429,,4.54286
2067,7.00205,,189.143,,4.51429
2068,7.00537,,188.857,,4.48571
2069,7.00868,,188.571,,4.45714
2070,7.012,,188.286,,4.42857
2071,7.01531,,188,,4.4
2072,7.01856,,187.714,,4.4
2073,7.02181,,187.429,,4.4
2074,7.02506,,187.143,,4.4
2075,7.02831,,186.857,,4.4
2076,7.03156,,186.571,,4.4
2077,7.03481,,186.286,,4.4
2078,7.03806,,186,,4.4
2079,7.04137,,185.4,,4.44
2080,7.04468,,184.8,,4.48
2081,7.04799,,184.2,,4.52
2082,7.0513,,183.6,,4.56
2083,7.05461,,183,,4.6
2084,7.05796,,182.5,,4.6
2085,7.06131,,182,,4.6
2086,7.06466,,181.5,,4.6
2087,7.06802,,181,,4.6
2088,7.07137,,180.5,,4.6
2089,7.07472,,180,,4.6
2090,7.07798,,179.857,,4.6
2091,7.08125,,179.714,,4.6
2092,7.08451,,179.571,,4.6
2093,7.08778,,179.429,,4.6
2094,7.09104,,179.286,,4.6
2095,7.09431,,179.143,,4.6
2096,7.09757,,179,,4.6
2097,7.10084,,178.857,,4.6
2098,7.1041,,178.714,,4.6
2099,7.10737,,178.571,,4.6
2100,7.11064,,178.429,,4.6
2101,7.11391,,178.286,,4.6
2102,7.11717,,178.143,,4.6
2103,7.12044,,178,,4.6
2104,7.12381,,178,,4.56667
2105,7.12718,,178,,4.53333
2106,7.13055,,178,,4.5
2107,7.13392,,178,,4.46667
2108,7.13729,,178,,4.43333
2109,7.14066,,178,,4.4
2110,7.14398,,177.857,,4.4
2111,7.14731,,177.714,,4.4
2112,7.15063,,177.571,,4.4
2113,7.15395,,177.429,,4.4
2114,7.15727,,177.286,,4.4
2115,7.1606,,177.143,,4.4
2116,7.16392,,177,,4.4
2117,7.16714,,176.714,,4.4
2118,7.17035,,176.429,,4.4
2119,7.17357,,176.143,,4.4
2120,7.17678,,175.857,,4.4
2121,7.18,,175.571,,4.4
2122,7.18321,,175.286,,4.4
2123,7.18643,,175,,4.4
2124,7.18961,,175,,4.4
2125,7.19278,,175,,4.4
2126,7.19596,,175,,4.4
2127,7.19914,,175,,4.4
2128,7.20232,,175,,4.4
2129,7.20549,,175,,4.4
2130,7.20867,,175,,4.4
2131,7.21206,,175.333,,4.36667
2132,7.21546,,175.667,,4.33333
2133,7.21885,,176,,4.3
2134,7.22224,,176.333,,4.26667
2135,7.22564,,176.667,,4.23333
2136,7.22903,,177,,4.2
2137,7.23225,,176.714,,4.2
2138,7.23548,,176.429,,4.2
2139,7.2387,,176.143,,4.2
2140,7.24193,,175.857,,4.2
2141,7.24515,,175.571,,4.2
2142,7.24838,,175.286,,4.2
2143,7.2516,,175,,4.2
2144,7.25501,,175,,4.2
2145,7.25841,,175,,4.2
2146,7.26182,,175,,4.2
2147,7.26523,,175,,4.2
2148,7.26863,,175,,4.2
2149,7.27204,,175,,4.2
2150,7.27557,,174.8,,4.12
2151,7.2791,,174.6,,4.04
2152,7.28264,,174.4,,3.96
2153,7.28617,,174.2,,3.88
2154,7.2897,,174,,3.8
2155,7.2931,,174,,3.76667
2156,7.29651,,174,,3.73333
2157,7.29991,,174,,3.7
2158,7.30331,,174,,3.66667
2159,7.30672,,174,,3.63333
2160,7.31012,,174,,3.6
2161,7.31343,,173,,3.6
2162,7.3175,,173.4,,3.68
2163,7.32157,,173.8,,3.76
2164,7.32565,,174.2,,3.84
2165,7.32972,,174.6,,3.92
2166,7.33379,,175,,4
2167,7.3385,,176,,4.06667
2168,7.34322,,177,,4.13333
2169,7.34793,,178,,4.2
2170,7.35264,,179,,4.2
2171,7.35735,,180,,4.2
2172,7.36206,,181,,4.2
2173,7.36639,,182.5,,4.3
2174,7.37073,,184,,4.4
2175,7.3753,,184.5,,4.3
2176,7.37988,,185,,4.2
2177,7.38486,,185.4,,4.2
2178,7.38984,,185.8,,4.2
2179,7.39483,,186.2,,4.2
2180,7.39981,,186.6,,4.2
2181,7.40479,,187,,4.2
2182,7.40978,,187.6,,4.16
2183,7.41477,,188.2,,4.12
2184,7.41976,,188.8,,4.08
2185,7.42475,,189.4,,4.04
2186,7.42974,,190,,4
2187,7.43437,,190,,4.04
2188,7.43899,,190,,4.08
2189,7.44362,,190,,4.12
2190,7.44824,,190,,4.16
2191,7.45287,,190,,4.2
2192,7.45778,,190.2,,4.2
2193,7.4627,,190.4,,4.2
2194,7.46761,,190.6,,4.2
2195,7.47253,,190.8,,4.2
2196,7.47744,,191,,4.2
2197,7.4822,,191,,4.24
2198,7.48697,,191,,4.28
2199,7.49173,,191,,4.32
2200,7.4965,,191,,4.36
2201,7.50126,,191,,4.4
2202,7.50583,,191.2,,4.32
2203,7.51041,,191.4,,4.24
2204,7.51498,,191.6,,4.16
2205,7.51956,,191.8,,4.08
2206,7.52413,,192,,4
2207,7.52856,,192,,4
2208,7.53298,,192,,4
2209,7.53741,,192,,4
2210,7.54184,,192,,4
2211,7.54641,,192,,4
2212,7.55097,,192,,4
2213,7.55554,,192,,4
2214,7.5601,,192,,4
2215,7.56467,,192,,4
2216,7.56916,,192,,4
2217,7.57391,,192,,4.1
2218,7.57867,,192,,4.2
2219,7.58304,,192.5,,4.1
2220,7.58741,,193,,4
2221,7.59166,,193,,4
2222,7.59591,,193,,4
2223,7.6002,,193,,4.04
2224,7.60448,,193,,4.08
2225,7.60877,,193,,4.12
2226,7.61305,,193,,4.16
2227,7.61734,,193,,4.2
2228,7.62165,,193.4,,4.16
2229,7.62595,,193.8,,4.12
2230,7.63026,,194.2,,4.08
2231,7.63456,,194.6,,4.04
2232,7.63887,,195,,4
2233,7.64323,,194.8,,4
2234,7.64759,,194.6,,4
2235,7.65195,,194.4,,4
2236,7.65631,,194.2,,4
2237,7.66067,,194,,4
2238,7.66513,,194,,3.92
2239,7.66959,,194,,3.84
2240,7.67405,,194,,3.76
2241,7.67851,,194,,3.68
2242,7.68297,,194,,3.6
2243,7.68768,,194.2,,3.6
2244,7.69239,,194.4,,3.6
2245,7.69709,,194.6,,3.6
2246,7.7018,,194.8,,3.6
2247,7.70651,,195,,3.6
2248,7.71127,,195,,3.52
2249,7.71603,,195,,3.44
2250,7.72079,,195,,3.36
2251,7.72555,,195,,3.28
2252,7.73031,,195,,3.2
2253,7.73431,,194.5,,3.3
2254,7.73831,,194,,3.4
2255,7.74157,,194,,3.37143
2256,7.74484,,194,,3.34286
2257,7.7481,,194,,3.31429
2258,7.75137,,194,,3.28571
2259,7.75463,,194,,3.25714
2260,7.7579,,194,,3.22857
2261,7.76116,,194,,3.2
2262,7.76415,,193.714,,3.2
2263,7.76714,,193.429,,3.2
2264,7.77013,,193.143,,3.2
2265,7.77312,,192.857,,3.2
2266,7.77611,,192.571,,3.2
2267,7.7791,,192.286,,3.2
2268,7.78209,,192,,3.2
2269,7.78518,,191.5,,3.16667
2270,7.78827,,191,,3.13333
2271,7.79136,,190.5,,3.1
2272,7.79445,,190,,3.06667
2273,7.79754,,189.5,,3.03333
2274,7.80063,,189,,3
2275,7.80383,,188.667,,2.96667
2276,7.80704,,188.333,,2.93333
2277,7.81024,,188,,2.9
2278,7.81344,,187.667,,2.86667
2279,7.81665,,187.333,,2.83333
2280,7.81985,,187,,2.8
2281,7.82291,,186.714,,2.8
2282,7.82596,,186.429,,2.8
2283,7.82902,,186.143,,2.8
2284,7.83208,,185.857,,2.8
2285,7.83514,,185.571,,2.8
2286,7.83819,,185.286,,2.8
2287,7.84125,,185,,2.8
2288,7.84449,,184.857,,2.82857
2289,7.84774,,184.714,,2.85714
2290,7.85098,,184.571,,2.88571
2291,7.85422,,184.429,,2.91429
2292,7.85746,,184.286,,2.94286
2293,7.86071,,184.143,,2.97143
2294,7.86395,,184,,3
2295,7.86719,,183.714,,2.97143
2296,7.87042,,183.429,,2.94286
2297,7.87366,,183.143,,2.91429
2298,7.87689,,182.857,,2.88571
2299,7.88013,,182.571,,2.85714
2300,7.88336,,182.286,,2.82857
2301,7.8866,,182,,2.8
2302,7.88967,,181.571,,2.8
2303,7.89273,,181.143,,2.8
2304,7.8958,,180.714,,2.8
2305,7.89887,,180.286,,2.8
2306,7.90194,,179.857,,2.8
2307,7.905,,179.429,,2.8
2308,7.90807,,179,,2.8
2309,7.91102,,178.857,,2.82857
2310,7.91398,,178.714,,2.85714
2311,7.91693,,178.571,,2.88571
2312,7.91988,,178.429,,2.91429
2313,7.92283,,178.286,,2.94286
2314,7.92579,,178.143,,2.97143
2315,7.92874,,178,,3
2316,7.93202,,178,,2.97143
2317,7.9353,,178,,2.94286
2318,7.93858,,178,,2.91429
2319,7.94185,,178,,2.88571
2320,7.94513,,178,,2.85714
2321,7.94841,,178,,2.82857
2322,7.95169,,178,,2.8
2323,7.95511,,177.833,,2.83333
2324,7.95852,,177.667,,2.86667
2325,7.96194,,177.5,,2.9
2326,7.96536,,177.333,,2.93333
2327,7.96877,,177.167,,2.96667
2328,7.97219,,177,,3
2329,7.97544,,176.857,,2.97143
2330,7.97868,,176.714,,2.94286
2331,7.98193,,176.571,,2.91429
2332,7.98518,,176.429,,2.88571
2333,7.98843,,176.286,,2.85714
2334,7.99167,,176.143,,2.82857
2335,7.99492,,176,,2.8
2336,7.9981,,176,,2.8
2337,8.00129,,176,,2.8
2338,8.00448,,176,,2.8
2339,8.00766,,176,,2.8
2340,8.01085,,176,,2.8
2341,8.01403,,176,,2.8
2342,8.01705,,177,,2.6
2343,8.02,,177,,2.8
2344,8.02377,,177.167,,2.9
2345,8.02755,,177.333,,3
2346,8.03132,,177.5,,3.1
2347,8.0351,,177.667,,3.2
2348,8.03887,,177.833,,3.3
2349,8.04265,,178,,3.4
2350,8.0474,,178.6,,3.4
2351,8.05215,,179.2,,3.4
2352,8.05691,,179.8,,3.4
2353,8.06166,,180.4,,3.4
2354,8.06641,,181,,3.4
2355,8.07146,,181.5,,3.45
2356,8.07652,,182,,3.5
2357,8.08157,,182.5,,3.55
2358,8.08662,,183,,3.6
2359,8.09123,,184.5,,3.6
2360,8.09584,,186,,3.6
2361,8.10067,,186.2,,3.56
2362,8.1055,,186.4,,3.52
2363,8.11034,,186.6,,3.48
2364,8.11517,,186.8,,3.44
2365,8.12,,187,,3.4
2366,8.12473,,187.6,,3.44
2367,8.12947,,188.2,,3.48
2368,8.1342,,188.8,,3.52
2369,8.13894,,189.4,,3.56
2370,8.14367,,190,,3.6
2371,8.14848,,190.2,,3.6
2372,8.15329,,190.4,,3.6
2373,8.1581,,190.6,,3.6
2374,8.16291,,190.8,,3.6
2375,8.16772,,191,,3.6
2376,8.17259,,191,,3.6
2377,8.17746,,191,,3.6
2378,8.18234,,191,,3.6
2379,8.18721,,191,,3.6
2380,8.19208,,191,,3.6
2381,8.19673,,191.2,,3.6
2382,8.20137,,191.4,,3.6
2383,8.20602,,191.6,,3.6
2384,8.21066,,191.8,,3.6
2385,8.21531,,192,,3.6
2386,8.2201,,192.4,,3.56
2387,8.22489,,192.8,,3.52
2388,8.22969,,193.2,,3.48
2389,8.23448,,193.6,,3.44
2390,8.23927,,194,,3.4
2391,8.24405,,194.2,,3.4
2392,8.24884,,194.4,,3.4
2393,8.25362,,194.6,,3.4
2394,8.25841,,194.8,,3.4
2395,8.26319,,195,,3.4
2396,8.26827,,195,,3.35
2397,8.27335,,195,,3.3
2398,8.27842,,195,,3.25
2399,8.2835,,195,,3.2
2400,8.28822,,195,,3.13333
2401,8.29293,,195,,3.06667
2402,8.29765,,195,,3
2403,8.30145,,195,,3.06667
2404,8.30525,,195,,3.13333
2405,8.30905,,195,,3.2
2406,8.31206,,194.857,,3.2
2407,8.31508,,194.714,,3.2
2408,8.31809,,194.571,,3.2
2409,8.32111,,194.429,,3.2
2410,8.32412,,194.286,,3.2
2411,8.32714,,194.143,,3.2
2412,8.33015,,194,,3.2
2413,8.33324,,193.857,,3.2
2414,8.33634,,193.714,,3.2
2415,8.33943,,193.571,,3.2
2416,8.34253,,193.429,,3.2
2417,8.34562,,193.286,,3.2
2418,8.34872,,193.143,,3.2
2419,8.35181,,193,,3.2
2420,8.35473,,192.571,,3.2
2421,8.35766,,192.143,,3.2
2422,8.36058,,191.714,,3.2
2423,8.3635,,191.286,,3.2
2424,8.36642,,190.857,,3.2
2425,8.36935,,190.429,,3.2
2426,8.37227,,190,,3.2
2427,8.37536,,189.714,,3.17143
2428,8.37846,,189.429,,3.14286
2429,8.38155,,189.143,,3.11429
2430,8.38464,,188.857,,3.08571
2431,8.38773,,188.571,,3.05714
2432,8.39083,,188.286,,3.02857
2433,8.39392,,188,,3
2434,8.39712,,187.714,,3
2435,8.40031,,187.429,,3
2436,8.40351,,187.143,,3
2437,8.4067,,186.857,,3
2438,8.4099,,186.571,,3
2439,8.41309,,186.286,,3
2440,8.41629,,186,,3
2441,8.41949,,185.857,,3
2442,8.42268,,185.714,,3
2443,8.42588,,185.571,,3
2444,8.42907,,185.429,,3
2445,8.43227,,185.286,,3
2446,8.43546,,185.143,,3
2447,8.43866,,185,,3
2448,8.44168,,184.571,,3.02857
2449,8.44469,,184.143,,3.05714
2450,8.44771,,183.714,,3.08571
2451,8.45073,,183.286,,3.11429
2452,8.45375,,182.857,,3.14286
2453,8.45676,,182.429,,3.17143
2454,8.45978,,182,,3.2
2455,8.46304,,181.857,,3.17143
2456,8.4663,,181.714,,3.14286
2457,8.46956,,181.571,,3.11429
2458,8.47282,,181.429,,3.08571
2459,8.47608,,181.286,,3.05714
2460,8.47934,,181.143,,3.02857
2461,8.4826,,181,,3
2462,8.48569,,180,,2.8
2463,8.48997,,180.2,,2.88
2464,8.49425,,180.4,,2.96
2465,8.49852,,180.6,,3.04
2466,8.5028,,180.8,,3.12
2467,8.50708,,181,,3.2
2468,8.51224,,182,,3.2
2469,8.51739,,183,,3.2
2470,8.52255,,184,,3.2
2471,8.52762,,185,,3.13333
2472,8.53269,,186,,3.06667
2473,8.53776,,187,,3
2474,8.543,,188,,3
2475,8.54825,,189,,3
2476,8.55349,,190,,3
2477,8.55887,,190.5,,3
2478,8.56425,,191,,3
2479,8.56962,,191.5,,3
2480,8.575,,192,,3
2481,8.58029,,192.25,,3
2482,8.58558,,192.5,,3
2483,8.59086,,192.75,,3
2484,8.59615,,193,,3
2485,8.60142,,193.25,,3.05
2486,8.6067,,193.5,,3.1
2487,8.61198,,193.75,,3.15
2488,8.61725,,194,,3.2
2489,8.62258,,194.25,,3.1
2490,8.62791,,194.5,,3
2491,8.63323,,194.75,,2.9
2492,8.63856,,195,,2.8
2493,8.64348,,195,,2.6
2494,8.64683,,195,,2.66667
2495,8.65018,,195,,2.73333
2496,8.65353,,195,,2.8
2497,8.65688,,195,,2.86667
2498,8.66023,,195,,2.93333
2499,8.66358,,195,,3
2500,8.6665,,194.857,,3
2501,8.66942,,194.714,,3
2502,8.67234,,194.571,,3
2503,8.67527,,194.429,,3
2504,8.67819,,194.286,,3
2505,8.68111,,194.143,,3
2506,8.68403,,194,,3
2507,8.68686,,193.625,,3
2508,8.68969,,193.25,,3
2509,8.69252,,192.875,,3
2510,8.69535,,192.5,,3
2511,8.69819,,192.125,,3
2512,8.70102,,191.75,,3
2513,8.70385,,191.375,,3
2514,8.70668,,191,,3
2515,8.70968,,190.857,,3
2516,8.71268,,190.714,,3
2517,8.71568,,190.571,,3
2518,8.71868,,190.429,,3
2519,8.72168,,190.286,,3
2520,8.72468,,190.143,,3
2521,8.72768,,190,,3
2522,8.73092,,189.4,,2.96
2523,8.73416,,188.8,,2.92
2524,8.73739,,188.2,,2.88
2525,8.74063,,187.6,,2.84
2526,8.74387,,187,,2.8
2527,8.74707,,186.25,,2.85
2528,8.75026,,185.5,,2.9
2529,8.75346,,184.75,,2.95
2530,8.75666,,184,,3
2531,8.75966,,183.714,,3
2532,8.76266,,183.429,,3
2533,8.76566,,183.143,,3
2534,8.76866,,182.857,,3
2535,8.77166,,182.571,,3
2536,8.77466,,182.286,,3
2537,8.77766,,182,,3
2538,8.78065,,181.857,,3
2539,8.78363,,181.714,,3
2540,8.78662,,181.571,,3
2541,8.7896,,181.429,,3
2542,8.79259,,181.286,,3
2543,8.79557,,181.143,,3
2544,8.79856,,181,,3
2545,8.80156,,180.714,,2.97143
2546,8.80457,,180.429,,2.94286
2547,8.80757,,180.143,,2.91429
2548,8.81057,,179.857,,2.88571
2549,8.81357,,179.571,,2.85714
2550,8.81658,,179.286,,2.82857
2551,8.81958,,179,,2.8
2552,8.82279,,178.857,,2.82857
2553,8.826,,178.714,,2.85714
2554,8.82921,,178.571,,2.88571
2555,8.83241,,178.429,,2.91429
2556,8.83562,,178.286,,2.94286
2557,8.83883,,178.143,,2.97143
2558,8.84204,,178,,3
2559,8.84504,,178,,3
2560,8.84803,,178,,3
2561,8.85103,,178,,3
2562,8.85402,,178,,3
2563,8.85702,,178,,3
2564,8.86001,,178,,3
2565,8.86301,,178,,3
2566,8.86608,,178,,3.02857
2567,8.86914,,178,,3.05714
2568,8.87221,,178,,3.08571
2569,8.87528,,178,,3.11429
2570,8.87835,,178,,3.14286
2571,8.88141,,178,,3.17143
2572,8.88448,,178,,3.2
2573,8.88768,,177.857,,3.17143
2574,8.89088,,177.714,,3.14286
2575,8.89408,,177.571,,3.11429
2576,8.89727,,177.429,,3.08571
2577,8.90047,,177.286,,3.05714
2578,8.90367,,177.143,,3.02857
2579,8.90687,,177,,3
2580,8.91027,,177,,3.03333
2581,8.91367,,177,,3.06667
2582,8.91706,,177,,3.1
2583,8.92046,,177,,3.13333
2584,8.92386,,177,,3.16667
2585,8.92726,,177,,3.2
2586,8.93047,,176.857,,3.2
2587,8.93368,,176.714,,3.2
2588,8.93689,,176.571,,3.2
2589,8.9401,,176.429,,3.2
2590,8.94331,,176.286,,3.2
2591,8.94652,,176.143,,3.2
2592,8.94973,,176,,3.2
2593,8.9531,,175.833,,3.16667
2594,8.95647,,175.667,,3.13333
2595,8.95984,,175.5,,3.1
2596,8.96321,,175.333,,3.06667
2597,8.96658,,175.167,,3.03333
2598,8.96995,,175,,3
2599,8.97353,,174.833,,3.03333
2600,8.97711,,174.667,,3.06667
2601,8.98069,,174.5,,3.1
2602,8.98427,,174.333,,3.13333
2603,8.98785,,174.167,,3.16667
2604,8.99143,,174,,3.2
2605,8.99499,,174.5,,3.16667
2606,8.99855,,175,,3.13333
2607,9.00212,,175.5,,3.1
2608,9.00568,,176,,3.06667
2609,9.00924,,176.5,,3.03333
2610,9.0128,,177,,3
2611,9.01631,,177,,3
2612,9.01981,,177,,3
2613,9.02331,,177,,3
2614,9.02682,,177,,3
2615,9.03032,,177,,3
2616,9.03383,,177,,3
2617,9.03728,,177,,3
2618,9.04073,,177,,3
2619,9.04418,,177,,3
2620,9.04763,,177,,3
2621,9.05108,,177,,3
2622,9.05453,,177,,3
2623,9.058,,177,,2.96667
2624,9.06146,,177,,2.93333
2625,9.06493,,177,,2.9
2626,9.0684,,177,,2.86667
2627,9.07186,,177,,2.83333
2628,9.07533,,177,,2.8
2629,9.07857,,177,,2.8
2630,9.08181,,177,,2.8
2631,9.08505,,177,,2.8
2632,9.08828,,177,,2.8
2633,9.09152,,177,,2.8
2634,9.09476,,177,,2.8
2635,9.098,,177,,2.8
2636,9.10111,,177,,2.8
2637,9.10421,,177,,2.8
2638,9.10732,,177,,2.8
2639,9.11042,,177,,2.8
2640,9.11353,,177,,2.8
2641,9.11663,,177,,2.8
2642,9.11974,,177,,2.8
2643,9.12281,,177.143,,2.8
2644,9.12587,,177.286,,2.8
2645,9.12894,,177.429,,2.8
2646,9.13201,,177.571,,2.8
2647,9.13508,,177.714,,2.8
2648,9.13814,,177.857,,2.8
2649,9.14121,,178,,2.8
2650,9.14412,,177.875,,2.85
2651,9.14703,,177.75,,2.9
2652,9.14994,,177.625,,2.95
2653,9.15285,,177.5,,3
2654,9.15576,,177.375,,3.05
2655,9.15867,,177.25,,3.1
2656,9.16158,,177.125,,3.15
2657,9.16449,,177,,3.2
2658,9.16775,,177,,3.14286
2659,9.17102,,177,,3.08571
2660,9.17428,,177,,3.02857
2661,9.17755,,177,,2.97143
2662,9.18081,,177,,2.91429
2663,9.18408,,177,,2.85714
2664,9.18734,,177,,2.8
2665,9.19071,,177.167,,2.8
2666,9.19409,,177.333,,2.8
2667,9.19746,,177.5,,2.8
2668,9.20083,,177.667,,2.8
2669,9.20421,,177.833,,2.8
2670,9.20758,,178,,2.8
2671,9.21096,,178,,2.8
2672,9.21435,,178,,2.8
2673,9.21773,,178,,2.8
2674,9.22111,,178,,2.8
2675,9.2245,,178,,2.8
2676,9.22788,,178,,2.8
2677,9.23122,,178.167,,2.8
2678,9.23456,,178.333,,2.8
2679,9.2379,,178.5,,2.8
2680,9.24124,,178.667,,2.8
2681,9.24458,,178.833,,2.8
2682,9.24792,,179,,2.8
2683,9.25132,,179.167,,2.83333
2684,9.25471,,179.333,,2.86667
2685,9.25811,,179.5,,2.9
2686,9.26151,,179.667,,2.93333
2687,9.2649,,179.833,,2.96667
2688,9.2683,,180,,3
2689,9.2714,,179.857,,3.05714
2690,9.2745,,179.714,,3.11429
2691,9.2776,,179.571,,3.17143
2692,9.28071,,179.429,,3.22857
2693,9.28381,,179.286,,3.28571
2694,9.28691,,179.143,,3.34286
2695,9.29001,,179,,3.4
2696,9.29298,,179,,3.31429
2697,9.29596,,179,,3.22857
2698,9.29893,,179,,3.14286
2699,9.30191,,179,,3.05714
2700,9.30488,,179,,2.97143
2701,9.30786,,179,,2.88571
2702,9.31083,,179,,2.8
2703,9.31442,,179,,2.86667
2704,9.31802,,179,,2.93333
2705,9.32161,,179,,3
2706,9.3252,,179,,3.06667
2707,9.3288,,179,,3.13333
2708,9.33239,,179,,3.2
2709,9.33617,,179,,3.2
2710,9.33995,,179,,3.2
2711,9.34373,,179,,3.2
2712,9.34751,,179,,3.2
2713,9.35129,,179,,3.2
2714,9.35507,,179,,3.2
2715,9.35846,,179,,3.23333
2716,9.36185,,179,,3.26667
2717,9.36525,,179,,3.3
2718,9.36864,,179,,3.33333
2719,9.37203,,179,,3.36667
2720,9.37542,,179,,3.4
2721,9.3792,,179.167,,3.4
2722,9.38298,,179.333,,3.4
2723,9.38676,,179.5,,3.4
2724,9.39053,,179.667,,3.4
2725,9.39431,,179.833,,3.4
2726,9.39809,,180,,3.4
2727,9.40199,,180.333,,3.4
2728,9.40588,,180.667,,3.4
2729,9.40978,,181,,3.4
2730,9.41367,,181.333,,3.4
2731,9.41757,,181.667,,3.4
2732,9.42146,,182,,3.4
2733,9.42509,,182.333,,3.36667
2734,9.42872,,182.667,,3.33333
2735,9.43235,,183,,3.3
2736,9.43597,,183.333,,3.26667
2737,9.4396,,183.667,,3.23333
2738,9.44323,,184,,3.2
2739,9.44759,,184.2,,3.2
2740,9.45195,,184.4,,3.2
2741,9.4563,,184.6,,3.2
2742,9.46066,,184.8,,3.2
2743,9.46502,,185,,3.2
2744,9.46892,,185,,3.13333
2745,9.47282,,185,,3.06667
2746,9.47673,,185,,3
2747,9.48063,,185,,2.93333
2748,9.48453,,185,,2.86667
2749,9.48843,,185,,2.8
2750,9.49208,,185,,2.76667
2751,9.49573,,185,,2.73333
2752,9.49937,,185,,2.7
2753,9.50302,,185,,2.66667
2754,9.50667,,185,,2.63333
2755,9.51032,,185,,2.6
2756,9.51313,,184.714,,2.54286
2757,9.51594,,184.429,,2.48571
2758,9.51875,,184.143,,2.42857
2759,9.52157,,183.857,,2.37143
2760,9.52438,,183.571,,2.31429
2761,9.52719,,183.286,,2.25714
2762,9.53,,183,,2.2
