secs,km,power,hr,cad,alt
0,0,,156,,-65.4
1,0.00283,,156,,-64.6
2,0.00567333,,155.167,,-63.7333
3,0.00851667,,154.333,,-62.8667
4,0.01136,,153.5,,-62
5,0.0142033,,152.667,,-61.1333
6,0.0170467,,151.833,,-60.2667
7,0.01989,,151,,-59.4
8,0.02128,,151,,-58.6
9,0.0222733,,150.667,,-57.8
10,0.0232667,,150.333,,-57
11,0.02426,,150,,-56.2
12,0.024408,,149.6,,-54.04
13,0.024556,,149.2,,-51.88
14,0.024704,,148.8,,-49.72
15,0.024852,,148.4,,-47.56
16,0.025,,148,,-45.4
17,0.026475,,148,,-45.4
18,0.02795,,148,,-45.4
19,0.02855,,145.5,,-44.1
20,0.02915,,143,,-42.8
21,0.02978,,143,,-41
22,0.03015,,143,,-39.4
23,0.03061,,143,,-38.9
24,0.03107,,143,,-38.4
25,0.031695,,142.25,,-36.7
26,0.03232,,141.5,,-35
27,0.032945,,140.75,,-33.3
28,0.03357,,140,,-31.6
29,0.03462,,138,,-30
30,0.0351571,,137.571,,-29.2
31,0.0356943,,137.143,,-28.4
32,0.0362314,,136.714,,-27.6
33,0.0367686,,136.286,,-26.8
34,0.0373057,,135.857,,-26
35,0.0378429,,135.429,,-25.2
36,0.03838,,135,,-24.4
37,0.039822,,134.4,,-23.48
38,0.041264,,133.8,,-22.56
39,0.042706,,133.2,,-21.64
40,0.044148,,132.6,,-20.72
41,0.04559,,132,,-19.8
42,0.0470429,,131.929,,-18.7571
43,0.0484957,,131.857,,-17.7143
44,0.0499486,,131.786,,-16.6714
45,0.0514014,,131.714,,-15.6286
46,0.0528543,,131.643,,-14.5857
47,0.0543071,,131.571,,-13.5429
48,0.05576,,131.5,,-12.5
49,0.0572129,,131.429,,-11.4571
50,0.0586657,,131.357,,-10.4143
51,0.0601186,,131.286,,-9.37143
52,0.0615714,,131.214,,-8.32857
53,0.0630243,,131.143,,-7.28571
54,0.0644771,,131.071,,-6.24286
55,0.06593,,131,,-5.2
56,0.066902,,131.2,,-4.6
57,0.067874,,131.4,,-4
58,0.068846,,131.6,,-3.4
59,0.069818,,131.8,,-2.8
60,0.07079,,132,,-2.2
61,0.0714989,,131.842,,-1.61053
62,0.0722079,,131.684,,-1.02105
63,0.0729168,,131.526,,-0.431579
64,0.0736258,,131.368,,0.157895
65,0.0743347,,131.211,,0.747368
66,0.0750437,,131.053,,1.33684
67,0.0757526,,130.895,,1.92632
68,0.0764616,,130.737,,2.51579
69,0.0771705,,130.579,,3.10526
70,0.0778795,,130.421,,3.69474
71,0.0785884,,130.263,,4.28421
72,0.0792974,,130.105,,4.87368
73,0.0800063,,129.947,,5.46316
74,0.0807153,,129.789,,6.05263
75,0.0814242,,129.632,,6.64211
76,0.0821332,,129.474,,7.23158
77,0.0828421,,129.316,,7.82105
78,0.0835511,,129.158,,8.41053
79,0.08426,,129,,9
80,0.08561,,126,,9.4
81,0.0872825,,125.25,,9.75
82,0.088955,,124.5,,10.1
83,0.0906275,,123.75,,10.45
84,0.0923,,123,,10.8
85,0.0933988,,122.625,,11.425
86,0.0944975,,122.25,,12.05
87,0.0955963,,121.875,,12.675
88,0.096695,,121.5,,13.3
89,0.0977937,,121.125,,13.925
90,0.0988925,,120.75,,14.55
91,0.0999913,,120.375,,15.175
92,0.10109,,120,,15.8
93,0.102578,,119.75,,16.25
94,0.104065,,119.5,,16.7
95,0.105553,,119.25,,17.15
96,0.10704,,119,,17.6
97,0.1087,,119.333,,18.2333
98,0.11036,,119.667,,18.8667
99,0.11202,,120,,19.5
100,0.11368,,120.333,,20.1333
101,0.11534,,120.667,,20.7667
102,0.117,,121,,21.4
103,0.117868,,121,,21.3
104,0.118735,,121,,21.2
105,0.119603,,121,,21.1
106,0.12047,,121,,21
107,0.121816,,121.143,,20.9286
108,0.123161,,121.286,,20.8571
109,0.124507,,121.429,,20.7857
110,0.125853,,121.571,,20.7143
111,0.127199,,121.714,,20.6429
112,0.128544,,121.857,,20.5714
113,0.12989,,122,,20.5
114,0.131236,,122.143,,20.4286
115,0.132581,,122.286,,20.3571
116,0.133927,,122.429,,20.2857
117,0.135273,,122.571,,20.2143
118,0.136619,,122.714,,20.1429
119,0.137964,,122.857,,20.0714
120,0.13931,,123,,20
121,0.14063,,123,,19.8
122,0.142075,,122.875,,19.5
123,0.14352,,122.75,,19.2
124,0.144965,,122.625,,18.9
125,0.14641,,122.5,,18.6
126,0.147855,,122.375,,18.3
127,0.1493,,122.25,,18
128,0.150745,,122.125,,17.7
129,0.15219,,122,,17.4
130,0.15383,,122,,17.1
131,0.15547,,122,,16.8
132,0.156857,,121,,16.8
133,0.158243,,120,,16.8
134,0.15963,,119,,16.8
135,0.160961,,118.714,,16.7429
136,0.162293,,118.429,,16.6857
137,0.163624,,118.143,,16.6286
138,0.164956,,117.857,,16.5714
139,0.166287,,117.571,,16.5143
140,0.167619,,117.286,,16.4571
141,0.16895,,117,,16.4
142,0.17078,,117,,16
143,0.171124,,116.864,,15.9273
144,0.171468,,116.727,,15.8545
145,0.171812,,116.591,,15.7818
146,0.172156,,116.455,,15.7091
147,0.1725,,116.318,,15.6364
148,0.172845,,116.182,,15.5636
149,0.173189,,116.045,,15.4909
150,0.173533,,115.909,,15.4182
151,0.173877,,115.773,,15.3455
152,0.174221,,115.636,,15.2727
153,0.174565,,115.5,,15.2
154,0.174909,,115.364,,15.1273
155,0.175253,,115.227,,15.0545
156,0.175597,,115.091,,14.9818
157,0.175941,,114.955,,14.9091
158,0.176285,,114.818,,14.8364
159,0.17663,,114.682,,14.7636
160,0.176974,,114.545,,14.6909
161,0.177318,,114.409,,14.6182
162,0.177662,,114.273,,14.5455
163,0.178006,,114.136,,14.4727
164,0.17835,,114,,14.4
165,0.17861,,113.25,,14.3
166,0.17887,,112.5,,14.2
167,0.17913,,111.75,,14.1
168,0.17939,,111,,14
169,0.17943,,109.333,,13.8
170,0.17947,,107.667,,13.6
171,0.17951,,106,,13.4
172,0.179572,,105,,13.4
173,0.179635,,104,,13.4
174,0.179698,,103,,13.4
175,0.17976,,102,,13.4
176,0.18024,,99,,13.2
177,0.18024,,99,,13.4
178,0.181474,,99.2222,,13.4
179,0.182709,,99.4444,,13.4
180,0.183943,,99.6667,,13.4
181,0.185178,,99.8889,,13.4
182,0.186412,,100.111,,13.4
183,0.187647,,100.333,,13.4
184,0.188881,,100.556,,13.4
185,0.190116,,100.778,,13.4
186,0.19135,,101,,13.4
187,0.194366,,101.143,,13.5714
188,0.197381,,101.286,,13.7429
189,0.200397,,101.429,,13.9143
190,0.203413,,101.571,,14.0857
191,0.206429,,101.714,,14.2571
192,0.209444,,101.857,,14.4286
193,0.21246,,102,,14.6
194,0.21593,,108,,15
195,0.21979,,108,,15.2
196,0.22334,,109,,15.3
197,0.22689,,110,,15.4
198,0.23044,,111,,15.5
199,0.23399,,112,,15.6
200,0.23756,,115.5,,14.3
201,0.24113,,119,,13
202,0.24563,,124,,13.2
203,0.249795,,127,,12.6
204,0.25396,,130,,12
205,0.257598,,130.667,,11.5
206,0.261237,,131.333,,11
207,0.264875,,132,,10.5
208,0.268513,,132.667,,10
209,0.272152,,133.333,,9.5
210,0.27579,,134,,9
211,0.27876,,135.5,,8.3
212,0.28173,,137,,7.6
213,0.285093,,138.667,,7.26667
214,0.288457,,140.333,,6.93333
215,0.29182,,142,,6.6
216,0.295858,,142.2,,6.84
217,0.299896,,142.4,,7.08
218,0.303934,,142.6,,7.32
219,0.307972,,142.8,,7.56
220,0.31201,,143,,7.8
221,0.315147,,143.143,,7.54286
222,0.318284,,143.286,,7.28571
223,0.321421,,143.429,,7.02857
224,0.324559,,143.571,,6.77143
225,0.327696,,143.714,,6.51429
226,0.330833,,143.857,,6.25714
227,0.33397,,144,,6
228,0.337027,,144.286,,6.2
229,0.340084,,144.571,,6.4
230,0.343141,,144.857,,6.6
231,0.346199,,145.143,,6.8
232,0.349256,,145.429,,7
233,0.352313,,145.714,,7.2
234,0.35537,,146,,7.4
235,0.358832,,146,,6.76667
236,0.362293,,146,,6.13333
237,0.365755,,146,,5.5
238,0.369217,,146,,4.86667
239,0.372678,,146,,4.23333
240,0.37614,,146,,3.6
241,0.379643,,147.75,,3.3
242,0.383145,,149.5,,3
243,0.386647,,151.25,,2.7
244,0.39015,,153,,2.4
245,0.394452,,153.4,,-2.30926e-14
246,0.398754,,153.8,,-2.4
247,0.403056,,154.2,,-4.8
248,0.407358,,154.6,,-7.2
249,0.41166,,155,,-9.6
250,0.415288,,155.167,,-10.6
251,0.418917,,155.333,,-11.6
252,0.422545,,155.5,,-12.6
253,0.426173,,155.667,,-13.6
254,0.429802,,155.833,,-14.6
255,0.43343,,156,,-15.6
256,0.436341,,156,,-16.9143
257,0.439253,,156,,-18.2286
258,0.442164,,156,,-19.5429
259,0.445076,,156,,-20.8571
260,0.447987,,156,,-22.1714
261,0.450899,,156,,-23.4857
262,0.45381,,156,,-24.8
263,0.455715,,156.182,,-25.6364
264,0.457619,,156.364,,-26.4727
265,0.459524,,156.545,,-27.3091
266,0.461428,,156.727,,-28.1455
267,0.463333,,156.909,,-28.9818
268,0.465237,,157.091,,-29.8182
269,0.467142,,157.273,,-30.6545
270,0.469046,,157.455,,-31.4909
271,0.470951,,157.636,,-32.3273
272,0.472855,,157.818,,-33.1636
273,0.47476,,158,,-34
274,0.478126,,158.143,,-34.4
275,0.481491,,158.286,,-34.8
276,0.484857,,158.429,,-35.2
277,0.488223,,158.571,,-35.6
278,0.491589,,158.714,,-36
279,0.494954,,158.857,,-36.4
280,0.49832,,159,,-36.8
281,0.502698,,159.4,,-36.72
282,0.507076,,159.8,,-36.64
283,0.511454,,160.2,,-36.56
284,0.515832,,160.6,,-36.48
285,0.52021,,161,,-36.4
286,0.524088,,161.167,,-36.2
287,0.527967,,161.333,,-36
288,0.531845,,161.5,,-35.8
289,0.535723,,161.667,,-35.6
290,0.539602,,161.833,,-35.4
291,0.54348,,162,,-35.2
292,0.547976,,162.2,,-34.84
293,0.552472,,162.4,,-34.48
294,0.556968,,162.6,,-34.12
295,0.561464,,162.8,,-33.76
296,0.56596,,163,,-33.4
297,0.570104,,163.2,,-33.32
298,0.574248,,163.4,,-33.24
299,0.578392,,163.6,,-33.16
300,0.582536,,163.8,,-33.08
301,0.58668,,164,,-33
302,0.590198,,164.75,,-32.85
303,0.593715,,165.5,,-32.7
304,0.597232,,166.25,,-32.55
305,0.60075,,167,,-32.4
306,0.604277,,167.333,,-32.4
307,0.607803,,167.667,,-32.4
308,0.61133,,168,,-32.4
309,0.614857,,168.333,,-32.4
310,0.618383,,168.667,,-32.4
311,0.62191,,169,,-32.4
312,0.622914,,169,,-30.92
313,0.623918,,169,,-29.44
314,0.624922,,169,,-27.96
315,0.625926,,169,,-26.48
316,0.62693,,169,,-25
317,0.627332,,168.25,,-23.9
318,0.627735,,167.5,,-22.8
319,0.628138,,166.75,,-21.7
320,0.62854,,166,,-20.6
321,0.63024,,164.5,,-20.2
322,0.63194,,163,,-19.8
323,0.63415,,162.5,,-19.5
324,0.63636,,162,,-19.2
325,0.640566,,161.8,,-19
326,0.644772,,161.6,,-18.8
327,0.648978,,161.4,,-18.6
328,0.653184,,161.2,,-18.4
329,0.65739,,161,,-18.2
330,0.66142,,160.333,,-17.9333
331,0.66545,,159.667,,-17.6667
332,0.66948,,159,,-17.4
333,0.67361,,158.8,,-17.32
334,0.67774,,158.6,,-17.24
335,0.68187,,158.4,,-17.16
336,0.686,,158.2,,-17.08
337,0.69013,,158,,-17
338,0.693593,,158.167,,-16.8333
339,0.697057,,158.333,,-16.6667
340,0.70052,,158.5,,-16.5
341,0.703983,,158.667,,-16.3333
342,0.707447,,158.833,,-16.1667
343,0.71091,,159,,-16
344,0.715014,,159,,-15.8
345,0.719118,,159,,-15.6
346,0.723222,,159,,-15.4
347,0.727326,,159,,-15.2
348,0.73143,,159,,-15
349,0.735986,,159.4,,-14.84
350,0.740542,,159.8,,-14.68
351,0.745098,,160.2,,-14.52
352,0.749654,,160.6,,-14.36
353,0.75421,,161,,-14.2
354,0.75896,,165,,-14
355,0.763132,,165.4,,-13.76
356,0.767304,,165.8,,-13.52
357,0.771476,,166.2,,-13.28
358,0.775648,,166.6,,-13.04
359,0.77982,,167,,-12.8
360,0.782919,,167.429,,-14.1429
361,0.786017,,167.857,,-15.4857
362,0.789116,,168.286,,-16.8286
363,0.792214,,168.714,,-18.1714
364,0.795313,,169.143,,-19.5143
365,0.798411,,169.571,,-20.8571
366,0.80151,,170,,-22.2
367,0.805332,,170.333,,-23.2333
368,0.809153,,170.667,,-24.2667
369,0.812975,,171,,-25.3
370,0.816797,,171.333,,-26.3333
371,0.820618,,171.667,,-27.3667
372,0.82444,,172,,-28.4
373,0.827832,,172.167,,-28.7333
374,0.831223,,172.333,,-29.0667
375,0.834615,,172.5,,-29.4
376,0.838007,,172.667,,-29.7333
377,0.841398,,172.833,,-30.0667
378,0.84479,,173,,-30.4
379,0.849244,,172.6,,-30.84
380,0.853698,,172.2,,-31.28
381,0.858152,,171.8,,-31.72
382,0.862606,,171.4,,-32.16
383,0.86706,,171,,-32.6
384,0.870822,,170.25,,-32.75
385,0.874585,,169.5,,-32.9
386,0.878347,,168.75,,-33.05
387,0.88211,,168,,-33.2
388,0.885039,,168,,-33.4
389,0.887967,,168,,-33.6
390,0.890896,,168,,-33.8
391,0.893824,,168,,-34
392,0.896753,,168,,-34.2
393,0.899681,,168,,-34.4
394,0.90261,,168,,-34.6
395,0.905713,,168.143,,-34.4
396,0.908816,,168.286,,-34.2
397,0.911919,,168.429,,-34
398,0.915021,,168.571,,-33.8
399,0.918124,,168.714,,-33.6
400,0.921227,,168.857,,-33.4
401,0.92433,,169,,-33.2
402,0.927725,,169.167,,-32.7333
403,0.93112,,169.333,,-32.2667
404,0.934515,,169.5,,-31.8
405,0.93791,,169.667,,-31.3333
406,0.941305,,169.833,,-30.8667
407,0.9447,,170,,-30.4
408,0.967543,,170.667,,-28.6667
409,0.990387,,171.333,,-26.9333
410,1.01323,,172,,-25.2
411,1.01754,,172.2,,-26.32
412,1.02186,,172.4,,-27.44
413,1.02617,,172.6,,-28.56
414,1.03049,,172.8,,-29.68
415,1.0348,,173,,-30.8
416,1.0388,,173,,-32.2
417,1.04281,,173,,-33.6
418,1.04681,,173,,-35
419,1.05082,,173,,-36.4
420,1.05482,,173,,-37.8
421,1.0594,,172.6,,-38.84
422,1.06398,,172.2,,-39.88
423,1.06855,,171.8,,-40.92
424,1.07313,,171.4,,-41.96
425,1.07771,,171,,-43
426,1.08227,,171,,-43.52
427,1.08683,,171,,-44.04
428,1.09139,,171,,-44.56
429,1.09595,,171,,-45.08
430,1.10051,,171,,-45.6
431,1.10358,,170.714,,-45.7143
432,1.10666,,170.429,,-45.8286
433,1.10973,,170.143,,-45.9429
434,1.11281,,169.857,,-46.0571
435,1.11588,,169.571,,-46.1714
436,1.11896,,169.286,,-46.2857
437,1.12203,,169,,-46.4
438,1.1227,,167.75,,-46.35
439,1.12337,,166.5,,-46.3
440,1.12404,,165.25,,-46.25
441,1.12471,,164,,-46.2
442,1.12505,,163.333,,-45.9
443,1.12539,,162.667,,-45.6
444,1.12573,,162,,-45.3
445,1.12606,,161.333,,-45
446,1.1264,,160.667,,-44.7
447,1.12674,,160,,-44.4
448,1.12674,,157,,-44
449,1.12674,,157,,-44.2
450,1.12701,,156.5,,-43.3667
451,1.12729,,156,,-42.5333
452,1.12756,,155.5,,-41.7
453,1.12783,,155,,-40.8667
454,1.12811,,154.5,,-40.0333
455,1.12838,,154,,-39.2
456,1.12838,,151.5,,-38.2
457,1.12838,,149,,-37.2
458,1.12838,,147.5,,-36.3
459,1.12838,,146,,-35.4
460,1.12874,,146,,-34.9
461,1.12909,,146,,-34.4
462,1.12945,,146,,-33.9
463,1.12981,,146,,-33.4
464,1.13146,,144.667,,-32.4
465,1.1331,,143.333,,-31.4
466,1.13475,,142,,-30.4
467,1.1364,,141.667,,-29.8667
468,1.13806,,141.333,,-29.3333
469,1.13971,,141,,-28.8
470,1.14136,,140.667,,-28.2667
471,1.14302,,140.333,,-27.7333
472,1.14467,,140,,-27.2
473,1.14632,,139.667,,-26.6667
474,1.14798,,139.333,,-26.1333
475,1.14963,,139,,-25.6
476,1.1545,,142,,-25
477,1.15936,,145,,-24.4
478,1.16495,,145,,-23.8
479,1.17082,,145.5,,-23.5
480,1.17668,,146,,-23.2
481,1.18248,,147.5,,-22.6
482,1.18828,,149,,-22
483,1.19418,,151.5,,-21.5
484,1.20008,,154,,-21
485,1.20504,,156,,-20.8
486,1.20999,,158,,-20.6
487,1.21253,,158.667,,-20.2
488,1.21508,,159.333,,-19.8
489,1.21762,,160,,-19.4
490,1.21852,,159.857,,-19
491,1.21942,,159.714,,-18.6
492,1.22032,,159.571,,-18.2
493,1.22121,,159.429,,-17.8
494,1.22211,,159.286,,-17.4
495,1.22301,,159.143,,-17
496,1.22391,,159,,-16.6
497,1.22553,,158.4,,-16.16
498,1.22715,,157.8,,-15.72
499,1.22876,,157.2,,-15.28
500,1.23038,,156.6,,-14.84
501,1.232,,156,,-14.4
502,1.2368,,156.2,,-13.72
503,1.2416,,156.4,,-13.04
504,1.24641,,156.6,,-12.36
505,1.25121,,156.8,,-11.68
506,1.25601,,157,,-11
507,1.26124,,163,,-10.2
508,1.26633,,163,,-10
509,1.27175,,163,,-9.4
510,1.27726,,164,,-8.93333
511,1.28276,,165,,-8.46667
512,1.28827,,166,,-8
513,1.29239,,166,,-7.7
514,1.29651,,166,,-7.4
515,1.29878,,166,,-6.9
516,1.30105,,166,,-6.4
517,1.30311,,166,,-5.91429
518,1.30517,,166,,-5.42857
519,1.30723,,166,,-4.94286
520,1.3093,,166,,-4.45714
521,1.31136,,166,,-3.97143
522,1.31342,,166,,-3.48571
523,1.31548,,166,,-3
524,1.31628,,165,,-2.6
525,1.31685,,164.6,,-2.24
526,1.31742,,164.2,,-1.88
527,1.31799,,163.8,,-1.52
528,1.31856,,163.4,,-1.16
529,1.31913,,163,,-0.8
530,1.31928,,162.625,,-0.725
531,1.31943,,162.25,,-0.65
532,1.31958,,161.875,,-0.575
533,1.31973,,161.5,,-0.5
534,1.31987,,161.125,,-0.425
535,1.32002,,160.75,,-0.35
536,1.32017,,160.375,,-0.275
537,1.32032,,160,,-0.2
538,1.32051,,159.75,,-0.133333
539,1.3207,,159.5,,-0.0666667
540,1.32089,,159.25,,1.42109e-14
541,1.32108,,159,,0.0666667
542,1.32127,,158.75,,0.133333
543,1.32146,,158.5,,0.2
544,1.32164,,158.25,,0.266667
545,1.32183,,158,,0.333333
546,1.32202,,157.75,,0.4
547,1.32221,,157.5,,0.466667
548,1.3224,,157.25,,0.533333
549,1.32259,,157,,0.6
550,1.32259,,155.5,,0.5
551,1.32259,,154,,0.4
552,1.32286,,153.667,,0.4
553,1.32312,,153.333,,0.4
554,1.32339,,153,,0.4
555,1.32366,,152.667,,0.4
556,1.32392,,152.333,,0.4
557,1.32419,,152,,0.4
558,1.32446,,151.667,,0.4
559,1.32472,,151.333,,0.4
560,1.32499,,151,,0.4
561,1.32526,,150.75,,0.433333
562,1.32554,,150.5,,0.466667
563,1.32581,,150.25,,0.5
564,1.32608,,150,,0.533333
565,1.32636,,149.75,,0.566667
566,1.32663,,149.5,,0.6
567,1.3269,,149.25,,0.633333
568,1.32718,,149,,0.666667
569,1.32745,,148.75,,0.7
570,1.32772,,148.5,,0.733333
571,1.328,,148.25,,0.766667
572,1.32827,,148,,0.8
573,1.33224,,148.167,,0.8
574,1.33621,,148.333,,0.8
575,1.34018,,148.5,,0.8
576,1.34415,,148.667,,0.8
577,1.34812,,148.833,,0.8
578,1.35209,,149,,0.8
579,1.35803,,149,,0.6
580,1.36396,,149,,0.4
581,1.37021,,152,,0.4
582,1.37646,,155,,0.4
583,1.38249,,159,,0.4
584,1.38842,,163,,0.6
585,1.39403,,163,,0
586,1.39804,,163.4,,0.24
587,1.40205,,163.8,,0.48
588,1.40605,,164.2,,0.72
589,1.41006,,164.6,,0.96
590,1.41407,,165,,1.2
591,1.41599,,165.167,,1.45
592,1.4179,,165.333,,1.7
593,1.41982,,165.5,,1.95
594,1.42173,,165.667,,2.2
595,1.42365,,165.833,,2.45
596,1.42556,,166,,2.7
597,1.42748,,166.167,,2.95
598,1.42939,,166.333,,3.2
599,1.43131,,166.5,,3.45
600,1.43322,,166.667,,3.7
601,1.43514,,166.833,,3.95
602,1.43705,,167,,4.2
603,1.4426,,167.5,,4.4
604,1.44816,,168,,4.6
605,1.45371,,168.5,,4.8
606,1.45926,,169,,5
607,1.46444,,169.25,,5.25
608,1.46963,,169.5,,5.5
609,1.47481,,169.75,,5.75
610,1.48,,170,,6
611,1.48436,,170,,6
612,1.48672,,170,,6.5
613,1.48908,,170,,7
614,1.49143,,170,,7.5
615,1.49379,,170,,8
616,1.49488,,170.167,,8.16667
617,1.49596,,170.333,,8.33333
618,1.49705,,170.5,,8.5
619,1.49814,,170.667,,8.66667
620,1.49922,,170.833,,8.83333
621,1.50031,,171,,9
622,1.50127,,170,,9.1
623,1.50223,,169,,9.2
624,1.50308,,164,,9.2
625,1.50401,,161.5,,9.3
626,1.50494,,159,,9.4
627,1.50495,,156,,9.4
628,1.50495,,156,,9
629,1.50497,,154.5,,8.8
630,1.50499,,153,,8.6
631,1.50499,,150,,8.6
632,1.50499,,148,,8.7
633,1.50499,,146,,8.8
634,1.50521,,143,,8.8
635,1.50606,,143,,8.8
636,1.50646,,138,,8.6
637,1.50682,,136,,8.7
638,1.50717,,134,,8.8
639,1.50728,,133.2,,8.68
640,1.50739,,132.4,,8.56
641,1.50751,,131.6,,8.44
642,1.50762,,130.8,,8.32
643,1.50773,,130,,8.2
644,1.50786,,125.6,,8
645,1.508,,121.2,,7.8
646,1.50813,,116.8,,7.6
647,1.50827,,112.4,,7.4
648,1.5084,,108,,7.2
649,1.5084,,105,,6.8
650,1.50856,,102,,6.4
651,1.50856,,96,,6.2
652,1.50856,,89,,5.8
653,1.50856,,89,,5.4
654,1.50856,,86,,5.2
655,1.50877,,84.6667,,4.93333
656,1.50897,,83.3333,,4.66667
657,1.50918,,82,,4.4
658,1.50922,,81,,4.2
659,1.50925,,80,,4
660,1.50929,,79,,3.8
661,1.50938,,78.625,,3.7
662,1.50946,,78.25,,3.6
663,1.50955,,77.875,,3.5
664,1.50964,,77.5,,3.4
665,1.50972,,77.125,,3.3
666,1.50981,,76.75,,3.2
667,1.50989,,76.375,,3.1
668,1.50998,,76,,3
669,1.51013,,76.3,,3.02
670,1.51028,,76.6,,3.04
671,1.51043,,76.9,,3.06
672,1.51058,,77.2,,3.08
673,1.51073,,77.5,,3.1
674,1.51088,,77.8,,3.12
675,1.51103,,78.1,,3.14
676,1.51118,,78.4,,3.16
677,1.51133,,78.7,,3.18
678,1.51148,,79,,3.2
711,1.53348,,80,,4.8
712,1.53835,,80,,4.92
713,1.54321,,80,,5.04
714,1.54808,,80,,5.16
715,1.55294,,80,,5.28
716,1.55781,,80,,5.4
717,1.56222,,95,,5
718,1.56589,,95,,4.8
719,1.56911,,111,,5
720,1.57213,,112,,5.2
721,1.57399,,112.8,,5.4
722,1.57584,,113.6,,5.6
723,1.5777,,114.4,,5.8
724,1.57955,,115.2,,6
725,1.58141,,116,,6.2
726,1.58222,,116.5,,6.4
727,1.58302,,117,,6.6
728,1.58361,,118,,6.6
729,1.5842,,119,,6.6
730,1.58478,,120,,6.6
731,1.58537,,121,,6.6
732,1.58645,,121,,6.8
733,1.58753,,121,,7
734,1.58861,,121,,7.2
735,1.5897,,121,,7.4
736,1.59078,,121,,7.6
737,1.59186,,121,,7.8
738,1.59294,,121,,8
739,1.59402,,121,,8.2
740,1.59498,,120.75,,8.16667
741,1.59593,,120.5,,8.13333
742,1.59689,,120.25,,8.1
743,1.59785,,120,,8.06667
744,1.59881,,119.75,,8.03333
745,1.59977,,119.5,,8
746,1.60072,,119.25,,7.96667
747,1.60168,,119,,7.93333
748,1.60264,,118.75,,7.9
749,1.60359,,118.5,,7.86667
750,1.60455,,118.25,,7.83333
751,1.60551,,118,,7.8
752,1.6056,,118,,7.6
753,1.60677,,117.667,,7.86667
754,1.60794,,117.333,,8.13333
755,1.60911,,117,,8.4
756,1.61028,,116.667,,8.66667
757,1.61146,,116.333,,8.93333
758,1.61263,,116,,9.2
759,1.6138,,115.667,,9.46667
760,1.61497,,115.333,,9.73333
761,1.61614,,115,,10
762,1.62051,,115,,10.1333
763,1.62487,,115,,10.2667
764,1.62924,,115,,10.4
765,1.63478,,116,,10.7
766,1.64031,,117,,11
767,1.64585,,118,,11.3
768,1.65138,,119,,11.6
769,1.65707,,120,,11.8
770,1.66243,,124,,12
771,1.66731,,128,,12.6
772,1.67178,,132,,12.6
773,1.67551,,133,,13
774,1.6772,,135,,13.3333
775,1.6789,,137,,13.6667
776,1.68059,,139,,14
777,1.68156,,140.5,,14.7
778,1.68254,,142,,15.4
779,1.68352,,142.375,,15.575
780,1.68449,,142.75,,15.75
781,1.68547,,143.125,,15.925
782,1.68644,,143.5,,16.1
783,1.68742,,143.875,,16.275
784,1.6884,,144.25,,16.45
785,1.68937,,144.625,,16.625
786,1.69035,,145,,16.8
787,1.69368,,147,,16.9333
788,1.69701,,149,,17.0667
789,1.70034,,151,,17.2
790,1.70622,,151.75,,16.85
791,1.71211,,152.5,,16.5
792,1.71799,,153.25,,16.15
793,1.72387,,154,,15.8
794,1.72868,,154.75,,15.6
795,1.73349,,155.5,,15.4
796,1.7383,,156.25,,15.2
797,1.74311,,157,,15
798,1.74488,,157.333,,15.4
799,1.74664,,157.667,,15.8
800,1.74841,,158,,16.2
801,1.74944,,157.857,,15.9714
802,1.75047,,157.714,,15.7429
803,1.75149,,157.571,,15.5143
804,1.75252,,157.429,,15.2857
805,1.75355,,157.286,,15.0571
806,1.75458,,157.143,,14.8286
807,1.75561,,157,,14.6
808,1.75663,,156.857,,14.3714
809,1.75766,,156.714,,14.1429
810,1.75869,,156.571,,13.9143
811,1.75972,,156.429,,13.6857
812,1.76074,,156.286,,13.4571
813,1.76177,,156.143,,13.2286
814,1.7628,,156,,13
815,1.76412,,150,,12.8
816,1.76546,,144,,12.8
817,1.7668,,141.5,,12.7
818,1.76814,,139,,12.6
819,1.76963,,136,,12.4
820,1.77132,,133,,12.4
821,1.7733,,130,,12.4
822,1.77481,,130,,12.2
823,1.77599,,127,,12.4
824,1.7772,,125,,12.5
825,1.77841,,123,,12.6
826,1.77991,,121.5,,12.6
827,1.78142,,120,,12.6
828,1.78293,,119,,12.7333
829,1.78445,,118,,12.8667
830,1.78596,,117,,13
831,1.78717,,115.667,,13
832,1.78839,,114.333,,13
833,1.7896,,113,,13
834,1.79089,,111,,13
835,1.79215,,108,,13.2
836,1.79372,,103,,13.4
837,1.79528,,98,,13.6
838,1.79672,,97.3333,,13.8
839,1.79816,,96.6667,,14
840,1.7996,,96,,14.2
841,1.80103,,95.3333,,14.4
842,1.80247,,94.6667,,14.6
843,1.80391,,94,,14.8
844,1.80527,,92.5,,15
845,1.80663,,91,,15.2
846,1.80825,,90.5,,15.1
847,1.80987,,90,,15
848,1.81149,,89.5,,14.9
849,1.81311,,89,,14.8
850,1.81424,,89,,14.5
851,1.81536,,89,,14.2
852,1.81697,,88.5,,14.0667
853,1.81857,,88,,13.9333
854,1.82018,,87.5,,13.8
855,1.82178,,87,,13.6667
856,1.82339,,86.5,,13.5333
857,1.82499,,86,,13.4
858,1.82658,,86.2,,13.4
859,1.82817,,86.4,,13.4
860,1.82976,,86.6,,13.4
861,1.83135,,86.8,,13.4
862,1.83294,,87,,13.4
863,1.83463,,87,,13.45
864,1.83632,,87,,13.5
865,1.83802,,87,,13.55
866,1.83971,,87,,13.6
867,1.8414,,87,,13.65
868,1.84309,,87,,13.7
869,1.84479,,87,,13.75
870,1.84648,,87,,13.8
871,1.84817,,87,,13.85
872,1.84987,,87,,13.9
873,1.85156,,87,,13.95
874,1.85325,,87,,14
875,1.8545,,86.5556,,13.8667
876,1.85574,,86.1111,,13.7333
877,1.85699,,85.6667,,13.6
878,1.85823,,85.2222,,13.4667
879,1.85948,,84.7778,,13.3333
880,1.86072,,84.3333,,13.2
881,1.86197,,83.8889,,13.0667
882,1.86321,,83.4444,,12.9333
883,1.86446,,83,,12.8
884,1.86595,,82,,13
885,1.86749,,81.8462,,13.0615
886,1.86903,,81.6923,,13.1231
887,1.87057,,81.5385,,13.1846
888,1.87211,,81.3846,,13.2462
889,1.87365,,81.2308,,13.3077
890,1.87519,,81.0769,,13.3692
891,1.87672,,80.9231,,13.4308
892,1.87826,,80.7692,,13.4923
893,1.8798,,80.6154,,13.5538
894,1.88134,,80.4615,,13.6154
895,1.88288,,80.3077,,13.6769
896,1.88442,,80.1538,,13.7385
897,1.88596,,80,,13.8
898,1.88733,,79.8667,,13.6133
899,1.88871,,79.7333,,13.4267
900,1.89008,,79.6,,13.24
901,1.89146,,79.4667,,13.0533
902,1.89283,,79.3333,,12.8667
903,1.8942,,79.2,,12.68
904,1.89558,,79.0667,,12.4933
905,1.89695,,78.9333,,12.3067
906,1.89833,,78.8,,12.12
907,1.8997,,78.6667,,11.9333
908,1.90107,,78.5333,,11.7467
909,1.90245,,78.4,,11.56
910,1.90382,,78.2667,,11.3733
911,1.9052,,78.1333,,11.1867
912,1.90657,,78,,11
913,1.90768,,77.8,,10.48
914,1.90878,,77.6,,9.96
915,1.90989,,77.4,,9.44
916,1.91099,,77.2,,8.92
917,1.9121,,77,,8.4
918,1.913,,77,,7.93333
919,1.91391,,77,,7.46667
920,1.91481,,77,,7
921,1.91536,,76.9091,,6.61818
922,1.91591,,76.8182,,6.23636
923,1.91645,,76.7273,,5.85455
924,1.917,,76.6364,,5.47273
925,1.91755,,76.5455,,5.09091
926,1.9181,,76.4545,,4.70909
927,1.91865,,76.3636,,4.32727
928,1.9192,,76.2727,,3.94545
929,1.91974,,76.1818,,3.56364
930,1.92029,,76.0909,,3.18182
931,1.92084,,76,,2.8
932,1.92135,,75.6667,,2.51111
933,1.92186,,75.3333,,2.22222
934,1.92237,,75,,1.93333
935,1.92288,,74.6667,,1.64444
936,1.92339,,74.3333,,1.35556
937,1.9239,,74,,1.06667
938,1.92441,,73.6667,,0.777778
939,1.92492,,73.3333,,0.488889
940,1.92543,,73,,0.2
941,1.92593,,73.5,,0.0666667
942,1.92644,,74,,-0.0666667
943,1.92694,,74.5,,-0.2
944,1.92744,,75,,-0.333333
945,1.92795,,75.5,,-0.466667
946,1.92845,,76,,-0.6
947,1.92866,,76.5,,-0.925
948,1.92887,,77,,-1.25
949,1.92908,,77.5,,-1.575
950,1.92929,,78,,-1.9
951,1.9295,,78.5,,-2.225
952,1.92971,,79,,-2.55
953,1.92992,,79.5,,-2.875
954,1.93013,,80,,-3.2
955,1.93026,,84,,-3.4
956,1.93035,,84,,-3.6
957,1.93052,,84.5556,,-3.8
958,1.93068,,85.1111,,-4
959,1.93085,,85.6667,,-4.2
960,1.93102,,86.2222,,-4.4
961,1.93118,,86.7778,,-4.6
962,1.93135,,87.3333,,-4.8
963,1.93152,,87.8889,,-5
964,1.93168,,88.4444,,-5.2
965,1.93185,,89,,-5.4
966,1.93219,,89,,-5.8
967,1.93234,,89.2727,,-5.96364
968,1.93248,,89.5455,,-6.12727
969,1.93263,,89.8182,,-6.29091
970,1.93278,,90.0909,,-6.45455
971,1.93292,,90.3636,,-6.61818
972,1.93307,,90.6364,,-6.78182
973,1.93321,,90.9091,,-6.94545
974,1.93336,,91.1818,,-7.10909
975,1.93351,,91.4545,,-7.27273
976,1.93365,,91.7273,,-7.43636
977,1.9338,,92,,-7.6
978,1.93403,,91.8462,,-7.61538
979,1.93426,,91.6923,,-7.63077
980,1.93448,,91.5385,,-7.64615
981,1.93471,,91.3846,,-7.66154
982,1.93494,,91.2308,,-7.67692
983,1.93517,,91.0769,,-7.69231
984,1.93539,,90.9231,,-7.70769
985,1.93562,,90.7692,,-7.72308
986,1.93585,,90.6154,,-7.73846
987,1.93608,,90.4615,,-7.75385
988,1.9363,,90.3077,,-7.76923
989,1.93653,,90.1538,,-7.78462
990,1.93676,,90,,-7.8
991,1.94045,,89,,-7.93333
992,1.94415,,88,,-8.06667
993,1.94784,,87,,-8.2
994,1.95279,,89,,-8.65
995,1.95774,,91,,-9.1
996,1.96269,,93,,-9.55
997,1.96764,,95,,-10
998,1.97275,,95,,-10.2
999,1.9782,,97,,-10.1
1000,1.98365,,99,,-10
1001,1.9893,,99,,-9.7
1002,1.99494,,99,,-9.4
1003,2.00054,,99,,-9.2
1004,2.00632,,99.25,,-8.8
1005,2.01211,,99.5,,-8.4
1006,2.0179,,99.75,,-8
1007,2.02368,,100,,-7.6
1008,2.02904,,100.5,,-7.2
1009,2.03441,,101,,-6.8
1010,2.03977,,101.5,,-6.4
1011,2.04513,,102,,-6
1012,2.0496,,103,,-5.4
1013,2.05457,,104.333,,-4.73333
1014,2.05953,,105.667,,-4.06667
1015,2.0645,,107,,-3.4
1016,2.07005,,108.5,,-2.9
1017,2.07561,,110,,-2.4
1018,2.08098,,115,,-1.4
1019,2.08634,,119,,-0.8
1020,2.09165,,119.25,,0.05
1021,2.09696,,119.5,,0.9
1022,2.10228,,119.75,,1.75
1023,2.10759,,120,,2.6
1024,2.11278,,123,,3.6
1025,2.11786,,125,,4.2
1026,2.12294,,127,,4.8
1027,2.12833,,127.333,,5.13333
1028,2.13372,,127.667,,5.46667
1029,2.13911,,128,,5.8
1030,2.14452,,133,,6
1031,2.14967,,133,,6
1032,2.15466,,134,,6.05
1033,2.15965,,135,,6.1
1034,2.16464,,136,,6.15
1035,2.16963,,137,,6.2
1036,2.17449,,137.2,,5.8
1037,2.17935,,137.4,,5.4
1038,2.18421,,137.6,,5
1039,2.18907,,137.8,,4.6
1040,2.19393,,138,,4.2
1041,2.19871,,139.5,,3.4
1042,2.20349,,141,,2.6
1043,2.20846,,141.4,,2.56
1044,2.21342,,141.8,,2.52
1045,2.21839,,142.2,,2.48
1046,2.22335,,142.6,,2.44
1047,2.22832,,143,,2.4
1048,2.23341,,143,,2.2
1049,2.2385,,143,,2
1050,2.24359,,143,,1.8
1051,2.24868,,143,,1.6
1052,2.25411,,143,,1.2
1053,2.25951,,142,,1.33333
1054,2.26491,,141,,1.46667
1055,2.27031,,140,,1.6
1056,2.27537,,140,,1.4
1057,2.28027,,138.667,,0.533333
1058,2.28516,,137.333,,-0.333333
1059,2.29006,,136,,-1.2
1060,2.29504,,135,,-1.2
1061,2.30045,,135.667,,-0.533333
1062,2.30587,,136.333,,0.133333
1063,2.31128,,137,,0.8
1064,2.31641,,139.5,,0.9
1065,2.32154,,142,,1
1066,2.32715,,143,,1.4
1067,2.33171,,143.25,,0.35
1068,2.33628,,143.5,,-0.7
1069,2.34084,,143.75,,-1.75
1070,2.3454,,144,,-2.8
1071,2.35007,,144.2,,-2.68
1072,2.35474,,144.4,,-2.56
1073,2.3594,,144.6,,-2.44
1074,2.36407,,144.8,,-2.32
1075,2.36874,,145,,-2.2
1076,2.37327,,145.2,,-2.24
1077,2.3778,,145.4,,-2.28
1078,2.38233,,145.6,,-2.32
1079,2.38686,,145.8,,-2.36
1080,2.39139,,146,,-2.4
1081,2.39642,,146,,-2.4
1082,2.40145,,146,,-2.4
1083,2.40649,,146,,-2.4
1084,2.41152,,146,,-2.4
1085,2.41681,,149,,-2.8
1086,2.422,,149,,-2.6
1087,2.4272,,149,,-2.4
1088,2.43256,,150,,-2.4
1089,2.43787,,150.5,,-1.9
1090,2.44319,,151,,-1.4
1091,2.4485,,151.5,,-0.9
1092,2.45381,,152,,-0.4
1093,2.45923,,152,,0.0666667
1094,2.46465,,152,,0.533333
1095,2.47007,,152,,1
1096,2.4754,,152,,1.55
1097,2.48074,,152,,2.1
1098,2.48607,,152,,2.65
1099,2.4914,,152,,3.2
1100,2.49665,,152,,3.45
1101,2.50189,,152,,3.7
1102,2.50714,,152,,3.95
1103,2.51238,,152,,4.2
1104,2.51743,,152.25,,4.35
1105,2.52247,,152.5,,4.5
1106,2.52752,,152.75,,4.65
1107,2.53256,,153,,4.8
1108,2.53733,,154,,5.4
1109,2.53996,,153.6,,5.28
1110,2.54259,,153.2,,5.16
1111,2.54523,,152.8,,5.04
1112,2.54786,,152.4,,4.92
1113,2.55049,,152,,4.8
1114,2.55166,,152,,4.4
1115,2.55283,,152,,4
1116,2.55371,,151.7,,3.86
1117,2.55458,,151.4,,3.72
1118,2.55546,,151.1,,3.58
1119,2.55634,,150.8,,3.44
1120,2.55722,,150.5,,3.3
1121,2.55809,,150.2,,3.16
1122,2.55897,,149.9,,3.02
1123,2.55985,,149.6,,2.88
1124,2.56072,,149.3,,2.74
1125,2.5616,,149,,2.6
1126,2.56266,,148.4,,2.48
1127,2.56372,,147.8,,2.36
1128,2.56477,,147.2,,2.24
1129,2.56583,,146.6,,2.12
1130,2.56689,,146,,2
1131,2.56808,,143.5,,2.2
1132,2.56928,,141,,2.4
1133,2.57063,,140,,2.4
1134,2.57197,,139,,2.4
1135,2.57332,,138,,2.4
1136,2.57498,,137,,2.4
1137,2.57663,,136,,2.4
1138,2.57829,,135,,2.4
1139,2.57959,,134.5,,2.43333
1140,2.5809,,134,,2.46667
1141,2.58221,,133.5,,2.5
1142,2.58351,,133,,2.53333
1143,2.58482,,132.5,,2.56667
1144,2.58612,,132,,2.6
1145,2.5873,,131.4,,2.56
1146,2.58849,,130.8,,2.52
1147,2.58967,,130.2,,2.48
1148,2.59086,,129.6,,2.44
1149,2.59204,,129,,2.4
1150,2.59296,,127,,2.3
1151,2.59389,,125,,2.2
1152,2.59503,,123.8,,2.12
1153,2.59616,,122.6,,2.04
1154,2.5973,,121.4,,1.96
1155,2.59843,,120.2,,1.88
1156,2.59957,,119,,1.8
1157,2.60068,,117,,1.7
1158,2.60179,,115,,1.6
1159,2.60341,,115,,1.53333
1160,2.60504,,115,,1.46667
1161,2.60666,,115,,1.4
1162,2.60832,,114,,1.4
1163,2.60999,,113,,1.4
1164,2.61165,,112,,1.4
1165,2.61293,,111,,1.4
1166,2.61422,,110,,1.4
1167,2.6155,,109,,1.4
1168,2.61716,,107,,1.3
1169,2.61883,,105,,1.2
1170,2.62018,,104.429,,1.25714
1171,2.62154,,103.857,,1.31429
1172,2.62289,,103.286,,1.37143
1173,2.62425,,102.714,,1.42857
1174,2.6256,,102.143,,1.48571
1175,2.62696,,101.571,,1.54286
1176,2.62831,,101,,1.6
1177,2.62954,,100.625,,1.7
1178,2.63077,,100.25,,1.8
1179,2.632,,99.875,,1.9
1180,2.63323,,99.5,,2
1181,2.63447,,99.125,,2.1
1182,2.6357,,98.75,,2.2
1183,2.63693,,98.375,,2.3
1184,2.63816,,98,,2.4
1185,2.63961,,97.9286,,2.25714
1186,2.64106,,97.8571,,2.11429
1187,2.64251,,97.7857,,1.97143
1188,2.64396,,97.7143,,1.82857
1189,2.64541,,97.6429,,1.68571
1190,2.64686,,97.5714,,1.54286
1191,2.64832,,97.5,,1.4
1192,2.64977,,97.4286,,1.25714
1193,2.65122,,97.3571,,1.11429
1194,2.65267,,97.2857,,0.971429
1195,2.65412,,97.2143,,0.828571
1196,2.65557,,97.1429,,0.685714
1197,2.65702,,97.0714,,0.542857
1198,2.65847,,97,,0.4
1199,2.66009,,95.5,,0.3
1200,2.6617,,94,,0.2
1201,2.66297,,93.8333,,-0.1
1202,2.66423,,93.6667,,-0.4
1203,2.66549,,93.5,,-0.7
1204,2.66676,,93.3333,,-1
1205,2.66803,,93.1667,,-1.3
1206,2.66929,,93,,-1.6
1207,2.67056,,92.8333,,-1.9
1208,2.67182,,92.6667,,-2.2
1209,2.67309,,92.5,,-2.5
1210,2.67435,,92.3333,,-2.8
1211,2.67562,,92.1667,,-3.1
1212,2.67688,,92,,-3.4
1213,2.67827,,91.9333,,-3.66667
1214,2.67966,,91.8667,,-3.93333
1215,2.68105,,91.8,,-4.2
1216,2.68245,,91.7333,,-4.46667
1217,2.68384,,91.6667,,-4.73333
1218,2.68523,,91.6,,-5
1219,2.68662,,91.5333,,-5.26667
1220,2.68801,,91.4667,,-5.53333
1221,2.6894,,91.4,,-5.8
1222,2.69079,,91.3333,,-6.06667
1223,2.69218,,91.2667,,-6.33333
1224,2.69358,,91.2,,-6.6
1225,2.69497,,91.1333,,-6.86667
1226,2.69636,,91.0667,,-7.13333
1227,2.69775,,91,,-7.4
1228,2.69895,,91.3333,,-7.84444
1229,2.70015,,91.6667,,-8.28889
1230,2.70135,,92,,-8.73333
1231,2.70255,,92.3333,,-9.17778
1232,2.70375,,92.6667,,-9.62222
1233,2.70495,,93,,-10.0667
1234,2.70615,,93.3333,,-10.5111
1235,2.70735,,93.6667,,-10.9556
1236,2.70855,,94,,-11.4
1237,2.71017,,94,,-11.65
1238,2.71178,,94,,-11.9
1239,2.7134,,94,,-12.15
1240,2.71502,,94,,-12.4
1241,2.71608,,94.3333,,-12.9667
1242,2.71714,,94.6667,,-13.5333
1243,2.71821,,95,,-14.1
1244,2.71927,,95.3333,,-14.6667
1245,2.72033,,95.6667,,-15.2333
1246,2.72139,,96,,-15.8
1247,2.72174,,95.75,,-15.9
1248,2.72209,,95.5,,-16
1249,2.72244,,95.25,,-16.1
1250,2.72279,,95,,-16.2
1251,2.72314,,94.75,,-16.3
1252,2.72349,,94.5,,-16.4
1253,2.72385,,94.25,,-16.5
1254,2.7242,,94,,-16.6
1255,2.72455,,93.75,,-16.7
1256,2.7249,,93.5,,-16.8
1257,2.72525,,93.25,,-16.9
1258,2.7256,,93,,-17
1259,2.72591,,92.85,,-17.15
1260,2.72621,,92.7,,-17.3
1261,2.72652,,92.55,,-17.45
1262,2.72682,,92.4,,-17.6
1263,2.72713,,92.25,,-17.75
1264,2.72743,,92.1,,-17.9
1265,2.72774,,91.95,,-18.05
1266,2.72804,,91.8,,-18.2
1267,2.72835,,91.65,,-18.35
1268,2.72865,,91.5,,-18.5
1269,2.72896,,91.35,,-18.65
1270,2.72926,,91.2,,-18.8
1271,2.72957,,91.05,,-18.95
1272,2.72987,,90.9,,-19.1
1273,2.73018,,90.75,,-19.25
1274,2.73048,,90.6,,-19.4
1275,2.73079,,90.45,,-19.55
1276,2.73109,,90.3,,-19.7
1277,2.7314,,90.15,,-19.85
1278,2.7317,,90,,-20
1279,2.73194,,90,,-20.4
1280,2.73543,,90,,-20.5
1281,2.73891,,90,,-20.6
1282,2.7424,,90,,-20.7
1283,2.74588,,90,,-20.8
1284,2.75119,,94,,-20.8
1285,2.75625,,97,,-20.4
1286,2.76161,,98.5,,-20.6
1287,2.76696,,100,,-20.8
1288,2.77238,,101.333,,-20.8
1289,2.7778,,102.667,,-20.8
1290,2.78322,,104,,-20.8
1291,2.78882,,105,,-20.2667
1292,2.79441,,106,,-19.7333
1293,2.80001,,107,,-19.2
1294,2.80543,,107.25,,-18.75
1295,2.81084,,107.5,,-18.3
1296,2.81625,,107.75,,-17.85
1297,2.82167,,108,,-17.4
1298,2.82716,,108.5,,-16.95
1299,2.83266,,109,,-16.5
1300,2.83816,,109.5,,-16.05
1301,2.84365,,110,,-15.6
1302,2.84896,,111.5,,-14.7
1303,2.85426,,113,,-13.8
1304,2.85958,,113,,-12.6
1305,2.86469,,113.5,,-11.7
1306,2.86979,,114,,-10.8
1307,2.8749,,114.5,,-9.9
1308,2.88001,,115,,-9
1309,2.88496,,115.4,,-8.04
1310,2.88991,,115.8,,-7.08
1311,2.89487,,116.2,,-6.12
1312,2.89982,,116.6,,-5.16
1313,2.90477,,117,,-4.2
1314,2.90992,,117.25,,-3.35
1315,2.91507,,117.5,,-2.5
1316,2.92021,,117.75,,-1.65
1317,2.92536,,118,,-0.8
1318,2.93044,,119,,0.133333
1319,2.93551,,120,,1.06667
1320,2.94059,,121,,2
1321,2.94528,,123,,2
1322,2.95032,,126,,2.4
1323,2.95512,,129,,2.8
1324,2.96,,130.5,,2.9
1325,2.96489,,132,,3
1326,2.96992,,133,,3
1327,2.97495,,134,,3
1328,2.97998,,135,,3
1329,2.98501,,136,,3
1330,2.99002,,136.25,,2.85
1331,2.99503,,136.5,,2.7
1332,3.00003,,136.75,,2.55
1333,3.00504,,137,,2.4
1334,3.01011,,137,,2.25
1335,3.01519,,137,,2.1
1336,3.02026,,137,,1.95
1337,3.02533,,137,,1.8
1338,3.02997,,137,,1
1339,3.03461,,137,,0.2
1340,3.03926,,137,,-0.6
1341,3.0439,,137,,-1.4
1342,3.04854,,137,,-2.2
1343,3.05314,,138.667,,-2.6
1344,3.05773,,140.333,,-3
1345,3.06233,,142,,-3.4
1346,3.06698,,146,,-3.4
1347,3.0717,,147,,-3.73333
1348,3.07641,,148,,-4.06667
1349,3.08113,,149,,-4.4
1350,3.08611,,149.25,,-4.2
1351,3.0911,,149.5,,-4
1352,3.09608,,149.75,,-3.8
1353,3.10107,,150,,-3.6
1354,3.10607,,151,,-3.55
1355,3.11106,,152,,-3.5
1356,3.11605,,153,,-3.45
1357,3.12105,,154,,-3.4
1358,3.12625,,154.5,,-3.2
1359,3.13145,,155,,-3
1360,3.13666,,155.5,,-2.8
1361,3.14186,,156,,-2.6
1362,3.14672,,156.5,,-2.7
1363,3.15158,,157,,-2.8
1364,3.15641,,156,,-2.6
1365,3.16124,,155,,-2.4
1366,3.16607,,154,,-2.2
1367,3.17069,,154,,-1.8
1368,3.17531,,154,,-1.4
1369,3.17994,,154,,-1
1370,3.18456,,154,,-0.6
1371,3.18918,,154,,-0.2
1372,3.19377,,153.6,,0.28
1373,3.19836,,153.2,,0.76
1374,3.20295,,152.8,,1.24
1375,3.20754,,152.4,,1.72
1376,3.21213,,152,,2.2
1377,3.21696,,156,,2.6
1378,3.22177,,159,,3.4
1379,3.22702,,159,,3.8
1380,3.23215,,159,,3.7
1381,3.23728,,159,,3.6
1382,3.2424,,159,,3.5
1383,3.24753,,159,,3.4
1384,3.25244,,159,,3.5
1385,3.25734,,159,,3.6
1386,3.26243,,159,,3.85
1387,3.26752,,159,,4.1
1388,3.27261,,159,,4.35
1389,3.2777,,159,,4.6
1390,3.28262,,159,,5.1
1391,3.28754,,159,,5.6
1392,3.29245,,159,,6.1
1393,3.29737,,159,,6.6
1394,3.30253,,159,,7.55
1395,3.30769,,159,,8.5
1396,3.31286,,159,,9.45
1397,3.31802,,159,,10.4
1398,3.32285,,159,,11.2
1399,3.32798,,158,,12.2
1400,3.33307,,159,,13
1401,3.33564,,158.875,,13.175
1402,3.33821,,158.75,,13.35
1403,3.34079,,158.625,,13.525
1404,3.34336,,158.5,,13.7
1405,3.34593,,158.375,,13.875
1406,3.34851,,158.25,,14.05
1407,3.35108,,158.125,,14.225
1408,3.35365,,158,,14.4
1409,3.35419,,157.4,,14.4
1410,3.35474,,156.8,,14.4
1411,3.35528,,156.2,,14.4
1412,3.35583,,155.6,,14.4
1413,3.35637,,155,,14.4
1414,3.35724,,154.7,,14.36
1415,3.35812,,154.4,,14.32
1416,3.35899,,154.1,,14.28
1417,3.35987,,153.8,,14.24
1418,3.36074,,153.5,,14.2
1419,3.36161,,153.2,,14.16
1420,3.36249,,152.9,,14.12
1421,3.36336,,152.6,,14.08
1422,3.36424,,152.3,,14.04
1423,3.36511,,152,,14
1424,3.36604,,151,,13.9333
1425,3.36698,,150,,13.8667
1426,3.36791,,149,,13.8
1427,3.36909,,148,,13.6
1428,3.37028,,147,,13.4
1429,3.37146,,146,,13.2
1430,3.37267,,145.636,,13.0909
1431,3.37388,,145.273,,12.9818
1432,3.37509,,144.909,,12.8727
1433,3.3763,,144.545,,12.7636
1434,3.37751,,144.182,,12.6545
1435,3.37872,,143.818,,12.5455
1436,3.37993,,143.455,,12.4364
1437,3.38114,,143.091,,12.3273
1438,3.38235,,142.727,,12.2182
1439,3.38356,,142.364,,12.1091
1440,3.38477,,142,,12
1441,3.38567,,137,,11.6
1442,3.38684,,130,,11.4
1443,3.38747,,127,,11.2
1444,3.38809,,124,,11
1445,3.3891,,123.25,,10.8
1446,3.39011,,122.5,,10.6
1447,3.39113,,121.75,,10.4
1448,3.39214,,121,,10.2
1449,3.39306,,120.4,,10.12
1450,3.39398,,119.8,,10.04
1451,3.3949,,119.2,,9.96
1452,3.39582,,118.6,,9.88
1453,3.39674,,118,,9.8
1454,3.39819,,117.625,,9.8
1455,3.39965,,117.25,,9.8
1456,3.4011,,116.875,,9.8
1457,3.40256,,116.5,,9.8
1458,3.40402,,116.125,,9.8
1459,3.40547,,115.75,,9.8
1460,3.40693,,115.375,,9.8
1461,3.40838,,115,,9.8
1462,3.4097,,112.667,,9.6
1463,3.41103,,110.333,,9.4
1464,3.41235,,108,,9.2
1465,3.41355,,107.923,,8.90769
1466,3.41475,,107.846,,8.61538
1467,3.41595,,107.769,,8.32308
1468,3.41714,,107.692,,8.03077
1469,3.41834,,107.615,,7.73846
1470,3.41954,,107.538,,7.44615
1471,3.42074,,107.462,,7.15385
1472,3.42194,,107.385,,6.86154
1473,3.42314,,107.308,,6.56923
1474,3.42433,,107.231,,6.27692
1475,3.42553,,107.154,,5.98462
1476,3.42673,,107.077,,5.69231
1477,3.42793,,107,,5.4
1478,3.42917,,105.5,,5.1
1479,3.43041,,104,,4.8
1480,3.43197,,104,,4.6
1481,3.43353,,104,,4.4
1482,3.43491,,102,,4.2
1483,3.43617,,101.857,,3.97143
1484,3.43743,,101.714,,3.74286
1485,3.43869,,101.571,,3.51429
1486,3.43994,,101.429,,3.28571
1487,3.4412,,101.286,,3.05714
1488,3.44246,,101.143,,2.82857
1489,3.44372,,101,,2.6
1490,3.44442,,100,,2.4
1491,3.44512,,99,,2.2
1492,3.44582,,98,,2
1493,3.44708,,97.7857,,1.72857
1494,3.44834,,97.5714,,1.45714
1495,3.4496,,97.3571,,1.18571
1496,3.45086,,97.1429,,0.914286
1497,3.45212,,96.9286,,0.642857
1498,3.45338,,96.7143,,0.371429
1499,3.45464,,96.5,,0.1
1500,3.4559,,96.2857,,-0.171429
1501,3.45716,,96.0714,,-0.442857
1502,3.45842,,95.8571,,-0.714286
1503,3.45968,,95.6429,,-0.985714
1504,3.46094,,95.4286,,-1.25714
1505,3.4622,,95.2143,,-1.52857
1506,3.46346,,95,,-1.8
1507,3.46468,,94.4,,-2.12
1508,3.4659,,93.8,,-2.44
1509,3.46711,,93.2,,-2.76
1510,3.46833,,92.6,,-3.08
1511,3.46955,,92,,-3.4
1512,3.47055,,92.375,,-3.55
1513,3.47155,,92.75,,-3.7
1514,3.47255,,93.125,,-3.85
1515,3.47354,,93.5,,-4
1516,3.47454,,93.875,,-4.15
1517,3.47554,,94.25,,-4.3
1518,3.47654,,94.625,,-4.45
1519,3.47754,,95,,-4.6
1520,3.47901,,95.1,,-4.96
1521,3.48048,,95.2,,-5.32
1522,3.48195,,95.3,,-5.68
1523,3.48342,,95.4,,-6.04
1524,3.48489,,95.5,,-6.4
1525,3.48635,,95.6,,-6.76
1526,3.48782,,95.7,,-7.12
1527,3.48929,,95.8,,-7.48
1528,3.49076,,95.9,,-7.84
1529,3.49223,,96,,-8.2
1530,3.4937,,96,,-8.43333
1531,3.49517,,96,,-8.66667
1532,3.49665,,96,,-8.9
1533,3.49812,,96,,-9.13333
1534,3.49959,,96,,-9.36667
1535,3.50106,,96,,-9.6
1536,3.50238,,95.8333,,-9.8
1537,3.5037,,95.6667,,-10
1538,3.50502,,95.5,,-10.2
1539,3.50634,,95.3333,,-10.4
1540,3.50766,,95.1667,,-10.6
1541,3.50898,,95,,-10.8
1542,3.51029,,94.8333,,-11
1543,3.51161,,94.6667,,-11.2
1544,3.51293,,94.5,,-11.4
1545,3.51425,,94.3333,,-11.6
1546,3.51557,,94.1667,,-11.8
1547,3.51689,,94,,-12
1548,3.51744,,94.3333,,-12.1
1549,3.518,,94.6667,,-12.2
1550,3.51856,,95,,-12.3
1551,3.51911,,95.3333,,-12.4
1552,3.51967,,95.6667,,-12.5
1553,3.52022,,96,,-12.6
1554,3.52077,,96.3333,,-12.7
1555,3.52133,,96.6667,,-12.8
1556,3.52189,,97,,-12.9
1557,3.52244,,97.3333,,-13
1558,3.523,,97.6667,,-13.1
1559,3.52355,,98,,-13.2
1560,3.52366,,98.375,,-13.2
1561,3.52378,,98.75,,-13.2
1562,3.52389,,99.125,,-13.2
1563,3.524,,99.5,,-13.2
1564,3.52411,,99.875,,-13.2
1565,3.52422,,100.25,,-13.2
1566,3.52434,,100.625,,-13.2
1567,3.52445,,101,,-13.2
1568,3.52481,,101.273,,-13.1455
1569,3.52517,,101.545,,-13.0909
1570,3.52552,,101.818,,-13.0364
1571,3.52588,,102.091,,-12.9818
1572,3.52624,,102.364,,-12.9273
1573,3.5266,,102.636,,-12.8727
1574,3.52696,,102.909,,-12.8182
1575,3.52732,,103.182,,-12.7636
1576,3.52767,,103.455,,-12.7091
1577,3.52803,,103.727,,-12.6545
1578,3.52839,,104,,-12.6
1579,3.52882,,105.5,,-12.6
1580,3.52925,,107,,-12.6
1581,3.53022,,108.333,,-12.5333
1582,3.53119,,109.667,,-12.4667
1583,3.53216,,111,,-12.4
1584,3.53788,,115,,-12.4
1585,3.54313,,115,,-12.2
1586,3.54883,,115,,-12.2
1587,3.55471,,116.25,,-12.05
1588,3.5606,,117.5,,-11.9
1589,3.56648,,118.75,,-11.75
1590,3.57236,,120,,-11.6
1591,3.57812,,120,,-11.2
1592,3.58376,,134,,-10.8
1593,3.58933,,136,,-10.4
1594,3.5949,,138,,-10
1595,3.60043,,140.5,,-9.7
1596,3.60596,,143,,-9.4
1597,3.61145,,144.667,,-8.8
1598,3.61693,,146.333,,-8.2
1599,3.62242,,148,,-7.6
1600,3.62779,,148.5,,-7.3
1601,3.63317,,149,,-7
1602,3.63855,,149.5,,-6.7
1603,3.64392,,150,,-6.4
1604,3.64934,,151,,-5.8
1605,3.65475,,152,,-5.2
1606,3.66017,,153,,-4.6
1607,3.66556,,154.5,,-3.7
1608,3.67095,,156,,-2.8
1609,3.67632,,157,,-2.26667
1610,3.6817,,158,,-1.73333
1611,3.68707,,159,,-1.2
1612,3.69274,,163,,0
1613,3.69814,,164,,1
1614,3.70368,,165,,2.06667
1615,3.70923,,166,,3.13333
1616,3.71477,,167,,4.2
1617,3.71952,,167.5,,4.95
1618,3.72426,,168,,5.7
1619,3.729,,168.5,,6.45
1620,3.73375,,169,,7.2
1621,3.73862,,170,,7.3
1622,3.74348,,171,,7.4
1623,3.74804,,172,,7.46667
1624,3.75261,,173,,7.53333
1625,3.75717,,174,,7.6
1626,3.76178,,176,,7.7
1627,3.7664,,178,,7.8
1628,3.77104,,178,,7.6
1629,3.77553,,180,,8
1630,3.78042,,180.4,,8
1631,3.78531,,180.8,,8
1632,3.79021,,181.2,,8
1633,3.7951,,181.6,,8
1634,3.79999,,182,,8
1635,3.80461,,182.5,,7.5
1636,3.80922,,183,,7
1637,3.81392,,184,,7
1638,3.81866,,184.75,,6.6
1639,3.8234,,185.5,,6.2
1640,3.82813,,186.25,,5.8
1641,3.83287,,187,,5.4
1642,3.83804,,187.5,,5.4
1643,3.84321,,188,,5.4
1644,3.84838,,188.5,,5.4
1645,3.85355,,189,,5.4
1646,3.85866,,189,,5.13333
1647,3.86377,,189,,4.86667
1648,3.86888,,189,,4.6
1649,3.87408,,189,,4
1650,3.87918,,189,,4.1
1651,3.88428,,189,,4.2
1652,3.88938,,189,,4.3
1653,3.89448,,189,,4.4
1654,3.89949,,189.25,,4.55
1655,3.90451,,189.5,,4.7
1656,3.90952,,189.75,,4.85
1657,3.91453,,190,,5
1658,3.91951,,190,,4.8
1659,3.92448,,190,,4.6
1660,3.92956,,190.5,,4.4
1661,3.93463,,191,,4.2
1662,3.93908,,191.4,,3.92
1663,3.94353,,191.8,,3.64
1664,3.94798,,192.2,,3.36
1665,3.95243,,192.6,,3.08
1666,3.95688,,193,,2.8
1667,3.96184,,193.2,,2.8
1668,3.96681,,193.4,,2.8
1669,3.97177,,193.6,,2.8
1670,3.97674,,193.8,,2.8
1671,3.9817,,194,,2.8
1672,3.98653,,194,,2.93333
1673,3.99135,,194,,3.06667
1674,3.99618,,194,,3.2
1675,4.00116,,194,,3.2
1676,4.00656,,194.25,,3.5
1677,4.01196,,194.5,,3.8
1678,4.01736,,194.75,,4.1
1679,4.02276,,195,,4.4
1680,4.02806,,195,,4.8
1681,4.03316,,195,,5.2
1682,4.03818,,194.75,,5.4
1683,4.04321,,194.5,,5.6
1684,4.04824,,194.25,,5.8
1685,4.05326,,194,,6
1686,4.05859,,194,,6.26667
1687,4.06392,,194,,6.53333
1688,4.06925,,194,,6.8
1689,4.07426,,193.5,,7.05
1690,4.07927,,193,,7.3
1691,4.08428,,192.5,,7.55
1692,4.08929,,192,,7.8
1693,4.09414,,191,,8.2
1694,4.09918,,191,,8.75
1695,4.10422,,191,,9.3
1696,4.10925,,191,,9.85
1697,4.11429,,191,,10.4
1698,4.11947,,191,,11
1699,4.12453,,191,,11.6
1700,4.12959,,191,,12.2
1701,4.13187,,191.2,,12.28
1702,4.13415,,191.4,,12.36
1703,4.13642,,191.6,,12.44
1704,4.1387,,191.8,,12.52
1705,4.14098,,192,,12.6
1706,4.14162,,191.571,,12.5714
1707,4.14226,,191.143,,12.5429
1708,4.1429,,190.714,,12.5143
1709,4.14354,,190.286,,12.4857
1710,4.14418,,189.857,,12.4571
1711,4.14482,,189.429,,12.4286
1712,4.14546,,189,,12.4
1713,4.14658,,188.571,,12.3143
1714,4.1477,,188.143,,12.2286
1715,4.14882,,187.714,,12.1429
1716,4.14994,,187.286,,12.0571
1717,4.15106,,186.857,,11.9714
1718,4.15218,,186.429,,11.8857
1719,4.1533,,186,,11.8
1720,4.15437,,185.667,,11.6889
1721,4.15543,,185.333,,11.5778
1722,4.1565,,185,,11.4667
1723,4.15757,,184.667,,11.3556
1724,4.15863,,184.333,,11.2444
1725,4.1597,,184,,11.1333
1726,4.16077,,183.667,,11.0222
1727,4.16183,,183.333,,10.9111
1728,4.1629,,183,,10.8
1729,4.16395,,182.25,,10.75
1730,4.165,,181.5,,10.7
1731,4.16604,,180.75,,10.65
1732,4.16709,,180,,10.6
1733,4.16822,,179.4,,10.76
1734,4.16935,,178.8,,10.92
1735,4.17047,,178.2,,11.08
1736,4.1716,,177.6,,11.24
1737,4.17273,,177,,11.4
1738,4.17379,,176.25,,11.45
1739,4.17484,,175.5,,11.5
1740,4.17589,,174.75,,11.55
1741,4.17695,,174,,11.6
1742,4.17795,,173.667,,11.3667
1743,4.17896,,173.333,,11.1333
1744,4.17996,,173,,10.9
1745,4.18096,,172.667,,10.6667
1746,4.18197,,172.333,,10.4333
1747,4.18297,,172,,10.2
1748,4.18336,,171,,9.86667
1749,4.18374,,170,,9.53333
1750,4.18413,,169,,9.2
1751,4.18529,,168.667,,8.91111
1752,4.18646,,168.333,,8.62222
1753,4.18762,,168,,8.33333
1754,4.18878,,167.667,,8.04444
1755,4.18995,,167.333,,7.75556
1756,4.19111,,167,,7.46667
1757,4.19227,,166.667,,7.17778
1758,4.19344,,166.333,,6.88889
1759,4.1946,,166,,6.6
1760,4.1959,,165.5,,6.56667
1761,4.1972,,165,,6.53333
1762,4.1985,,164.5,,6.5
1763,4.19981,,164,,6.46667
1764,4.20111,,163.5,,6.43333
1765,4.20241,,163,,6.4
1766,4.20363,,162.571,,6.28571
1767,4.20486,,162.143,,6.17143
1768,4.20608,,161.714,,6.05714
1769,4.20731,,161.286,,5.94286
1770,4.20853,,160.857,,5.82857
1771,4.20976,,160.429,,5.71429
1772,4.21098,,160,,5.6
1773,4.21228,,159.769,,5.50769
1774,4.21358,,159.538,,5.41538
1775,4.21488,,159.308,,5.32308
1776,4.21619,,159.077,,5.23077
1777,4.21749,,158.846,,5.13846
1778,4.21879,,158.615,,5.04615
1779,4.22009,,158.385,,4.95385
1780,4.22139,,158.154,,4.86154
1781,4.22269,,157.923,,4.76923
1782,4.224,,157.692,,4.67692
1783,4.2253,,157.462,,4.58462
1784,4.2266,,157.231,,4.49231
1785,4.2279,,157,,4.4
1786,4.22912,,156.769,,4.18462
1787,4.23034,,156.538,,3.96923
1788,4.23156,,156.308,,3.75385
1789,4.23278,,156.077,,3.53846
1790,4.234,,155.846,,3.32308
1791,4.23522,,155.615,,3.10769
1792,4.23644,,155.385,,2.89231
1793,4.23766,,155.154,,2.67692
1794,4.23888,,154.923,,2.46154
1795,4.2401,,154.692,,2.24615
1796,4.24132,,154.462,,2.03077
1797,4.24254,,154.231,,1.81538
1798,4.24376,,154,,1.6
1799,4.24504,,154,,1.4
1800,4.24632,,154,,1.2
1801,4.24759,,154,,1
1802,4.24887,,154,,0.8
1803,4.25015,,154,,0.6
1804,4.25143,,154,,0.4
1805,4.2527,,154,,0.2
1806,4.25398,,154,,1.64313e-14
1807,4.25526,,154,,-0.2
1808,4.25654,,154,,-0.4
1809,4.25782,,154,,-0.6
1810,4.25909,,154,,-0.8
1811,4.26037,,154,,-1
1812,4.26165,,154,,-1.2
1813,4.26288,,153.727,,-1.49091
1814,4.26411,,153.455,,-1.78182
1815,4.26535,,153.182,,-2.07273
1816,4.26658,,152.909,,-2.36364
1817,4.26781,,152.636,,-2.65455
1818,4.26904,,152.364,,-2.94545
1819,4.27027,,152.091,,-3.23636
1820,4.2715,,151.818,,-3.52727
1821,4.27274,,151.545,,-3.81818
1822,4.27397,,151.273,,-4.10909
1823,4.2752,,151,,-4.4
1824,4.27664,,150.857,,-4.67143
1825,4.27809,,150.714,,-4.94286
1826,4.27953,,150.571,,-5.21429
1827,4.28097,,150.429,,-5.48571
1828,4.28241,,150.286,,-5.75714
1829,4.28386,,150.143,,-6.02857
1830,4.2853,,150,,-6.3
1831,4.28674,,149.857,,-6.57143
1832,4.28819,,149.714,,-6.84286
1833,4.28963,,149.571,,-7.11429
1834,4.29107,,149.429,,-7.38571
1835,4.29251,,149.286,,-7.65714
1836,4.29396,,149.143,,-7.92857
1837,4.2954,,149,,-8.2
1838,4.29663,,149.143,,-8.22857
1839,4.29787,,149.286,,-8.25714
1840,4.2991,,149.429,,-8.28571
1841,4.30034,,149.571,,-8.31429
1842,4.30157,,149.714,,-8.34286
1843,4.30281,,149.857,,-8.37143
1844,4.30404,,150,,-8.4
1845,4.30495,,150,,-8.6
1846,4.30587,,150,,-8.8
1847,4.30678,,150,,-9
1848,4.3077,,150,,-9.2
1849,4.30809,,150.15,,-9.2
1850,4.30847,,150.3,,-9.2
1851,4.30886,,150.45,,-9.2
1852,4.30925,,150.6,,-9.2
1853,4.30963,,150.75,,-9.2
1854,4.31002,,150.9,,-9.2
1855,4.31041,,151.05,,-9.2
1856,4.31079,,151.2,,-9.2
1857,4.31118,,151.35,,-9.2
1858,4.31156,,151.5,,-9.2
1859,4.31195,,151.65,,-9.2
1860,4.31234,,151.8,,-9.2
1861,4.31272,,151.95,,-9.2
1862,4.31311,,152.1,,-9.2
1863,4.3135,,152.25,,-9.2
1864,4.31388,,152.4,,-9.2
1865,4.31427,,152.55,,-9.2
1866,4.31466,,152.7,,-9.2
1867,4.31504,,152.85,,-9.2
1868,4.31543,,153,,-9.2
1869,4.31575,,153.158,,-9.30526
1870,4.31607,,153.316,,-9.41053
1871,4.31638,,153.474,,-9.51579
1872,4.3167,,153.632,,-9.62105
1873,4.31702,,153.789,,-9.72632
1874,4.31734,,153.947,,-9.83158
1875,4.31766,,154.105,,-9.93684
1876,4.31797,,154.263,,-10.0421
1877,4.31829,,154.421,,-10.1474
1878,4.31861,,154.579,,-10.2526
1879,4.31893,,154.737,,-10.3579
1880,4.31924,,154.895,,-10.4632
1881,4.31956,,155.053,,-10.5684
1882,4.31988,,155.211,,-10.6737
1883,4.3202,,155.368,,-10.7789
1884,4.32052,,155.526,,-10.8842
1885,4.32083,,155.684,,-10.9895
1886,4.32115,,155.842,,-11.0947
1887,4.32147,,156,,-11.2
1888,4.3217,,123,,-11.3
1889,4.32193,,90,,-11.4
1890,4.32222,,103,,-11.4
1891,4.32242,,96,,-11.4
1892,4.32257,,94.5,,-11.4
1893,4.32272,,93,,-11.4
1894,4.3233,,92,,-11.4
1895,4.32714,,93,,-11.3667
1896,4.33097,,94,,-11.3333
1897,4.33481,,95,,-11.3
1898,4.33865,,96,,-11.2667
1899,4.34248,,97,,-11.2333
1900,4.34632,,98,,-11.2
1901,4.35142,,118,,-11.2
1902,4.35636,,118,,-11
1903,4.36159,,119.5,,-10.8
1904,4.36681,,121,,-10.6
1905,4.37244,,124,,-10.2
1906,4.37806,,127,,-9.8
1907,4.38369,,130,,-9.4
1908,4.38929,,138,,-9.2
1909,4.39496,,142.5,,-8.7
1910,4.40062,,147,,-8.2
1911,4.40601,,153,,-7.8
1912,4.41156,,155,,-7.2
1913,4.41711,,157,,-6.6
1914,4.42237,,158.5,,-6.2
1915,4.42763,,160,,-5.8
1916,4.43279,,161,,-5.13333
1917,4.43796,,162,,-4.46667
1918,4.44312,,163,,-3.8
1919,4.44841,,167,,-3.2
1920,4.45366,,167.25,,-2.65
1921,4.45891,,167.5,,-2.1
1922,4.46416,,167.75,,-1.55
1923,4.46941,,168,,-1
1924,4.47457,,169,,-0.4
1925,4.47948,,172,,-0.2
1926,4.4847,,175,,0.4
1927,4.48978,,175.5,,0.65
1928,4.49486,,176,,0.9
1929,4.49994,,176.5,,1.15
1930,4.50502,,177,,1.4
1931,4.51011,,178,,1.4
1932,4.5152,,179,,1.4
1933,4.52029,,180,,1.4
1934,4.52541,,180,,1.4
1935,4.53055,,181.5,,1.8
1936,4.53568,,183,,2.2
1937,4.54053,,186,,2.5
1938,4.54538,,189,,2.8
1939,4.55022,,189,,2.8
1940,4.55477,,189.75,,2.5
1941,4.55933,,190.5,,2.2
1942,4.56388,,191.25,,1.9
1943,4.56843,,192,,1.6
1944,4.57335,,193,,1.26667
1945,4.57827,,194,,0.933333
1946,4.58319,,195,,0.6
1947,4.58804,,195.2,,0.44
1948,4.59288,,195.4,,0.28
1949,4.59773,,195.6,,0.12
1950,4.60257,,195.8,,-0.04
1951,4.60742,,196,,-0.2
1952,4.61259,,195.75,,-0.5
1953,4.61776,,195.5,,-0.8
1954,4.62293,,195.25,,-1.1
1955,4.6281,,195,,-1.4
1956,4.63349,,195,,-1.6
1957,4.63889,,195,,-1.8
1958,4.64404,,194,,-2.2
1959,4.64915,,194,,-1.95
1960,4.65426,,194,,-1.7
1961,4.65938,,194,,-1.45
1962,4.66449,,194,,-1.2
1963,4.66952,,194.25,,-1.45
1964,4.67455,,194.5,,-1.7
1965,4.67958,,194.75,,-1.95
1966,4.68461,,195,,-2.2
1967,4.6896,,199,,-2.2
1968,4.69446,,199.2,,-2.64
1969,4.69932,,199.4,,-3.08
1970,4.70419,,199.6,,-3.52
1971,4.70905,,199.8,,-3.96
1972,4.71391,,200,,-4.4
1973,4.71875,,200.25,,-4.35
1974,4.7236,,200.5,,-4.3
1975,4.72844,,200.75,,-4.25
1976,4.73328,,201,,-4.2
1977,4.7379,,200.8,,-4.76
1978,4.74252,,200.6,,-5.32
1979,4.74715,,200.4,,-5.88
1980,4.75177,,200.2,,-6.44
1981,4.75639,,200,,-7
1982,4.76137,,200,,-6.6
1983,4.7665,,199.5,,-5.95
1984,4.77163,,199,,-5.3
1985,4.77676,,198.5,,-4.65
1986,4.78189,,198,,-4
1987,4.78685,,198,,-3.8
1988,4.79172,,197.6,,-3.52
1989,4.7966,,197.2,,-3.24
1990,4.80147,,196.8,,-2.96
1991,4.80635,,196.4,,-2.68
1992,4.81122,,196,,-2.4
1993,4.81647,,189,,-2
1994,4.82174,,189,,-1.8
1995,4.82675,,188.6,,-1.52
1996,4.83176,,188.2,,-1.24
1997,4.83676,,187.8,,-0.96
1998,4.84177,,187.4,,-0.68
1999,4.84678,,187,,-0.4
2000,4.85174,,186,,-0.2
2001,4.85689,,185.25,,-0.1
2002,4.86204,,184.5,,0
2003,4.86719,,183.75,,0.1
2004,4.87234,,183,,0.2
2005,4.87739,,183,,0.35
2006,4.88244,,183,,0.5
2007,4.88749,,183,,0.65
2008,4.89254,,183,,0.8
2009,4.89741,,183,,1.16
2010,4.90228,,183,,1.52
2011,4.90714,,183,,1.88
2012,4.91201,,183,,2.24
2013,4.91688,,183,,2.6
2014,4.92198,,183,,2.8
2015,4.92579,,183,,3.1
2016,4.9296,,183,,3.4
2017,4.93081,,183,,3.4
2018,4.93203,,183,,3.4
2019,4.93324,,183,,3.4
2020,4.93446,,183,,3.4
2021,4.93567,,183,,3.4
2022,4.93567,,183,,3.2
2023,4.93582,,180.5,,2.7
2024,4.93597,,178,,2.2
2025,4.93608,,174,,1.8
2026,4.93629,,174,,1.4
2027,4.93643,,173,,1.25
2028,4.93657,,172,,1.1
2029,4.9367,,171,,0.95
2030,4.93684,,170,,0.8
2031,4.93692,,168.8,,0.64
2032,4.937,,167.6,,0.48
2033,4.93708,,166.4,,0.32
2034,4.93716,,165.2,,0.16
2035,4.93724,,164,,0
2036,4.93731,,161,,-0.2
2037,4.93733,,156,,-0.4
2038,4.93743,,153.5,,-0.6
2039,4.93752,,151,,-0.8
2040,4.93764,,149,,-1
2041,4.93775,,147,,-1.2
2042,4.93792,,145.667,,-1.26667
2043,4.93808,,144.333,,-1.33333
2044,4.93825,,143,,-1.4
2045,4.93879,,142.4,,-1.48
2046,4.93932,,141.8,,-1.56
2047,4.93986,,141.2,,-1.64
2048,4.94039,,140.6,,-1.72
2049,4.94093,,140,,-1.8
2050,4.94134,,139.625,,-1.875
2051,4.94175,,139.25,,-1.95
2052,4.94216,,138.875,,-2.025
2053,4.94257,,138.5,,-2.1
2054,4.94298,,138.125,,-2.175
2055,4.94339,,137.75,,-2.25
2056,4.9438,,137.375,,-2.325
2057,4.94421,,137,,-2.4
2058,4.94529,,135,,-2.33333
2059,4.94637,,133,,-2.26667
2060,4.94745,,131,,-2.2
2061,4.94851,,127,,-2.2
2062,4.94936,,127,,-2.2
2063,4.95063,,127,,-2.16
2064,4.9519,,127,,-2.12
2065,4.95317,,127,,-2.08
2066,4.95444,,127,,-2.04
2067,4.95571,,127,,-2
2068,4.95729,,127,,-2.06667
2069,4.95886,,127,,-2.13333
2070,4.96044,,127,,-2.2
2071,4.9614,,127,,-2.1
2072,4.96236,,127,,-2
2073,4.96396,,126.6,,-1.92
2074,4.96555,,126.2,,-1.84
2075,4.96715,,125.8,,-1.76
2076,4.96874,,125.4,,-1.68
2077,4.97034,,125,,-1.6
2078,4.97275,,124.556,,-1.42222
2079,4.97515,,124.111,,-1.24444
2080,4.97756,,123.667,,-1.06667
2081,4.97996,,123.222,,-0.888889
2082,4.98237,,122.778,,-0.711111
2083,4.98477,,122.333,,-0.533333
2084,4.98718,,121.889,,-0.355556
2085,4.98958,,121.444,,-0.177778
2086,4.99199,,121,,0
2087,4.99467,,113,,0
2088,4.99768,,113,,0
2089,5.00002,,113,,-0.0222222
2090,5.00237,,113,,-0.0444444
2091,5.00471,,113,,-0.0666667
2092,5.00706,,113,,-0.0888889
2093,5.0094,,113,,-0.111111
2094,5.01175,,113,,-0.133333
2095,5.01409,,113,,-0.155556
2096,5.01644,,113,,-0.177778
2097,5.01878,,113,,-0.2
2098,5.02018,,112.667,,-0.266667
2099,5.02158,,112.333,,-0.333333
2100,5.02298,,112,,-0.4
2101,5.02438,,111.667,,-0.466667
2102,5.02578,,111.333,,-0.533333
2103,5.02719,,111,,-0.6
2104,5.02859,,110.667,,-0.666667
2105,5.02999,,110.333,,-0.733333
2106,5.03139,,110,,-0.8
2107,5.03279,,109.667,,-0.866667
2108,5.03419,,109.333,,-0.933333
2109,5.03559,,109,,-1
2110,5.03697,,108.4,,-1.16
2111,5.03834,,107.8,,-1.32
2112,5.03972,,107.2,,-1.48
2113,5.04109,,106.6,,-1.64
2114,5.04247,,106,,-1.8
2115,5.04381,,104.5,,-2
2116,5.04516,,103,,-2.2
2117,5.04616,,102.571,,-2.54286
2118,5.04715,,102.143,,-2.88571
2119,5.04815,,101.714,,-3.22857
2120,5.04914,,101.286,,-3.57143
2121,5.05014,,100.857,,-3.91429
2122,5.05113,,100.429,,-4.25714
2123,5.05213,,100,,-4.6
2124,5.0534,,99.5,,-4.9
2125,5.05467,,99,,-5.2
2126,5.05556,,98.5,,-5.55
2127,5.05645,,98,,-5.9
2128,5.05733,,97.5,,-6.25
2129,5.05822,,97,,-6.6
2130,5.05962,,96.75,,-6.7
2131,5.06102,,96.5,,-6.8
2132,5.06243,,96.25,,-6.9
2133,5.06383,,96,,-7
2134,5.06523,,95.75,,-7.1
2135,5.06663,,95.5,,-7.2
2136,5.06803,,95.25,,-7.3
2137,5.06943,,95,,-7.4
2138,5.07084,,94.75,,-7.5
2139,5.07224,,94.5,,-7.6
2140,5.07364,,94.25,,-7.7
2141,5.07504,,94,,-7.8
2142,5.07664,,94,,-7.9
2143,5.07824,,94,,-8
2144,5.07975,,93.9,,-8
2145,5.08126,,93.8,,-8
2146,5.08277,,93.7,,-8
2147,5.08428,,93.6,,-8
2148,5.0858,,93.5,,-8
2149,5.08731,,93.4,,-8
2150,5.08882,,93.3,,-8
2151,5.09033,,93.2,,-8
2152,5.09184,,93.1,,-8
2153,5.09335,,93,,-8
2154,5.09457,,93,,-8.2
2155,5.0958,,93,,-8.4
2156,5.09712,,92.8571,,-8.37143
2157,5.09843,,92.7143,,-8.34286
2158,5.09975,,92.5714,,-8.31429
2159,5.10107,,92.4286,,-8.28571
2160,5.10239,,92.2857,,-8.25714
2161,5.1037,,92.1429,,-8.22857
2162,5.10502,,92,,-8.2
2163,5.10663,,91.5,,-8.3
2164,5.10824,,91,,-8.4
2165,5.10937,,91,,-8.66
2166,5.1105,,91,,-8.92
2167,5.11163,,91,,-9.18
2168,5.11276,,91,,-9.44
2169,5.11389,,91,,-9.7
2170,5.11502,,91,,-9.96
2171,5.11615,,91,,-10.22
2172,5.11728,,91,,-10.48
2173,5.11841,,91,,-10.74
2174,5.11954,,91,,-11
2175,5.12066,,90.5,,-11.2
2176,5.12177,,90,,-11.4
2177,5.12234,,89.8667,,-11.4933
2178,5.12291,,89.7333,,-11.5867
2179,5.12347,,89.6,,-11.68
2180,5.12404,,89.4667,,-11.7733
2181,5.12461,,89.3333,,-11.8667
2182,5.12518,,89.2,,-11.96
2183,5.12575,,89.0667,,-12.0533
2184,5.12631,,88.9333,,-12.1467
2185,5.12688,,88.8,,-12.24
2186,5.12745,,88.6667,,-12.3333
2187,5.12802,,88.5333,,-12.4267
2188,5.12859,,88.4,,-12.52
2189,5.12915,,88.2667,,-12.6133
2190,5.12972,,88.1333,,-12.7067
2191,5.13029,,88,,-12.8
2192,5.13299,,89,,-12.8
2193,5.13568,,90,,-12.8
2194,5.13838,,91,,-12.8
2195,5.14384,,94,,-12.8
2196,5.14932,,95,,-12.8
2197,5.15454,,96.5,,-12.7
2198,5.15977,,98,,-12.6
2199,5.16523,,100,,-12.4
2200,5.17069,,102,,-12.2
2201,5.17624,,108,,-11.8
2202,5.1818,,108.5,,-11.55
2203,5.18736,,109,,-11.3
2204,5.19292,,109.5,,-11.05
2205,5.19848,,110,,-10.8
2206,5.20368,,110,,-10.6
2207,5.20926,,111,,-10.6
2208,5.21459,,111.5,,-10.35
2209,5.21992,,112,,-10.1
2210,5.22525,,112.5,,-9.85
2211,5.23058,,113,,-9.6
2212,5.23594,,123,,-9.2
2213,5.24064,,128,,-9
2214,5.24554,,130,,-8.5
2215,5.25045,,132,,-8
2216,5.25532,,136,,-7.4
2217,5.26067,,137,,-7
2218,5.26581,,137.25,,-6.4
2219,5.27095,,137.5,,-5.8
2220,5.27608,,137.75,,-5.2
2221,5.28122,,138,,-4.6
2222,5.28633,,140,,-4
2223,5.29143,,142,,-3.4
2224,5.29645,,143,,-3
2225,5.30148,,144,,-2.6
2226,5.3065,,145,,-2.2
2227,5.31174,,145.5,,-2
2228,5.31698,,146,,-1.8
2229,5.32222,,146.5,,-1.6
2230,5.32746,,147,,-1.4
2231,5.33252,,147.5,,-1.1
2232,5.33758,,148,,-0.8
2233,5.34258,,149,,-0.8
2234,5.34759,,150,,-0.8
2235,5.35259,,151,,-0.8
2236,5.3573,,151.4,,-1.04
2237,5.36201,,151.8,,-1.28
2238,5.36671,,152.2,,-1.52
2239,5.37142,,152.6,,-1.76
2240,5.37613,,153,,-2
2241,5.38119,,153.25,,-2.2
2242,5.38625,,153.5,,-2.4
2243,5.39132,,153.75,,-2.6
2244,5.39638,,154,,-2.8
2245,5.40129,,154.4,,-2.84
2246,5.4062,,154.8,,-2.88
2247,5.41112,,155.2,,-2.92
2248,5.41603,,155.6,,-2.96
2249,5.42094,,156,,-3
2250,5.42581,,156.4,,-3
2251,5.43068,,156.8,,-3
2252,5.43556,,157.2,,-3
2253,5.44043,,157.6,,-3
2254,5.4453,,158,,-3
2255,5.45053,,158,,-2.8
2256,5.45576,,158,,-2.6
2257,5.46098,,158,,-2.4
2258,5.46621,,158,,-2.2
2259,5.47139,,158,,-2.4
2260,5.47657,,158,,-2.6
2261,5.48171,,158.25,,-2.4
2262,5.48685,,158.5,,-2.2
2263,5.492,,158.75,,-2
2264,5.49714,,159,,-1.8
2265,5.50181,,159.4,,-1.44
2266,5.50649,,159.8,,-1.08
2267,5.51116,,160.2,,-0.72
2268,5.51584,,160.6,,-0.36
2269,5.52051,,161,,0
2270,5.52539,,161.2,,-0.16
2271,5.53026,,161.4,,-0.32
2272,5.53514,,161.6,,-0.48
2273,5.54001,,161.8,,-0.64
2274,5.54489,,162,,-0.8
2275,5.54928,,161.6,,-0.8
2276,5.55367,,161.2,,-0.8
2277,5.55805,,160.8,,-0.8
2278,5.56244,,160.4,,-0.8
2279,5.56683,,160,,-0.8
2280,5.57141,,160,,-1.04
2281,5.57599,,160,,-1.28
2282,5.58057,,160,,-1.52
2283,5.58515,,160,,-1.76
2284,5.58973,,160,,-2
2285,5.59476,,159.6,,-2.2
2286,5.59979,,159.2,,-2.4
2287,5.60482,,158.8,,-2.6
2288,5.60985,,158.4,,-2.8
2289,5.61488,,158,,-3
2290,5.62008,,158,,-3.06667
2291,5.62527,,158,,-3.13333
2292,5.63047,,158,,-3.2
2293,5.6356,,158,,-2.8
2294,5.64063,,157.75,,-2.5
2295,5.64565,,157.5,,-2.2
2296,5.65068,,157.25,,-1.9
2297,5.6557,,157,,-1.6
2298,5.66086,,157,,-1.35
2299,5.66602,,157,,-1.1
2300,5.67118,,157,,-0.85
2301,5.67634,,157,,-0.6
2302,5.68148,,157,,-0.2
2303,5.68657,,157.5,,1.42109e-14
2304,5.69166,,158,,0.2
2305,5.69675,,158.5,,0.4
2306,5.70184,,159,,0.6
2307,5.70686,,159.5,,0.9
2308,5.71187,,160,,1.2
2309,5.71712,,160.25,,1.6
2310,5.72236,,160.5,,2
2311,5.7276,,160.75,,2.4
2312,5.73285,,161,,2.8
2313,5.73594,,161.333,,2.73333
2314,5.73903,,161.667,,2.66667
2315,5.74212,,162,,2.6
2316,5.74287,,162,,2.4
2317,5.74362,,162,,2.2
2318,5.74436,,162,,2
2319,5.74511,,162,,1.8
2320,5.74586,,162,,1.6
2321,5.74659,,161.25,,1.7
2322,5.74732,,160.5,,1.8
2323,5.74805,,159.75,,1.9
2324,5.74878,,159,,2
2325,5.75054,,156,,2.05
2326,5.75231,,153,,2.1
2327,5.75408,,150,,2.15
2328,5.75584,,147,,2.2
2329,5.75746,,147,,2.2
2330,5.75844,,146.625,,2.3
2331,5.75942,,146.25,,2.4
2332,5.7604,,145.875,,2.5
2333,5.76138,,145.5,,2.6
2334,5.76237,,145.125,,2.7
2335,5.76335,,144.75,,2.8
2336,5.76433,,144.375,,2.9
2337,5.76531,,144,,3
2338,5.76651,,143,,3.1
2339,5.7677,,142,,3.2
2340,5.76889,,141,,3.3
2341,5.77009,,140,,3.4
2342,5.77112,,139.667,,3.33333
2343,5.77216,,139.333,,3.26667
2344,5.77319,,139,,3.2
2345,5.77458,,138.625,,3.275
2346,5.77597,,138.25,,3.35
2347,5.77735,,137.875,,3.425
2348,5.77874,,137.5,,3.5
2349,5.78013,,137.125,,3.575
2350,5.78152,,136.75,,3.65
2351,5.7829,,136.375,,3.725
2352,5.78429,,136,,3.8
2353,5.78576,,135,,3.86667
2354,5.78723,,134,,3.93333
2355,5.7887,,133,,4
2356,5.78985,,132,,4
2357,5.7907,,131,,4
2358,5.79156,,130,,4
2359,5.79241,,129,,4
2360,5.79385,,127.5,,4.1
2361,5.79528,,126,,4.2
2362,5.79629,,124,,4.2
2363,5.79731,,122,,4.2
2364,5.79835,,120.667,,4.26667
2365,5.79938,,119.333,,4.33333
2366,5.80042,,118,,4.4
2367,5.80172,,116.5,,4.5
2368,5.80302,,115,,4.6
2369,5.80421,,114.286,,4.68571
2370,5.8054,,113.571,,4.77143
2371,5.80659,,112.857,,4.85714
2372,5.80778,,112.143,,4.94286
2373,5.80897,,111.429,,5.02857
2374,5.81016,,110.714,,5.11429
2375,5.81135,,110,,5.2
2376,5.81275,,109.2,,5.32
2377,5.81416,,108.4,,5.44
2378,5.81556,,107.6,,5.56
2379,5.81697,,106.8,,5.68
2380,5.81837,,106,,5.8
2381,5.81941,,106,,5.8
2382,5.8207,,105.688,,5.8625
2383,5.82199,,105.375,,5.925
2384,5.82327,,105.063,,5.9875
2385,5.82456,,104.75,,6.05
2386,5.82585,,104.438,,6.1125
2387,5.82714,,104.125,,6.175
2388,5.82842,,103.813,,6.2375
2389,5.82971,,103.5,,6.3
2390,5.831,,103.188,,6.3625
2391,5.83229,,102.875,,6.425
2392,5.83357,,102.563,,6.4875
2393,5.83486,,102.25,,6.55
2394,5.83615,,101.938,,6.6125
2395,5.83744,,101.625,,6.675
2396,5.83872,,101.313,,6.7375
2397,5.84001,,101,,6.8
2398,5.84138,,100,,6.86667
2399,5.84275,,99,,6.93333
2400,5.84412,,98,,7
2401,5.84549,,97.6667,,7.04444
2402,5.84686,,97.3333,,7.08889
2403,5.84823,,97,,7.13333
2404,5.8496,,96.6667,,7.17778
2405,5.85098,,96.3333,,7.22222
2406,5.85235,,96,,7.26667
2407,5.85372,,95.6667,,7.31111
2408,5.85509,,95.3333,,7.35556
2409,5.85646,,95,,7.4
2410,5.85781,,95,,7.44
2411,5.85917,,95,,7.48
2412,5.86052,,95,,7.52
2413,5.86188,,95,,7.56
2414,5.86323,,95,,7.6
2415,5.86404,,94.75,,7.5
2416,5.86485,,94.5,,7.4
2417,5.86567,,94.25,,7.3
2418,5.86648,,94,,7.2
2419,5.868,,94,,7.3
2420,5.86952,,94,,7.4
2421,5.87104,,94,,7.5
2422,5.87256,,94,,7.6
2423,5.87392,,93.7143,,7.71429
2424,5.87528,,93.4286,,7.82857
2425,5.87664,,93.1429,,7.94286
2426,5.87799,,92.8571,,8.05714
2427,5.87935,,92.5714,,8.17143
2428,5.88071,,92.2857,,8.28571
2429,5.88207,,92,,8.4
2430,5.88341,,92.2727,,8.6
2431,5.88475,,92.5455,,8.8
2432,5.88609,,92.8182,,9
2433,5.88743,,93.0909,,9.2
2434,5.88877,,93.3636,,9.4
2435,5.89011,,93.6364,,9.6
2436,5.89145,,93.9091,,9.8
2437,5.89279,,94.1818,,10
2438,5.89413,,94.4545,,10.2
2439,5.89547,,94.7273,,10.4
2440,5.89681,,95,,10.6
2441,5.89811,,95,,10.7
2442,5.89942,,95,,10.8
2443,5.90073,,95,,10.9
2444,5.90203,,95,,11
2445,5.90281,,95.25,,10.95
2446,5.9036,,95.5,,10.9
2447,5.90438,,95.75,,10.85
2448,5.90516,,96,,10.8
2449,5.90652,,95.7273,,10.7818
2450,5.90789,,95.4545,,10.7636
2451,5.90925,,95.1818,,10.7455
2452,5.91061,,94.9091,,10.7273
2453,5.91197,,94.6364,,10.7091
2454,5.91334,,94.3636,,10.6909
2455,5.9147,,94.0909,,10.6727
2456,5.91606,,93.8182,,10.6545
2457,5.91742,,93.5455,,10.6364
2458,5.91879,,93.2727,,10.6182
2459,5.92015,,93,,10.6
2460,5.92093,,91.5,,10.6
2461,5.92171,,90,,10.6
2462,5.92307,,90.2,,10.36
2463,5.92443,,90.4,,10.12
2464,5.92579,,90.6,,9.88
2465,5.92715,,90.8,,9.64
2466,5.92851,,91,,9.4
2467,5.92895,,91.0769,,9.07692
2468,5.92939,,91.1538,,8.75385
2469,5.92983,,91.2308,,8.43077
2470,5.93027,,91.3077,,8.10769
2471,5.93071,,91.3846,,7.78462
2472,5.93115,,91.4615,,7.46154
2473,5.93158,,91.5385,,7.13846
2474,5.93202,,91.6154,,6.81538
2475,5.93246,,91.6923,,6.49231
2476,5.9329,,91.7692,,6.16923
2477,5.93334,,91.8462,,5.84615
2478,5.93378,,91.9231,,5.52308
2479,5.93422,,92,,5.2
2480,5.93917,,92.3333,,4.73333
2481,5.94411,,92.6667,,4.26667
2482,5.94906,,93,,3.8
2483,5.95494,,93.5,,3.55
2484,5.96082,,94,,3.3
2485,5.96669,,94.5,,3.05
2486,5.97257,,95,,2.8
2487,5.97798,,98.5,,2.5
2488,5.98339,,102,,2.2
2489,5.98858,,105,,1.8
2490,5.99372,,105,,1.6
2491,5.99894,,108,,1.4
2492,6.00418,,109.5,,1.3
2493,6.00942,,111,,1.2
2494,6.015,,112.333,,1.06667
2495,6.02058,,113.667,,0.933333
2496,6.02616,,115,,0.8
2497,6.03181,,125,,0.6
2498,6.03744,,128,,0.6
2499,6.04282,,129.5,,0.4
2500,6.04819,,131,,0.2
2501,6.05349,,132,,0.5
2502,6.05878,,133,,0.8
2503,6.06416,,136,,1.2
2504,6.06954,,139,,1.6
2505,6.07469,,140,,1.2
2506,6.08015,,142.5,,1.4
2507,6.08561,,145,,1.6
2508,6.09125,,146.333,,1.86667
2509,6.0969,,147.667,,2.13333
2510,6.10254,,149,,2.4
2511,6.10806,,152,,2.6
2512,6.11361,,152,,3
2513,6.11894,,152,,3.2
2514,6.12424,,152.5,,3.15
2515,6.12955,,153,,3.1
2516,6.13485,,153.5,,3.05
2517,6.14015,,154,,3
2518,6.14507,,154,,3
2519,6.15053,,154,,3.4
2520,6.15599,,154,,3.8
2521,6.16145,,154,,4.2
2522,6.16691,,154,,4.6
2523,6.17172,,154,,4.44
2524,6.17653,,154,,4.28
2525,6.18133,,154,,4.12
2526,6.18614,,154,,3.96
2527,6.19095,,154,,3.8
2528,6.19585,,154,,3.24
2529,6.20075,,154,,2.68
2530,6.20564,,154,,2.12
2531,6.21054,,154,,1.56
2532,6.21544,,154,,1
2533,6.22037,,154,,0.533333
2534,6.22529,,154,,0.0666667
2535,6.23022,,154,,-0.4
2536,6.23505,,154,,-1
2537,6.24028,,154.25,,-1.05
2538,6.24551,,154.5,,-1.1
2539,6.25074,,154.75,,-1.15
2540,6.25597,,155,,-1.2
2541,6.26114,,155,,-1
2542,6.2663,,155,,-0.8
2543,6.27166,,155,,-0.6
2544,6.27674,,155,,-0.7
2545,6.28182,,155,,-0.8
2546,6.2869,,155,,-0.9
2547,6.29198,,155,,-1
2548,6.29668,,155,,-0.6
2549,6.30147,,155,,-0.1
2550,6.30626,,155,,0.4
2551,6.31133,,155.25,,0.55
2552,6.3164,,155.5,,0.7
2553,6.32147,,155.75,,0.85
2554,6.32654,,156,,1
2555,6.33197,,156,,1
2556,6.3374,,156.25,,1.6
2557,6.34283,,156.5,,2.2
2558,6.34826,,156.75,,2.8
2559,6.35369,,157,,3.4
2560,6.35838,,157.4,,3.48
2561,6.36307,,157.8,,3.56
2562,6.36776,,158.2,,3.64
2563,6.37245,,158.6,,3.72
2564,6.37714,,159,,3.8
2565,6.38183,,159.4,,3.6
2566,6.38651,,159.8,,3.4
2567,6.3912,,160.2,,3.2
2568,6.39588,,160.6,,3
2569,6.40057,,161,,2.8
2570,6.40548,,161,,2.84
2571,6.41039,,161,,2.88
2572,6.41531,,161,,2.92
2573,6.42022,,161,,2.96
2574,6.42513,,161,,3
2575,6.43056,,161.333,,3.2
2576,6.43598,,161.667,,3.4
2577,6.44141,,162,,3.6
2578,6.4467,,162,,3.8
2579,6.45183,,162.25,,3.6
2580,6.45695,,162.5,,3.4
2581,6.46207,,162.75,,3.2
2582,6.4672,,163,,3
2583,6.47253,,163.5,,3.2
2584,6.47787,,164,,3.4
2585,6.4831,,164.5,,3.5
2586,6.48832,,165,,3.6
2587,6.49355,,165.5,,3.7
2588,6.49877,,166,,3.8
2589,6.50398,,166.25,,3.7
2590,6.50918,,166.5,,3.6
2591,6.51438,,166.75,,3.5
2592,6.51959,,167,,3.4
2593,6.52461,,167,,3.9
2594,6.52963,,167,,4.4
2595,6.53474,,169.667,,4.53333
2596,6.53984,,172.333,,4.66667
2597,6.54495,,175,,4.8
2598,6.54901,,175,,5.2
2599,6.55122,,175,,5
2600,6.55215,,175.167,,5.03333
2601,6.55309,,175.333,,5.06667
2602,6.55403,,175.5,,5.1
2603,6.55496,,175.667,,5.13333
2604,6.55589,,175.833,,5.16667
2605,6.55683,,176,,5.2
2606,6.55847,,176,,4.8
2607,6.5601,,176,,4.4
2608,6.56174,,176,,4
2609,6.56236,,174.8,,3.56
2610,6.56298,,173.6,,3.12
2611,6.5636,,172.4,,2.68
2612,6.56422,,171.2,,2.24
2613,6.56484,,170,,1.8
2614,6.56496,,170,,1.4
2615,6.5651,,168.5,,1
2616,6.56524,,167,,0.6
2617,6.56544,,165.5,,0.2
2618,6.56564,,164,,-0.2
2619,6.56595,,161,,-0.6
2620,6.56604,,158,,-1
2621,6.56614,,155,,-1.4
2622,6.56616,,153.5,,-1.7
2623,6.56618,,152,,-2
2624,6.56623,,150.5,,-2.1
2625,6.56629,,149,,-2.2
2626,6.56651,,148,,-2.33333
2627,6.56674,,147,,-2.46667
2628,6.56696,,146,,-2.6
2629,6.56809,,145.429,,-2.65714
2630,6.56921,,144.857,,-2.71429
2631,6.57034,,144.286,,-2.77143
2632,6.57147,,143.714,,-2.82857
2633,6.5726,,143.143,,-2.88571
2634,6.57372,,142.571,,-2.94286
2635,6.57485,,142,,-3
2636,6.57593,,141,,-3
2637,6.57712,,140.571,,-3.02857
2638,6.57831,,140.143,,-3.05714
2639,6.5795,,139.714,,-3.08571
2640,6.5807,,139.286,,-3.11429
2641,6.58189,,138.857,,-3.14286
2642,6.58308,,138.429,,-3.17143
2643,6.58427,,138,,-3.2
2644,6.58558,,132,,-3.2
2645,6.58695,,130.667,,-3.2
2646,6.58833,,129.333,,-3.2
2647,6.5897,,128,,-3.2
2648,6.59053,,125,,-3.2
2649,6.59189,,123.5,,-3.1
2650,6.59325,,122,,-3
2651,6.5949,,121.25,,-2.8
2652,6.59655,,120.5,,-2.6
2653,6.5982,,119.75,,-2.4
2654,6.59985,,119,,-2.2
2655,6.60104,,117.5,,-2
2656,6.60222,,116,,-1.8
2657,6.60354,,115.625,,-1.7
2658,6.60487,,115.25,,-1.6
2659,6.6062,,114.875,,-1.5
2660,6.60752,,114.5,,-1.4
2661,6.60884,,114.125,,-1.3
2662,6.61017,,113.75,,-1.2
2663,6.6115,,113.375,,-1.1
2664,6.61282,,113,,-1
2665,6.61418,,113.333,,-0.8
2666,6.61554,,113.667,,-0.6
2667,6.6169,,114,,-0.4
2668,6.61825,,113.571,,-0.342857
2669,6.61959,,113.143,,-0.285714
2670,6.62094,,112.714,,-0.228571
2671,6.62229,,112.286,,-0.171429
2672,6.62364,,111.857,,-0.114286
2673,6.62498,,111.429,,-0.0571429
2674,6.62633,,111,,0
2675,6.62774,,109,,0.1
2676,6.62914,,107,,0.2
2677,6.63072,,107,,0.2
2678,6.63199,,107,,0.4
2679,6.63327,,107,,0.6
2680,6.63454,,107,,0.8
2681,6.63577,,106.25,,0.95
2682,6.63699,,105.5,,1.1
2683,6.63822,,104.75,,1.25
2684,6.63945,,104,,1.4
2685,6.64107,,101,,1.6
2686,6.64243,,100.5,,1.63333
2687,6.64379,,100,,1.66667
2688,6.64515,,99.5,,1.7
2689,6.64651,,99,,1.73333
2690,6.64787,,98.5,,1.76667
2691,6.64923,,98,,1.8
2692,6.65071,,97.6667,,1.86667
2693,6.6522,,97.3333,,1.93333
2694,6.65368,,97,,2
2695,6.65482,,97,,2.1
2696,6.65597,,97,,2.2
2697,6.65714,,96.9444,,2.42222
2698,6.65832,,96.8889,,2.64444
2699,6.65949,,96.8333,,2.86667
2700,6.66067,,96.7778,,3.08889
2701,6.66184,,96.7222,,3.31111
2702,6.66301,,96.6667,,3.53333
2703,6.66419,,96.6111,,3.75556
2704,6.66536,,96.5556,,3.97778
2705,6.66654,,96.5,,4.2
2706,6.66771,,96.4444,,4.42222
2707,6.66888,,96.3889,,4.64444
2708,6.67006,,96.3333,,4.86667
2709,6.67123,,96.2778,,5.08889
2710,6.6724,,96.2222,,5.31111
2711,6.67358,,96.1667,,5.53333
2712,6.67475,,96.1111,,5.75556
2713,6.67593,,96.0556,,5.97778
2714,6.6771,,96,,6.2
2715,6.67848,,96,,6.33333
2716,6.67987,,96,,6.46667
2717,6.68125,,96,,6.6
2718,6.68264,,96,,6.73333
2719,6.68402,,96,,6.86667
2720,6.68541,,96,,7
2721,6.68679,,96,,7.13333
2722,6.68818,,96,,7.26667
2723,6.68956,,96,,7.4
2724,6.69095,,96,,7.53333
2725,6.69233,,96,,7.66667
2726,6.69372,,96,,7.8
2727,6.6951,,96,,7.93333
2728,6.69649,,96,,8.06667
2729,6.69787,,96,,8.2
2730,6.69951,,96,,8.4
2731,6.70115,,96,,8.6
2732,6.70279,,96,,8.8
2733,6.70402,,95.5,,8.76667
2734,6.70526,,95,,8.73333
2735,6.70649,,94.5,,8.7
2736,6.70772,,94,,8.66667
2737,6.70896,,93.5,,8.63333
2738,6.71019,,93,,8.6
2739,6.71145,,93,,8.4
2740,6.71271,,93,,8.2
2741,6.71397,,93,,8
2742,6.7152,,93.2857,,7.85714
2743,6.71643,,93.5714,,7.71429
2744,6.71766,,93.8571,,7.57143
2745,6.71889,,94.1429,,7.42857
2746,6.72012,,94.4286,,7.28571
2747,6.72135,,94.7143,,7.14286
2748,6.72258,,95,,7
2749,6.72365,,95,,6.6
2750,6.72495,,94.8571,,6.22857
2751,6.72625,,94.7143,,5.85714
2752,6.72755,,94.5714,,5.48571
2753,6.72884,,94.4286,,5.11429
2754,6.73014,,94.2857,,4.74286
2755,6.73144,,94.1429,,4.37143
2756,6.73274,,94,,4
2757,6.73396,,93.8824,,3.83529
2758,6.73519,,93.7647,,3.67059
2759,6.73641,,93.6471,,3.50588
2760,6.73764,,93.5294,,3.34118
2761,6.73886,,93.4118,,3.17647
2762,6.74009,,93.2941,,3.01176
2763,6.74131,,93.1765,,2.84706
2764,6.74254,,93.0588,,2.68235
2765,6.74376,,92.9412,,2.51765
2766,6.74499,,92.8235,,2.35294
2767,6.74621,,92.7059,,2.18824
2768,6.74744,,92.5882,,2.02353
2769,6.74866,,92.4706,,1.85882
2770,6.74989,,92.3529,,1.69412
2771,6.75111,,92.2353,,1.52941
2772,6.75234,,92.1176,,1.36471
2773,6.75356,,92,,1.2
2774,6.75477,,92,,1.075
2775,6.75599,,92,,0.95
2776,6.7572,,92,,0.825
2777,6.75842,,92,,0.7
2778,6.75963,,92,,0.575
2779,6.76084,,92,,0.45
2780,6.76206,,92,,0.325
2781,6.76327,,92,,0.2
2782,6.76438,,92,,-0.04
2783,6.76548,,92,,-0.28
2784,6.76659,,92,,-0.52
2785,6.76769,,92,,-0.76
2786,6.7688,,92,,-1
2787,6.77023,,92,,-1.25714
2788,6.77166,,92,,-1.51429
2789,6.77309,,92,,-1.77143
2790,6.77452,,92,,-2.02857
2791,6.77595,,92,,-2.28571
2792,6.77738,,92,,-2.54286
2793,6.77881,,92,,-2.8
2794,6.78025,,92,,-3.05714
2795,6.78168,,92,,-3.31429
2796,6.78311,,92,,-3.57143
2797,6.78454,,92,,-3.82857
2798,6.78597,,92,,-4.08571
2799,6.7874,,92,,-4.34286
2800,6.78883,,92,,-4.6
2801,6.79019,,91.5,,-4.65
2802,6.79155,,91,,-4.7
2803,6.7929,,90.5,,-4.75
2804,6.79426,,90,,-4.8
2805,6.79571,,90.1429,,-4.72857
2806,6.79715,,90.2857,,-4.65714
2807,6.7986,,90.4286,,-4.58571
2808,6.80004,,90.5714,,-4.51429
2809,6.80149,,90.7143,,-4.44286
2810,6.80293,,90.8571,,-4.37143
2811,6.80438,,91,,-4.3
2812,6.80583,,91.1429,,-4.22857
2813,6.80727,,91.2857,,-4.15714
2814,6.80872,,91.4286,,-4.08571
2815,6.81016,,91.5714,,-4.01429
2816,6.81161,,91.7143,,-3.94286
2817,6.81305,,91.8571,,-3.87143
2818,6.8145,,92,,-3.8
2819,6.81604,,90.5,,-3.6
2820,6.81758,,89,,-3.4
2821,6.81886,,89.1111,,-3.37778
2822,6.82015,,89.2222,,-3.35556
2823,6.82143,,89.3333,,-3.33333
2824,6.82271,,89.4444,,-3.31111
2825,6.824,,89.5556,,-3.28889
2826,6.82528,,89.6667,,-3.26667
2827,6.82656,,89.7778,,-3.24444
2828,6.82785,,89.8889,,-3.22222
2829,6.82913,,90,,-3.2
2830,6.83041,,90.4286,,-3.17143
2831,6.8317,,90.8571,,-3.14286
2832,6.83298,,91.2857,,-3.11429
2833,6.83427,,91.7143,,-3.08571
2834,6.83555,,92.1429,,-3.05714
2835,6.83684,,92.5714,,-3.02857
2836,6.83812,,93,,-3
2837,6.83943,,92.4,,-2.92
2838,6.84075,,91.8,,-2.84
2839,6.84206,,91.2,,-2.76
2840,6.84338,,90.6,,-2.68
2841,6.84469,,90,,-2.6
2842,6.84584,,90,,-2.55
2843,6.847,,90,,-2.5
2844,6.84816,,90,,-2.45
2845,6.84931,,90,,-2.4
2846,6.85045,,89,,-2.33333
2847,6.85159,,88,,-2.26667
2848,6.85273,,87,,-2.2
2849,6.85405,,86.75,,-2.25
2850,6.85537,,86.5,,-2.3
2851,6.85669,,86.25,,-2.35
2852,6.85801,,86,,-2.4
2853,6.85942,,86,,-2.4
2854,6.86086,,83,,-2.2
2855,6.86087,,83.5,,-2.3
2856,6.86088,,84,,-2.4
2857,6.86088,,89,,-2.4
2858,6.86114,,92,,-2.4
2859,6.8614,,92.75,,-2.4
2860,6.86167,,93.5,,-2.4
2861,6.86193,,94.25,,-2.4
2862,6.8622,,95,,-2.4
2863,6.86275,,95.3333,,-2.4
2864,6.86331,,95.6667,,-2.4
2865,6.86386,,96,,-2.4
2866,6.86814,,96.4,,-2.4
2867,6.87243,,96.8,,-2.4
2868,6.87671,,97.2,,-2.4
2869,6.881,,97.6,,-2.4
2870,6.88528,,98,,-2.4
2871,6.89113,,98.25,,-2.3
2872,6.89698,,98.5,,-2.2
2873,6.90282,,98.75,,-2.1
2874,6.90867,,99,,-2
2875,6.91428,,104.5,,-1.9
2876,6.91989,,110,,-1.8
2877,6.92586,,110,,-0.8
2878,6.93143,,112,,-0.2
2879,6.93701,,114,,0.4
2880,6.9427,,114.75,,0.65
2881,6.9484,,115.5,,0.9
2882,6.95409,,116.25,,1.15
2883,6.95978,,117,,1.4
2884,6.96509,,118,,1.66667
2885,6.97041,,119,,1.93333
2886,6.97572,,120,,2.2
2887,6.98118,,123,,3
2888,6.98633,,123,,3.2
2889,6.99137,,123,,3.3
2890,6.99641,,123,,3.4
2891,7.00146,,123,,3.5
2892,7.0065,,123,,3.6
2893,7.01152,,125,,3.3
2894,7.01654,,127,,3
2895,7.02184,,131,,3
2896,7.02701,,131.25,,2.55
2897,7.03217,,131.5,,2.1
2898,7.03734,,131.75,,1.65
2899,7.04251,,132,,1.2
2900,7.04761,,132.75,,0.65
2901,7.05272,,133.5,,0.1
2902,7.05782,,134.25,,-0.45
2903,7.06292,,135,,-1
2904,7.06796,,142,,-1
2905,7.07287,,142,,-1.4
2906,7.07784,,141,,-2.1
2907,7.08281,,140,,-2.8
2908,7.08778,,140,,-4
2909,7.09284,,139.75,,-4.45
2910,7.09789,,139.5,,-4.9
2911,7.10295,,139.25,,-5.35
2912,7.108,,139,,-5.8
2913,7.11289,,139,,-6.3
2914,7.11778,,139,,-6.8
2915,7.12252,,139,,-6.4
2916,7.12723,,139.2,,-6.4
2917,7.13195,,139.4,,-6.4
2918,7.13666,,139.6,,-6.4
2919,7.14138,,139.8,,-6.4
2920,7.14609,,140,,-6.4
2921,7.15093,,140.5,,-6.1
2922,7.15577,,141,,-5.8
2923,7.16072,,141.25,,-5.65
2924,7.16568,,141.5,,-5.5
2925,7.17063,,141.75,,-5.35
2926,7.17558,,142,,-5.2
2927,7.18074,,143.5,,-5.4
2928,7.1859,,145,,-5.6
2929,7.19062,,145,,-5.6
2930,7.19535,,145,,-5.6
2931,7.20007,,145,,-5.6
2932,7.2048,,145,,-5.6
2933,7.20952,,145,,-5.6
2934,7.21445,,145,,-5.6
2935,7.21927,,145,,-5.8
2936,7.22428,,145,,-5.53333
2937,7.2293,,145,,-5.26667
2938,7.23431,,145,,-5
2939,7.23935,,145.5,,-4.7
2940,7.24439,,146,,-4.4
2941,7.24943,,146.5,,-4.1
2942,7.25447,,147,,-3.8
2943,7.25985,,170,,-3.1
2944,7.26523,,193,,-2.4
2945,7.27028,,155,,-1.2
2946,7.27533,,172,,-0.4
2947,7.28027,,179,,0.4
2948,7.28506,,179,,0.6
2949,7.28969,,181,,1
2950,7.29452,,194,,2.2
2951,7.2993,,194,,2.8
2952,7.30411,,194,,3.6
2953,7.30906,,194.25,,4.3
2954,7.31401,,194.5,,5
2955,7.31896,,194.75,,5.7
2956,7.32391,,195,,6.4
2957,7.3292,,195,,6.85
2958,7.3345,,195,,7.3
2959,7.33979,,195,,7.75
2960,7.34509,,195,,8.2
2961,7.35025,,195.25,,8.2
2962,7.3554,,195.5,,8.2
2963,7.36055,,195.75,,8.2
2964,7.36571,,196,,8.2
2965,7.37112,,196,,9
2966,7.37268,,195.846,,9.30769
2967,7.37423,,195.692,,9.61538
2968,7.37579,,195.538,,9.92308
2969,7.37734,,195.385,,10.2308
2970,7.3789,,195.231,,10.5385
2971,7.38046,,195.077,,10.8462
2972,7.38201,,194.923,,11.1538
2973,7.38357,,194.769,,11.4615
2974,7.38513,,194.615,,11.7692
2975,7.38668,,194.462,,12.0769
2976,7.38824,,194.308,,12.3846
2977,7.38979,,194.154,,12.6923
2978,7.39135,,194,,13
2979,7.39208,,192.5,,13.1
2980,7.3928,,191,,13.2
2981,7.39377,,186,,12.8
2982,7.39444,,179,,12.8
2983,7.3951,,172,,12.8
2984,7.3959,,171.333,,13.0333
2985,7.3967,,170.667,,13.2667
2986,7.3975,,170,,13.5
2987,7.39831,,169.333,,13.7333
2988,7.39911,,168.667,,13.9667
2989,7.39991,,168,,14.2
2990,7.40097,,166.25,,14.45
2991,7.40203,,164.5,,14.7
2992,7.40308,,162.75,,14.95
2993,7.40414,,161,,15.2
2994,7.40555,,157,,15.2
2995,7.40693,,152,,15.2
2996,7.408,,151.25,,15.15
2997,7.40907,,150.5,,15.1
2998,7.41013,,149.75,,15.05
2999,7.4112,,149,,15
3000,7.41181,,146,,15
3001,7.41391,,142,,15
3002,7.41552,,138.5,,14.6
3003,7.41713,,135,,14.2
3004,7.4184,,132.5,,13.8
3005,7.41966,,130,,13.4
3006,7.42118,,129.2,,13.32
3007,7.4227,,128.4,,13.24
3008,7.42422,,127.6,,13.16
3009,7.42574,,126.8,,13.08
3010,7.42726,,126,,13
3011,7.42816,,125.2,,13.48
3012,7.42906,,124.4,,13.96
3013,7.42997,,123.6,,14.44
3014,7.43087,,122.8,,14.92
3015,7.43177,,122,,15.4
3016,7.43213,,121.25,,15.55
3017,7.43249,,120.5,,15.7
3018,7.43284,,119.75,,15.85
3019,7.4332,,119,,16
3020,7.43353,,117.5,,16
3021,7.43385,,116,,16
3022,7.43481,,115.4,,15.64
3023,7.43577,,114.8,,15.28
3024,7.43674,,114.2,,14.92
3025,7.4377,,113.6,,14.56
3026,7.43866,,113,,14.2
3027,7.43995,,112.429,,13.9143
3028,7.44125,,111.857,,13.6286
3029,7.44254,,111.286,,13.3429
3030,7.44383,,110.714,,13.0571
3031,7.44512,,110.143,,12.7714
3032,7.44642,,109.571,,12.4857
3033,7.44771,,109,,12.2
3034,7.44909,,106,,11.8
3035,7.45051,,105.667,,11.6889
3036,7.45194,,105.333,,11.5778
3037,7.45336,,105,,11.4667
3038,7.45478,,104.667,,11.3556
3039,7.45621,,104.333,,11.2444
3040,7.45763,,104,,11.1333
3041,7.45905,,103.667,,11.0222
3042,7.46048,,103.333,,10.9111
3043,7.4619,,103,,10.8
3044,7.46308,,100.5,,10.8
3045,7.46426,,98,,10.8
3046,7.46572,,96.5,,10.8
3047,7.46719,,95,,10.8
3048,7.468,,94.9167,,10.7167
3049,7.46881,,94.8333,,10.6333
3050,7.46963,,94.75,,10.55
3051,7.47044,,94.6667,,10.4667
3052,7.47125,,94.5833,,10.3833
3053,7.47206,,94.5,,10.3
3054,7.47287,,94.4167,,10.2167
3055,7.47368,,94.3333,,10.1333
3056,7.4745,,94.25,,10.05
3057,7.47531,,94.1667,,9.96667
3058,7.47612,,94.0833,,9.88333
3059,7.47693,,94,,9.8
3060,7.47801,,94.4286,,9.74286
3061,7.47908,,94.8571,,9.68571
3062,7.48016,,95.2857,,9.62857
3063,7.48124,,95.7143,,9.57143
3064,7.48232,,96.1429,,9.51429
3065,7.48339,,96.5714,,9.45714
3066,7.48447,,97,,9.4
3067,7.48551,,97.1111,,9.28889
3068,7.48655,,97.2222,,9.17778
3069,7.48759,,97.3333,,9.06667
3070,7.48863,,97.4444,,8.95556
3071,7.48967,,97.5556,,8.84444
3072,7.49071,,97.6667,,8.73333
3073,7.49175,,97.7778,,8.62222
3074,7.49279,,97.8889,,8.51111
3075,7.49383,,98,,8.4
3076,7.49498,,98,,8.6
3077,7.49613,,97.6,,8.46
3078,7.49728,,97.2,,8.32
3079,7.49844,,96.8,,8.18
3080,7.49959,,96.4,,8.04
3081,7.50074,,96,,7.9
3082,7.50189,,95.6,,7.76
3083,7.50304,,95.2,,7.62
3084,7.5042,,94.8,,7.48
3085,7.50535,,94.4,,7.34
3086,7.5065,,94,,7.2
3087,7.50793,,89,,7.4
3088,7.50868,,87.5,,7.4
3089,7.50942,,86,,7.4
3090,7.51041,,86,,7.3
3091,7.5114,,86,,7.2
3092,7.51208,,87,,7.13333
3093,7.51277,,88,,7.06667
3094,7.51345,,89,,7
3095,7.5137,,89.8,,6.88
3096,7.51394,,90.6,,6.76
3097,7.51419,,91.4,,6.64
3098,7.51443,,92.2,,6.52
3099,7.51468,,93,,6.4
3100,7.51517,,93.6,,6.28
3101,7.51565,,94.2,,6.16
3102,7.51614,,94.8,,6.04
3103,7.51662,,95.4,,5.92
3104,7.51711,,96,,5.8
3105,7.51725,,95.6875,,5.7125
3106,7.5174,,95.375,,5.625
3107,7.51755,,95.0625,,5.5375
3108,7.51769,,94.75,,5.45
3109,7.51783,,94.4375,,5.3625
3110,7.51798,,94.125,,5.275
3111,7.51812,,93.8125,,5.1875
3112,7.51827,,93.5,,5.1
3113,7.51842,,93.1875,,5.0125
3114,7.51856,,92.875,,4.925
3115,7.5187,,92.5625,,4.8375
3116,7.51885,,92.25,,4.75
3117,7.51899,,91.9375,,4.6625
3118,7.51914,,91.625,,4.575
3119,7.51928,,91.3125,,4.4875
3120,7.51943,,91,,4.4
3121,7.51959,,90.8421,,4.35789
3122,7.51976,,90.6842,,4.31579
3123,7.51992,,90.5263,,4.27368
3124,7.52008,,90.3684,,4.23158
3125,7.52024,,90.2105,,4.18947
3126,7.52041,,90.0526,,4.14737
3127,7.52057,,89.8947,,4.10526
3128,7.52073,,89.7368,,4.06316
3129,7.52089,,89.5789,,4.02105
3130,7.52106,,89.4211,,3.97895
3131,7.52122,,89.2632,,3.93684
3132,7.52138,,89.1053,,3.89474
3133,7.52154,,88.9474,,3.85263
3134,7.52171,,88.7895,,3.81053
3135,7.52187,,88.6316,,3.76842
3136,7.52203,,88.4737,,3.72632
3137,7.52219,,88.3158,,3.68421
3138,7.52236,,88.1579,,3.64211
3139,7.52252,,88,,3.6
3140,7.52278,,89,,3.6
3141,7.52303,,90,,3.6
3142,7.52329,,91,,3.6
3143,7.52443,,91,,3.6
3144,7.52937,,91.2,,3.56
3145,7.53431,,91.4,,3.52
3146,7.53925,,91.6,,3.48
3147,7.54419,,91.8,,3.44
3148,7.54913,,92,,3.4
3149,7.55506,,92,,3.4
3150,7.56099,,92,,3.4
3151,7.56664,,93.25,,3.45
3152,7.57229,,94.5,,3.5
3153,7.57795,,95.75,,3.55
3154,7.5836,,97,,3.6
3155,7.58911,,99,,4.2
3156,7.59467,,100.5,,4.4
3157,7.60023,,102,,4.6
3158,7.60567,,110,,4.8
3159,7.6112,,113,,5.2
3160,7.61673,,116,,5.6
3161,7.62261,,118,,5.9
3162,7.62849,,120,,6.2
3163,7.63441,,120.5,,6.5
3164,7.64034,,121,,6.8
3165,7.64622,,122.5,,7
3166,7.65209,,124,,7.2
3167,7.65736,,132,,7.2
3168,7.66236,,135,,7.5
3169,7.66736,,138,,7.8
3170,7.67212,,138,,8.4
3171,7.67731,,138.5,,8.7
3172,7.68249,,139,,9
3173,7.68768,,139.5,,9.3
3174,7.69286,,140,,9.6
3175,7.69828,,143,,8.8
3176,7.70389,,146,,8.8
3177,7.70907,,148,,8.4
3178,7.71415,,148.333,,8.33333
3179,7.71923,,148.667,,8.26667
3180,7.72431,,149,,8.2
3181,7.72943,,149.5,,8
3182,7.73456,,150,,7.8
3183,7.73969,,150.5,,7.6
3184,7.74481,,151,,7.4
3185,7.7501,,150.667,,7.33333
3186,7.75538,,150.333,,7.26667
3187,7.76067,,150,,7.2
3188,7.7657,,149,,7.2
3189,7.77071,,149.2,,7.04
3190,7.77572,,149.4,,6.88
3191,7.78072,,149.6,,6.72
3192,7.78573,,149.8,,6.56
3193,7.79074,,150,,6.4
3194,7.7959,,150.5,,6.55
3195,7.80106,,151,,6.7
3196,7.80622,,151.5,,6.85
3197,7.81138,,152,,7
3198,7.81634,,152,,6.6
3199,7.82121,,152.25,,6.9
3200,7.82608,,152.5,,7.2
3201,7.83094,,152.75,,7.5
3202,7.83581,,153,,7.8
3203,7.84058,,154,,7.75
3204,7.84535,,155,,7.7
3205,7.85011,,156,,7.65
3206,7.85488,,157,,7.6
3207,7.85957,,157.6,,7.24
3208,7.86426,,158.2,,6.88
3209,7.86896,,158.8,,6.52
3210,7.87365,,159.4,,6.16
3211,7.87834,,160,,5.8
3212,7.88327,,160.4,,5.48
3213,7.8882,,160.8,,5.16
3214,7.89312,,161.2,,4.84
3215,7.89805,,161.6,,4.52
3216,7.90298,,162,,4.2
3217,7.90787,,166,,4.1
3218,7.91275,,170,,4
3219,7.91799,,174,,4.4
3220,7.92316,,174,,5.2
3221,7.9283,,174.25,,5.9
3222,7.93344,,174.5,,6.6
3223,7.93858,,174.75,,7.3
3224,7.94372,,175,,8
3225,7.94876,,175.667,,8.53333
3226,7.95379,,176.333,,9.06667
3227,7.95883,,177,,9.6
3228,7.96379,,177.2,,9.72
3229,7.96876,,177.4,,9.84
3230,7.97372,,177.6,,9.96
3231,7.97869,,177.8,,10.08
3232,7.98365,,178,,10.2
3233,7.989,,178.25,,10.6
3234,7.99435,,178.5,,11
3235,7.9997,,178.75,,11.4
3236,8.00505,,179,,11.8
3237,8.01046,,179,,12.4
3238,8.01582,,179.333,,12.6667
3239,8.02118,,179.667,,12.9333
3240,8.02654,,180,,13.2
3241,8.03164,,180,,13.4
3242,8.03478,,180,,13.5333
3243,8.03791,,180,,13.6667
3244,8.04105,,180,,13.8
3245,8.04188,,179.333,,13.4
3246,8.04271,,178.667,,13
3247,8.04354,,178,,12.6
3248,8.04438,,177.333,,12.2
3249,8.04521,,176.667,,11.8
3250,8.04604,,176,,11.4
3251,8.04652,,174,,10.6
3252,8.04675,,173.25,,10.15
3253,8.04697,,172.5,,9.7
3254,8.0472,,171.75,,9.25
3255,8.04743,,171,,8.8
3256,8.04769,,168,,8.4
3257,8.04789,,168,,8.2
3258,8.04813,,166,,7.8
3259,8.04838,,164,,7.4
3260,8.04862,,162,,7
3261,8.0488,,157,,6.8
3262,8.04909,,154,,6.4
3263,8.04942,,152,,6.1
3264,8.04976,,150,,5.8
3265,8.04976,,149,,5.6
3266,8.04977,,148,,5.4
3267,8.04977,,147,,5.2
3268,8.04977,,145,,5.1
3269,8.04977,,143,,5
3270,8.04977,,141,,4.8
3271,8.04977,,139,,4.6
3272,8.05005,,136,,4.3
3273,8.05033,,133,,4
3274,8.05038,,132,,4
3275,8.05044,,131,,4
3276,8.05049,,130,,4
3277,8.05056,,129.25,,3.65
3278,8.05063,,128.5,,3.3
3279,8.05071,,127.75,,2.95
3280,8.05078,,127,,2.6
3281,8.05094,,120,,2.4
3282,8.0511,,116,,2.4
3283,8.05131,,115,,2.2
3284,8.05152,,114,,2
3285,8.05172,,113,,1.8
3286,8.05193,,112,,1.6
3287,8.05214,,111,,1.4
3288,8.05241,,110.4,,1.36
3289,8.05268,,109.8,,1.32
3290,8.05295,,109.2,,1.28
3291,8.05322,,108.6,,1.24
3292,8.05349,,108,,1.2
3293,8.05409,,107,,1.13333
3294,8.0547,,106,,1.06667
3295,8.0553,,105,,1
3296,8.0558,,104.5,,0.975
3297,8.0563,,104,,0.95
3298,8.0568,,103.5,,0.925
3299,8.05729,,103,,0.9
3300,8.05779,,102.5,,0.875
3301,8.05829,,102,,0.85
3302,8.05879,,101.5,,0.825
3303,8.05929,,101,,0.8
3304,8.05979,,104,,0.733333
3305,8.06029,,107,,0.666667
3306,8.06079,,110,,0.6
3307,8.06107,,109.571,,0.571429
3308,8.06135,,109.143,,0.542857
3309,8.06163,,108.714,,0.514286
3310,8.06192,,108.286,,0.485714
3311,8.0622,,107.857,,0.457143
3312,8.06248,,107.429,,0.428571
3313,8.06276,,107,,0.4
3314,8.0628,,106.5,,0.366667
3315,8.06285,,106,,0.333333
3316,8.06289,,105.5,,0.3
3317,8.06293,,105,,0.266667
3318,8.06298,,104.5,,0.233333
3319,8.06302,,104,,0.2
3320,8.06305,,103.5,,0.166667
3321,8.06308,,103,,0.133333
3322,8.06311,,102.5,,0.1
3323,8.06314,,102,,0.0666667
3324,8.06317,,101.5,,0.0333333
3325,8.0632,,101,,0
3326,8.06329,,101.2,,0.0533333
3327,8.06338,,101.4,,0.106667
3328,8.06347,,101.6,,0.16
3329,8.06356,,101.8,,0.213333
3330,8.06365,,102,,0.266667
3331,8.06374,,102.2,,0.32
3332,8.06383,,102.4,,0.373333
3333,8.06392,,102.6,,0.426667
3334,8.06401,,102.8,,0.48
3335,8.0641,,103,,0.533333
3336,8.06419,,103.2,,0.586667
3337,8.06428,,103.4,,0.64
3338,8.06437,,103.6,,0.693333
3339,8.06446,,103.8,,0.746667
3340,8.06455,,104,,0.8
3341,8.06461,,102.2,,0.8
3342,8.06468,,100.4,,0.8
3343,8.06474,,98.6,,0.8
3344,8.06481,,96.8,,0.8
3345,8.06487,,95,,0.8
3346,8.06501,,94,,0.866667
3347,8.06514,,93,,0.933333
3348,8.06528,,92,,1
3373,8.08587,,96,,0.8
3374,8.08871,,96.5,,0.8
3375,8.09156,,97,,0.8
3376,8.0944,,97.5,,0.8
3377,8.09724,,98,,0.8
3378,8.10009,,98.5,,0.8
3379,8.10293,,99,,0.8
3380,8.10576,,99.25,,1.15
3381,8.10859,,99.5,,1.5
3382,8.11142,,99.75,,1.85
3383,8.11424,,100,,2.2
3384,8.11707,,100.25,,2.55
3385,8.1199,,100.5,,2.9
3386,8.12273,,100.75,,3.25
3387,8.12556,,101,,3.6
3388,8.12854,,101.75,,4
3389,8.13152,,102.5,,4.4
3390,8.13451,,103.25,,4.8
3391,8.13749,,104,,5.2
3392,8.14049,,104,,4.91429
3393,8.14348,,104,,4.62857
3394,8.14648,,104,,4.34286
3395,8.14947,,104,,4.05714
3396,8.15247,,104,,3.77143
3397,8.15546,,104,,3.48571
3398,8.15846,,104,,3.2
3399,8.16188,,104,,3.56667
3400,8.1653,,104,,3.93333
3401,8.16872,,104,,4.3
3402,8.17215,,104,,4.66667
3403,8.17557,,104,,5.03333
3404,8.17899,,104,,5.4
3405,8.18274,,105.5,,6
3406,8.18649,,107,,6.6
3407,8.18989,,107.6,,7.36
3408,8.19329,,108.2,,8.12
3409,8.1967,,108.8,,8.88
3410,8.2001,,109.4,,9.64
3411,8.2035,,110,,10.4
3412,8.20672,,110.286,,10.3714
3413,8.20995,,110.571,,10.3429
3414,8.21317,,110.857,,10.3143
3415,8.21639,,111.143,,10.2857
3416,8.21961,,111.429,,10.2571
3417,8.22284,,111.714,,10.2286
3418,8.22606,,112,,10.2
3419,8.2295,,112.6,,9.68
3420,8.23294,,113.2,,9.16
3421,8.23638,,113.8,,8.64
3422,8.23982,,114.4,,8.12
3423,8.24326,,115,,7.6
3424,8.24673,,115,,7.4
3425,8.25021,,115,,7.2
3426,8.25368,,115,,7
3427,8.25715,,115,,6.8
3428,8.26063,,115,,6.6
3429,8.2641,,115,,6.4
3430,8.26777,,115.167,,6.66667
3431,8.27145,,115.333,,6.93333
3432,8.27512,,115.5,,7.2
3433,8.2788,,115.667,,7.46667
3434,8.28247,,115.833,,7.73333
3435,8.28615,,116,,8
3436,8.28938,,115.857,,8.14286
3437,8.29262,,115.714,,8.28571
3438,8.29585,,115.571,,8.42857
3439,8.29909,,115.429,,8.57143
3440,8.30232,,115.286,,8.71429
3441,8.30556,,115.143,,8.85714
3442,8.30879,,115,,9
3443,8.31196,,115.6,,9.04
3444,8.31513,,116.2,,9.08
3445,8.3183,,116.8,,9.12
3446,8.32147,,117.4,,9.16
3447,8.32464,,118,,9.2
3448,8.32855,,118.167,,9.03333
3449,8.33246,,118.333,,8.86667
3450,8.33636,,118.5,,8.7
3451,8.34027,,118.667,,8.53333
3452,8.34418,,118.833,,8.36667
3453,8.34809,,119,,8.2
3454,8.35177,,118.833,,7.8
3455,8.35546,,118.667,,7.4
3456,8.35914,,118.5,,7
3457,8.36282,,118.333,,6.6
3458,8.36651,,118.167,,6.2
3459,8.37019,,118,,5.8
3460,8.3733,,117.857,,5.6
3461,8.37642,,117.714,,5.4
3462,8.37953,,117.571,,5.2
3463,8.38264,,117.429,,5
3464,8.38575,,117.286,,4.8
3465,8.38887,,117.143,,4.6
3466,8.39198,,117,,4.4
3467,8.39537,,117.167,,4.2
3468,8.39876,,117.333,,4
3469,8.40214,,117.5,,3.8
3470,8.40553,,117.667,,3.6
3471,8.40892,,117.833,,3.4
3472,8.41231,,118,,3.2
3473,8.41599,,118.167,,2.76667
3474,8.41968,,118.333,,2.33333
3475,8.42337,,118.5,,1.9
3476,8.42705,,118.667,,1.46667
3477,8.43073,,118.833,,1.03333
3478,8.43442,,119,,0.6
3479,8.43818,,119,,0.566667
3480,8.44194,,119,,0.533333
3481,8.4457,,119,,0.5
3482,8.44946,,119,,0.466667
3483,8.45322,,119,,0.433333
3484,8.45698,,119,,0.4
3485,8.46056,,119.333,,0.7
3486,8.46414,,119.667,,1
3487,8.46771,,120,,1.3
3488,8.47129,,120.333,,1.6
3489,8.47487,,120.667,,1.9
3490,8.47845,,121,,2.2
3491,8.48224,,121.333,,2.13333
3492,8.48603,,121.667,,2.06667
3493,8.48982,,122,,2
3494,8.49362,,122.333,,1.93333
3495,8.49741,,122.667,,1.86667
3496,8.5012,,123,,1.8
3497,8.50445,,122.857,,1.85714
3498,8.50769,,122.714,,1.91429
3499,8.51094,,122.571,,1.97143
3500,8.51419,,122.429,,2.02857
3501,8.51744,,122.286,,2.08571
3502,8.52068,,122.143,,2.14286
3503,8.52393,,122,,2.2
3504,8.52691,,121.714,,2.22857
3505,8.52988,,121.429,,2.25714
3506,8.53286,,121.143,,2.28571
3507,8.53583,,120.857,,2.31429
3508,8.53881,,120.571,,2.34286
3509,8.54178,,120.286,,2.37143
3510,8.54476,,120,,2.4
3511,8.54728,,120,,2.05
3512,8.5498,,120,,1.7
3513,8.55233,,120,,1.35
3514,8.55485,,120,,1
3515,8.55737,,120,,0.65
3516,8.55989,,120,,0.3
3517,8.56242,,120,,-0.05
3518,8.56494,,120,,-0.4
3519,8.56744,,119.875,,-0.45
3520,8.56995,,119.75,,-0.5
3521,8.57245,,119.625,,-0.55
3522,8.57495,,119.5,,-0.6
3523,8.57745,,119.375,,-0.65
3524,8.57995,,119.25,,-0.7
3525,8.58246,,119.125,,-0.75
3526,8.58496,,119,,-0.8
3527,8.58762,,118.75,,-0.65
3528,8.59027,,118.5,,-0.5
3529,8.59293,,118.25,,-0.35
3530,8.59559,,118,,-0.2
3531,8.59825,,117.75,,-0.05
3532,8.6009,,117.5,,0.1
3533,8.60356,,117.25,,0.25
3534,8.60622,,117,,0.4
3535,8.60905,,116.625,,0.175
3536,8.61187,,116.25,,-0.05
3537,8.6147,,115.875,,-0.275
3538,8.61753,,115.5,,-0.5
3539,8.62036,,115.125,,-0.725
3540,8.62318,,114.75,,-0.95
3541,8.62601,,114.375,,-1.175
3542,8.62884,,114,,-1.4
3543,8.63093,,113.556,,-1.4
3544,8.63302,,113.111,,-1.4
3545,8.63511,,112.667,,-1.4
3546,8.6372,,112.222,,-1.4
3547,8.63929,,111.778,,-1.4
3548,8.64138,,111.333,,-1.4
3549,8.64347,,110.889,,-1.4
3550,8.64556,,110.444,,-1.4
3551,8.64765,,110,,-1.4
3552,8.65023,,110.143,,-1.2
3553,8.65282,,110.286,,-1
3554,8.6554,,110.429,,-0.8
3555,8.65798,,110.571,,-0.6
3556,8.66056,,110.714,,-0.4
3557,8.66315,,110.857,,-0.2
3558,8.66573,,111,,0
3559,8.66826,,111,,0.48
3560,8.67079,,111,,0.96
3561,8.67331,,111,,1.44
3562,8.67584,,111,,1.92
3563,8.67837,,111,,2.4
3564,8.68132,,111.5,,2.9
3565,8.68428,,112,,3.4
3566,8.68723,,112.5,,3.9
3567,8.69019,,113,,4.4
3568,8.69314,,113.5,,4.9
3569,8.6961,,114,,5.4
3570,8.69872,,114.25,,5.625
3571,8.70134,,114.5,,5.85
3572,8.70396,,114.75,,6.075
3573,8.70658,,115,,6.3
3574,8.7092,,115.25,,6.525
3575,8.71182,,115.5,,6.75
3576,8.71444,,115.75,,6.975
3577,8.71706,,116,,7.2
3578,8.71993,,115.4,,7.32
3579,8.72281,,114.8,,7.44
3580,8.72568,,114.2,,7.56
3581,8.72856,,113.6,,7.68
3582,8.73143,,113,,7.8
3583,8.73404,,112.875,,7.65
3584,8.73665,,112.75,,7.5
3585,8.73926,,112.625,,7.35
3586,8.74188,,112.5,,7.2
3587,8.74449,,112.375,,7.05
3588,8.7471,,112.25,,6.9
3589,8.74971,,112.125,,6.75
3590,8.75232,,112,,6.6
3591,8.75458,,111.8,,6.44
3592,8.75684,,111.6,,6.28
3593,8.7591,,111.4,,6.12
3594,8.76136,,111.2,,5.96
3595,8.76362,,111,,5.8
3596,8.76589,,110.8,,5.64
3597,8.76815,,110.6,,5.48
3598,8.77041,,110.4,,5.32
3599,8.77267,,110.2,,5.16
3600,8.77493,,110,,5
3601,8.77745,,109.875,,4.85
3602,8.77998,,109.75,,4.7
3603,8.7825,,109.625,,4.55
3604,8.78502,,109.5,,4.4
3605,8.78754,,109.375,,4.25
3606,8.79006,,109.25,,4.1
3607,8.79259,,109.125,,3.95
3608,8.79511,,109,,3.8
3609,8.7974,,108.833,,3.76667
3610,8.79969,,108.667,,3.73333
3611,8.80197,,108.5,,3.7
3612,8.80426,,108.333,,3.66667
3613,8.80655,,108.167,,3.63333
3614,8.80884,,108,,3.6
3615,8.81128,,107.889,,3.64444
3616,8.81372,,107.778,,3.68889
3617,8.81616,,107.667,,3.73333
3618,8.8186,,107.556,,3.77778
3619,8.82105,,107.444,,3.82222
3620,8.82349,,107.333,,3.86667
3621,8.82593,,107.222,,3.91111
3622,8.82837,,107.111,,3.95556
3623,8.83081,,107,,4
3624,8.83325,,106.889,,4.04444
3625,8.83569,,106.778,,4.08889
3626,8.83813,,106.667,,4.13333
3627,8.84057,,106.556,,4.17778
3628,8.843,,106.444,,4.22222
3629,8.84544,,106.333,,4.26667
3630,8.84788,,106.222,,4.31111
3631,8.85032,,106.111,,4.35556
3632,8.85276,,106,,4.4
3633,8.85536,,106.125,,4.275
3634,8.85796,,106.25,,4.15
3635,8.86056,,106.375,,4.025
3636,8.86315,,106.5,,3.9
3637,8.86575,,106.625,,3.775
3638,8.86835,,106.75,,3.65
3639,8.87095,,106.875,,3.525
3640,8.87355,,107,,3.4
3641,8.87643,,107.286,,2.94286
3642,8.87932,,107.571,,2.48571
3643,8.8822,,107.857,,2.02857
3644,8.88508,,108.143,,1.57143
3645,8.88796,,108.429,,1.11429
3646,8.89085,,108.714,,0.657143
3647,8.89373,,109,,0.2
3648,8.89686,,109.143,,0.228571
3649,8.9,,109.286,,0.257143
3650,8.90313,,109.429,,0.285714
3651,8.90627,,109.571,,0.314286
3652,8.9094,,109.714,,0.342857
3653,8.91254,,109.857,,0.371429
3654,8.91567,,110,,0.4
3655,8.91873,,110.143,,0.571429
3656,8.92179,,110.286,,0.742857
3657,8.92485,,110.429,,0.914286
3658,8.9279,,110.571,,1.08571
3659,8.93096,,110.714,,1.25714
3660,8.93402,,110.857,,1.42857
3661,8.93708,,111,,1.6
3662,8.94001,,111.143,,1.77143
3663,8.94294,,111.286,,1.94286
3664,8.94587,,111.429,,2.11429
3665,8.94879,,111.571,,2.28571
3666,8.95172,,111.714,,2.45714
3667,8.95465,,111.857,,2.62857
3668,8.95758,,112,,2.8
3669,8.96045,,112.143,,2.6
3670,8.96331,,112.286,,2.4
3671,8.96618,,112.429,,2.2
3672,8.96905,,112.571,,2
3673,8.97192,,112.714,,1.8
3674,8.97478,,112.857,,1.6
3675,8.97765,,113,,1.4
3676,8.9806,,113.143,,0.685714
3677,8.98356,,113.286,,-0.0285714
3678,8.98651,,113.429,,-0.742857
3679,8.98946,,113.571,,-1.45714
3680,8.99241,,113.714,,-2.17143
3681,8.99537,,113.857,,-2.88571
3682,8.99832,,114,,-3.6
3683,9.00101,,114,,-3.75
3684,9.00371,,114,,-3.9
3685,9.0064,,114,,-4.05
3686,9.00909,,114,,-4.2
3687,9.01178,,114,,-4.35
3688,9.01447,,114,,-4.5
3689,9.01717,,114,,-4.65
3690,9.01986,,114,,-4.8
3691,9.0229,,113.857,,-4.74286
3692,9.02595,,113.714,,-4.68571
3693,9.02899,,113.571,,-4.62857
3694,9.03204,,113.429,,-4.57143
3695,9.03508,,113.286,,-4.51429
3696,9.03813,,113.143,,-4.45714
3697,9.04117,,113,,-4.4
3698,9.04414,,113.143,,-4.48571
3699,9.0471,,113.286,,-4.57143
3700,9.05007,,113.429,,-4.65714
3701,9.05303,,113.571,,-4.74286
3702,9.056,,113.714,,-4.82857
3703,9.05896,,113.857,,-4.91429
3704,9.06193,,114,,-5
3705,9.06479,,114.5,,-5
3706,9.06764,,115,,-5
3707,9.0705,,115.5,,-5
3708,9.07336,,116,,-5
3709,9.07621,,116.5,,-5
3710,9.07907,,117,,-5
3711,9.08204,,117,,-4.97143
3712,9.08501,,117,,-4.94286
3713,9.08798,,117,,-4.91429
3714,9.09094,,117,,-4.88571
3715,9.09391,,117,,-4.85714
3716,9.09688,,117,,-4.82857
3717,9.09985,,117,,-4.8
3718,9.10291,,117.286,,-4.85714
3719,9.10598,,117.571,,-4.91429
3720,9.10904,,117.857,,-4.97143
3721,9.11211,,118.143,,-5.02857
3722,9.11517,,118.429,,-5.08571
3723,9.11824,,118.714,,-5.14286
3724,9.1213,,119,,-5.2
3725,9.12433,,119.143,,-5.28571
3726,9.12737,,119.286,,-5.37143
3727,9.1304,,119.429,,-5.45714
3728,9.13344,,119.571,,-5.54286
3729,9.13647,,119.714,,-5.62857
3730,9.13951,,119.857,,-5.71429
3731,9.14254,,120,,-5.8
3732,9.14554,,120,,-5.77143
3733,9.14854,,120,,-5.74286
3734,9.15154,,120,,-5.71429
3735,9.15453,,120,,-5.68571
3736,9.15753,,120,,-5.65714
3737,9.16053,,120,,-5.62857
3738,9.16353,,120,,-5.6
3739,9.16662,,120,,-5.31429
3740,9.16971,,120,,-5.02857
3741,9.1728,,120,,-4.74286
3742,9.17588,,120,,-4.45714
3743,9.17897,,120,,-4.17143
3744,9.18206,,120,,-3.88571
3745,9.18515,,120,,-3.6
3746,9.18831,,119.857,,-3.31429
3747,9.19146,,119.714,,-3.02857
3748,9.19462,,119.571,,-2.74286
3749,9.19778,,119.429,,-2.45714
3750,9.20094,,119.286,,-2.17143
3751,9.20409,,119.143,,-1.88571
3752,9.20725,,119,,-1.6
3753,9.21074,,119.167,,-1.33333
3754,9.21423,,119.333,,-1.06667
3755,9.21772,,119.5,,-0.8
3756,9.22121,,119.667,,-0.533333
3757,9.2247,,119.833,,-0.266667
3758,9.22819,,120,,0
3759,9.23182,,120.167,,-0.0666667
3760,9.23545,,120.333,,-0.133333
3761,9.23908,,120.5,,-0.2
3762,9.24272,,120.667,,-0.266667
3763,9.24635,,120.833,,-0.333333
3764,9.24998,,121,,-0.4
3765,9.25303,,121.143,,-0.285714
3766,9.25608,,121.286,,-0.171429
3767,9.25913,,121.429,,-0.0571429
3768,9.26218,,121.571,,0.0571429
3769,9.26523,,121.714,,0.171429
3770,9.26828,,121.857,,0.285714
3771,9.27133,,122,,0.4
3772,9.27427,,122,,0.742857
3773,9.27722,,122,,1.08571
3774,9.28016,,122,,1.42857
3775,9.2831,,122,,1.77143
3776,9.28604,,122,,2.11429
3777,9.28899,,122,,2.45714
3778,9.29193,,122,,2.8
3779,9.2948,,122,,3.2
3780,9.29767,,122,,3.6
3781,9.30054,,122,,4
3782,9.30216,,122,,4.08
3783,9.30378,,122,,4.16
3784,9.3054,,122,,4.24
3785,9.30702,,122,,4.32
3786,9.30864,,122,,4.4
3787,9.31026,,122,,4.48
3788,9.31188,,122,,4.56
3789,9.3135,,122,,4.64
3790,9.31512,,122,,4.72
3791,9.31674,,122,,4.8
3792,9.3181,,120,,4.7
3793,9.31947,,118,,4.6
3794,9.32052,,116.5,,4.4
3795,9.32157,,115,,4.2
3796,9.32387,,114,,3.95
3797,9.32616,,113,,3.7
3798,9.32846,,112,,3.45
3799,9.33076,,111,,3.2
3800,9.33332,,111.125,,3.125
3801,9.33588,,111.25,,3.05
3802,9.33844,,111.375,,2.975
3803,9.34099,,111.5,,2.9
3804,9.34355,,111.625,,2.825
3805,9.34611,,111.75,,2.75
3806,9.34867,,111.875,,2.675
3807,9.35123,,112,,2.6
3808,9.35226,,112.25,,2.65
3809,9.3533,,112.5,,2.7
3810,9.35433,,112.75,,2.75
3811,9.35537,,113,,2.8
3812,9.35723,,113,,2.7
3813,9.35909,,113,,2.6
3814,9.36165,,113,,2.75
3815,9.36421,,113,,2.9
3816,9.36677,,113,,3.05
3817,9.36933,,113,,3.2
3818,9.3722,,112.714,,3.22857
3819,9.37506,,112.429,,3.25714
3820,9.37793,,112.143,,3.28571
3821,9.3808,,111.857,,3.31429
3822,9.38367,,111.571,,3.34286
3823,9.38653,,111.286,,3.37143
3824,9.3894,,111,,3.4
3825,9.39054,,110.667,,3.46667
3826,9.39167,,110.333,,3.53333
3827,9.39281,,110,,3.6
3828,9.39511,,110.125,,3.5
3829,9.39741,,110.25,,3.4
3830,9.39971,,110.375,,3.3
3831,9.402,,110.5,,3.2
3832,9.4043,,110.625,,3.1
3833,9.4066,,110.75,,3
3834,9.4089,,110.875,,2.9
3835,9.4112,,111,,2.8
3836,9.41258,,110.833,,2.66667
3837,9.41396,,110.667,,2.53333
3838,9.41533,,110.5,,2.4
3839,9.41671,,110.333,,2.26667
3840,9.41809,,110.167,,2.13333
3841,9.41947,,110,,2
3842,9.42199,,109.667,,2.26667
3843,9.42452,,109.333,,2.53333
3844,9.42704,,109,,2.8
3845,9.42897,,109,,2.8
3846,9.43166,,109.5,,2.86667
3847,9.43435,,110,,2.93333
3848,9.43704,,110.5,,3
3849,9.43974,,111,,3.06667
3850,9.44243,,111.5,,3.13333
3851,9.44512,,112,,3.2
3852,9.44791,,112.125,,3.175
3853,9.4507,,112.25,,3.15
3854,9.45349,,112.375,,3.125
3855,9.45627,,112.5,,3.1
3856,9.45906,,112.625,,3.075
3857,9.46185,,112.75,,3.05
3858,9.46464,,112.875,,3.025
3859,9.46743,,113,,3
3860,9.47061,,113.6,,2.36
3861,9.47379,,114.2,,1.72
3862,9.47697,,114.8,,1.08
3863,9.48015,,115.4,,0.44
3864,9.48333,,116,,-0.2
3865,9.48636,,116.286,,-0.428571
3866,9.48939,,116.571,,-0.657143
3867,9.49242,,116.857,,-0.885714
3868,9.49544,,117.143,,-1.11429
3869,9.49847,,117.429,,-1.34286
3870,9.5015,,117.714,,-1.57143
3871,9.50453,,118,,-1.8
3872,9.50779,,118,,-1.6
3873,9.51127,,118.167,,-1.73333
3874,9.51476,,118.333,,-1.86667
3875,9.51825,,118.5,,-2
3876,9.52173,,118.667,,-2.13333
3877,9.52521,,118.833,,-2.26667
3878,9.5287,,119,,-2.4
3879,9.53153,,119.25,,-2.55
3880,9.53437,,119.5,,-2.7
3881,9.53721,,119.75,,-2.85
3882,9.54004,,120,,-3
3883,9.54322,,119.75,,-3.1
3884,9.54641,,119.5,,-3.2
3885,9.54959,,119.25,,-3.3
3886,9.55277,,119,,-3.4
3887,9.5558,,119,,-3.68571
3888,9.55882,,119,,-3.97143
3889,9.56185,,119,,-4.25714
3890,9.56487,,119,,-4.54286
3891,9.5679,,119,,-4.82857
3892,9.57092,,119,,-5.11429
3893,9.57395,,119,,-5.4
3894,9.57685,,118.714,,-5.28571
3895,9.57976,,118.429,,-5.17143
3896,9.58266,,118.143,,-5.05714
3897,9.58557,,117.857,,-4.94286
3898,9.58847,,117.571,,-4.82857
3899,9.59138,,117.286,,-4.71429
3900,9.59428,,117,,-4.6
3901,9.59748,,117.286,,-4.31429
3902,9.60068,,117.571,,-4.02857
3903,9.60388,,117.857,,-3.74286
3904,9.60707,,118.143,,-3.45714
3905,9.61027,,118.429,,-3.17143
3906,9.61347,,118.714,,-2.88571
3907,9.61667,,119,,-2.6
3908,9.61983,,119.286,,-2.54286
3909,9.62299,,119.571,,-2.48571
3910,9.62615,,119.857,,-2.42857
3911,9.62931,,120.143,,-2.37143
3912,9.63247,,120.429,,-2.31429
3913,9.63563,,120.714,,-2.25714
3914,9.63879,,121,,-2.2
3915,9.64194,,121.75,,-2.2
3916,9.64509,,122.5,,-2.2
3917,9.64824,,123.25,,-2.2
3918,9.65139,,124,,-2.2
3919,9.65333,,123.667,,-1.86667
3920,9.65528,,123.333,,-1.53333
3921,9.65722,,123,,-1.2
3922,9.6588,,122.25,,-0.95
3923,9.66038,,121.5,,-0.7
3924,9.66197,,120.75,,-0.45
3925,9.66355,,120,,-0.2
3926,9.66598,,118.5,,0
3927,9.66841,,117,,0.2
3928,9.67054,,116,,0.2
