secs,km,power,hr,cad,alt
0,0,,0,,0
1,0,,10,,0
2,0,,20,,0
3,0,,30,,0
4,0,,40,,0
5,0,,50,,0
6,0,,60,,0
7,0,,70,,0
8,0,,80,,0
9,0,,90,,0
10,0,,100,,0
11,0,,99,,0
12,0,,98.7273,,0
13,0,,98.4545,,0
14,0,,98.1818,,0
15,0,,97.9091,,0
16,0,,97.6364,,0
17,0,,97.3636,,0
18,0,,97.0909,,0
19,0,,96.8182,,0
20,0,,96.5455,,0
21,0,,96.2727,,0
22,0,,96,,0
23,0,,95.25,,0
24,0,,94.5,,0
25,0,,93.75,,0
26,0,,93,,0
27,0,,92.7692,,0
28,0,,92.5385,,0
29,0,,92.3077,,0
30,0,,92.0769,,0
31,0,,91.8462,,0
32,0,,91.6154,,0
33,0,,91.3846,,0
34,0,,91.1538,,0
35,0,,90.9231,,0
36,0,,90.6923,,0
37,0,,90.4615,,0
38,0,,90.2308,,0
39,0,,90,,0
40,0,,89.25,,0
41,0,,88.5,,0
42,0,,87.75,,0
43,0,,87,,0
44,0,,86.75,,0
45,0,,86.5,,0
46,0,,86.25,,0
47,0,,86,,0
48,0,,85.75,,0
49,0,,85.5,,0
50,0,,85.25,,0
51,0,,85,,0
52,0,,84.75,,0
53,0,,84.5,,0
54,0,,84.25,,0
55,0,,84,,0
56,0.000126923,,83.7692,,0
57,0.000253846,,83.5385,,0
58,0.000380769,,83.3077,,0
59,0.000507692,,83.0769,,0
60,0.000634615,,82.8462,,0
61,0.000761538,,82.6154,,0
62,0.000888462,,82.3846,,0
63,0.00101538,,82.1538,,0
64,0.00114231,,81.9231,,0
65,0.00126923,,81.6923,,0
66,0.00139615,,81.4615,,0
67,0.00152308,,81.2308,,0
68,0.00165,,81,,0
69,0.00165,,79,,0
70,0.00165,,77,,0
71,0.00165,,76.4,,0
72,0.00165,,75.8,,0
73,0.00165,,75.2,,0
74,0.00165,,74.6,,0
75,0.00165,,74,,0
76,0.00165,,73.3,,0
77,0.00165,,72.6,,0
78,0.00165,,71.9,,0
79,0.00165,,71.2,,0
80,0.00165,,70.5,,0
81,0.00165,,69.8,,0
82,0.00165,,69.1,,0
83,0.00165,,68.4,,0
84,0.00165,,67.7,,0
85,0.00165,,67,,0
111,0.00324,,70,,0
112,0.00324,,71,,0
113,0.00324,,72,,0
114,0.00324,,73,,0
115,0.00347692,,72.7692,,0
116,0.00371385,,72.5385,,0
117,0.00395077,,72.3077,,0
118,0.00418769,,72.0769,,0
119,0.00442462,,71.8462,,0
120,0.00466154,,71.6154,,0
121,0.00489846,,71.3846,,0
122,0.00513538,,71.1538,,0
123,0.00537231,,70.9231,,0
124,0.00560923,,70.6923,,0
125,0.00584615,,70.4615,,0
126,0.00608308,,70.2308,,0
127,0.00632,,70,,0
128,0.00632,,68,,0
129,0.00632,,66,,0
130,0.00632,,66.75,,0
131,0.00632,,67.5,,0
132,0.00632,,68.25,,0
133,0.00632,,69,,0
134,0.00632,,69.3,,0
135,0.00632,,69.6,,0
136,0.00632,,69.9,,0
137,0.00632,,70.2,,0
138,0.00632,,70.5,,0
139,0.00632,,70.8,,0
140,0.00632,,71.1,,0
141,0.00632,,71.4,,0
142,0.00632,,71.7,,0
143,0.00632,,72,,0
144,0.00632,,72.1304,,0
145,0.00632,,72.2609,,0
146,0.00632,,72.3913,,0
147,0.00632,,72.5217,,0
148,0.00632,,72.6522,,0
149,0.00632,,72.7826,,0
150,0.00632,,72.913,,0
151,0.00632,,73.0435,,0
152,0.00632,,73.1739,,0
153,0.00632,,73.3043,,0
154,0.00632,,73.4348,,0
155,0.00632,,73.5652,,0
156,0.00632,,73.6957,,0
157,0.00632,,73.8261,,0
158,0.00632,,73.9565,,0
159,0.00632,,74.087,,0
160,0.00632,,74.2174,,0
161,0.00632,,74.3478,,0
162,0.00632,,74.4783,,0
163,0.00632,,74.6087,,0
164,0.00632,,74.7391,,0
165,0.00632,,74.8696,,0
166,0.00632,,75,,0
167,0.00652235,,74.8235,,0
168,0.00672471,,74.6471,,0
169,0.00692706,,74.4706,,0
170,0.00712941,,74.2941,,0
171,0.00733176,,74.1176,,0
172,0.00753412,,73.9412,,0
173,0.00773647,,73.7647,,0
174,0.00793882,,73.5882,,0
175,0.00814118,,73.4118,,0
176,0.00834353,,73.2353,,0
177,0.00854588,,73.0588,,0
178,0.00874824,,72.8824,,0
179,0.00895059,,72.7059,,0
180,0.00915294,,72.5294,,0
181,0.00935529,,72.3529,,0
182,0.00955765,,72.1765,,0
183,0.00976,,72,,0
184,0.00976,,70.5,,0
185,0.00976,,69,,0
186,0.00976,,68.5,,0
187,0.00976,,68,,0
188,0.00976,,67.5,,0
189,0.00976,,67,,0
190,0.00976,,66.5,,0
191,0.00976,,66,,0
192,0.00976,,66.5,,0
193,0.00976,,67,,0
194,0.00976,,67.5,,0
195,0.00976,,68,,0
196,0.00976,,68.5,,0
197,0.00976,,69,,0
198,0.00976,,69.5,,0
199,0.00976,,70,,0
200,0.00976,,70.5,,0
201,0.00976,,71,,0
202,0.00976,,72.5,,0
203,0.00976,,74,,0
204,0.012023,,74.2,,0.06
205,0.014286,,74.4,,0.12
206,0.016549,,74.6,,0.18
207,0.018812,,74.8,,0.24
208,0.021075,,75,,0.3
209,0.023338,,75.2,,0.36
210,0.025601,,75.4,,0.42
211,0.027864,,75.6,,0.48
212,0.030127,,75.8,,0.54
213,0.03239,,76,,0.6
214,0.038565,,76,,-0.5
215,0.04474,,76,,-1.6
216,0.0506625,,76.5,,-3.7
217,0.056585,,77,,-5.8
218,0.0625075,,77.5,,-7.9
219,0.06843,,78,,-10
220,0.0759367,,77.3333,,-8.33333
221,0.0834433,,76.6667,,-6.66667
222,0.09095,,76,,-5
223,0.0955533,,77,,-7.93333
224,0.100157,,78,,-10.8667
225,0.10476,,79,,-13.8
226,0.109983,,79,,-13.5
227,0.115205,,79,,-13.2
228,0.120428,,79,,-12.9
229,0.12565,,79,,-12.6
230,0.130925,,79.5,,-10.9
231,0.1362,,80,,-9.2
232,0.141475,,80.5,,-7.5
233,0.14675,,81,,-5.8
234,0.15195,,81.8,,-3.76
235,0.15715,,82.6,,-1.72
236,0.16235,,83.4,,0.32
237,0.16755,,84.2,,2.36
238,0.17275,,85,,4.4
239,0.178255,,84.75,,4.95
240,0.18376,,84.5,,5.5
241,0.189265,,84.25,,6.05
242,0.19477,,84,,6.6
243,0.201072,,83.75,,6.7
244,0.207375,,83.5,,6.8
245,0.213678,,83.25,,6.9
246,0.21998,,83,,7
247,0.225938,,84,,7.25
248,0.231895,,85,,7.5
249,0.237852,,86,,7.75
250,0.24381,,87,,8
251,0.24959,,93,,8.2
252,0.25551,,98,,8.2
253,0.26173,,99.5,,8.4
254,0.26795,,101,,8.6
255,0.27441,,101.5,,8.7
256,0.28087,,102,,8.8
257,0.28733,,102.5,,8.9
258,0.29379,,103,,9
259,0.300202,,103.25,,9.1
260,0.306615,,103.5,,9.2
261,0.313028,,103.75,,9.3
262,0.31944,,104,,9.4
263,0.326145,,104,,9.4
264,0.33285,,104,,9.4
265,0.33754,,104,,10.4
266,0.343558,,104,,10.9
267,0.349575,,104,,11.4
268,0.355592,,104,,11.9
269,0.36161,,104,,12.4
270,0.367573,,104,,12.6667
271,0.373537,,104,,12.9333
272,0.3795,,104,,13.2
273,0.38584,,104.333,,13.4667
274,0.39218,,104.667,,13.7333
275,0.39852,,105,,14
276,0.404755,,107.5,,14
277,0.41099,,110,,14
278,0.41713,,112,,14
279,0.42332,,110,,13.9
280,0.42951,,108,,13.8
281,0.43554,,107.5,,13.65
282,0.44157,,107,,13.5
283,0.4476,,106.5,,13.35
284,0.45363,,106,,13.2
285,0.460037,,106,,12.9333
286,0.466443,,106,,12.6667
287,0.47285,,106,,12.4
288,0.479687,,106.667,,12.2667
289,0.486523,,107.333,,12.1333
290,0.49336,,108,,12
291,0.50001,,108,,12
292,0.50666,,108,,12
293,0.51331,,108,,12
294,0.51996,,108,,12
295,0.526763,,107.667,,12.0667
296,0.533567,,107.333,,12.1333
297,0.54037,,107,,12.2
298,0.546625,,107,,12.3
299,0.55288,,107,,12.4
300,0.559135,,107,,12.5
301,0.56539,,107,,12.6
302,0.56807,,107,,12.9
303,0.57075,,107,,13.2
304,0.57343,,107,,13.5
305,0.57611,,107,,13.8
306,0.57778,,106,,14.2
307,0.5797,,103,,14.8
308,0.583953,,102.833,,15.2
309,0.588207,,102.667,,15.6
310,0.59246,,102.5,,16
311,0.596713,,102.333,,16.4
312,0.600967,,102.167,,16.8
313,0.60522,,102,,17.2
314,0.61119,,101.667,,17.1333
315,0.61716,,101.333,,17.0667
316,0.62313,,101,,17
317,0.629633,,101.25,,16.9
318,0.636135,,101.5,,16.8
319,0.642637,,101.75,,16.7
320,0.64914,,102,,16.6
321,0.655827,,102.333,,16.6667
322,0.662513,,102.667,,16.7333
323,0.6692,,103,,16.8
324,0.67616,,103,,16.7333
325,0.68312,,103,,16.6667
326,0.69008,,103,,16.6
327,0.697097,,103,,16.7333
328,0.704113,,103,,16.8667
329,0.71113,,103,,17
330,0.717933,,102.667,,17.1333
331,0.724737,,102.333,,17.2667
332,0.73154,,102,,17.4
333,0.738543,,102,,17.5333
334,0.745547,,102,,17.6667
335,0.75255,,102,,17.8
336,0.759333,,102.333,,17.8667
337,0.766117,,102.667,,17.9333
338,0.7729,,103,,18
339,0.77989,,106,,18.4
340,0.786777,,106,,18.4667
341,0.793663,,106,,18.5333
342,0.80055,,106,,18.6
343,0.80744,,106,,18.4
344,0.81433,,106,,18.2
345,0.82122,,106,,18
346,0.828063,,106,,17.9333
347,0.834907,,106,,17.8667
348,0.84175,,106,,17.8
349,0.848625,,104.5,,17.7
350,0.8555,,103,,17.6
351,0.86269,,101.5,,17.6
352,0.86988,,100,,17.6
353,0.87706,,97,,17.4
354,0.884403,,96.3333,,17.1333
355,0.891747,,95.6667,,16.8667
356,0.89909,,95,,16.6
357,0.906317,,95,,16.4
358,0.913543,,95,,16.2
359,0.92077,,95,,16
360,0.928127,,95,,16
361,0.935483,,95,,16
362,0.94284,,95,,16
363,0.95011,,94.6667,,15.9333
364,0.95738,,94.3333,,15.8667
365,0.96465,,94,,15.8
366,0.972167,,94,,15.5333
367,0.979683,,94,,15.2667
368,0.9872,,94,,15
369,0.99507,,94,,13.6
370,1.00294,,94,,12.2
371,1.0105,,93.6667,,11.7333
372,1.01805,,93.3333,,11.2667
373,1.02561,,93,,10.8
374,1.03281,,93,,10.6667
375,1.04002,,93,,10.5333
376,1.04722,,93,,10.4
377,1.05459,,94,,10.0667
378,1.06197,,95,,9.73333
379,1.06934,,96,,9.4
380,1.07691,,96.6667,,9.26667
381,1.08449,,97.3333,,9.13333
382,1.09206,,98,,9
383,1.09922,,99.3333,,8.86667
384,1.10639,,100.667,,8.73333
385,1.11355,,102,,8.6
386,1.12108,,103.5,,8.7
387,1.12862,,105,,8.8
388,1.136,,105.667,,8.93333
389,1.14338,,106.333,,9.06667
390,1.15076,,107,,9.2
391,1.1579,,107,,9.53333
392,1.16504,,107,,9.86667
393,1.17218,,107,,10.2
394,1.17887,,106.333,,10.3333
395,1.18557,,105.667,,10.4667
396,1.19226,,105,,10.6
397,1.19901,,105,,10.6
398,1.20575,,105,,10.6
399,1.2125,,105,,10.6
400,1.21938,,104.333,,10.6
401,1.22626,,103.667,,10.6
402,1.23314,,103,,10.6
403,1.24022,,103.667,,10.2667
404,1.2473,,104.333,,9.93333
405,1.25438,,105,,9.6
406,1.26137,,105,,9.46667
407,1.26835,,105,,9.33333
408,1.27534,,105,,9.2
409,1.28247,,105.667,,9.13333
410,1.28959,,106.333,,9.06667
411,1.29672,,107,,9
412,1.30429,,106.667,,8.26667
413,1.31186,,106.333,,7.53333
414,1.31943,,106,,6.8
415,1.32651,,105.667,,6.73333
416,1.3336,,105.333,,6.66667
417,1.34068,,105,,6.6
418,1.34775,,104.333,,6.6
419,1.35482,,103.667,,6.6
420,1.36189,,103,,6.6
421,1.36898,,103.333,,6.6
422,1.37607,,103.667,,6.6
423,1.38316,,104,,6.6
424,1.39026,,104,,6.6
425,1.39737,,104,,6.6
426,1.40447,,104,,6.6
427,1.41169,,104,,6.73333
428,1.41891,,104,,6.86667
429,1.42613,,104,,7
430,1.43328,,104,,7
431,1.44042,,104,,7
432,1.44757,,104,,7
433,1.45479,,103.667,,7.13333
434,1.462,,103.333,,7.26667
435,1.46922,,103,,7.4
436,1.47667,,103,,7.53333
437,1.48411,,103,,7.66667
438,1.49156,,103,,7.8
439,1.49903,,102.667,,7.93333
440,1.5065,,102.333,,8.06667
441,1.51397,,102,,8.2
442,1.5214,,102.667,,8.26667
443,1.52882,,103.333,,8.33333
444,1.53625,,104,,8.4
445,1.54367,,104.333,,8.33333
446,1.55109,,104.667,,8.26667
447,1.55851,,105,,8.2
448,1.56606,,104.667,,8.2
449,1.5736,,104.333,,8.2
450,1.58115,,104,,8.2
451,1.58877,,105,,8.13333
452,1.5964,,106,,8.06667
453,1.60402,,107,,8
454,1.61156,,107.667,,8.06667
455,1.61909,,108.333,,8.13333
456,1.62663,,109,,8.2
457,1.63406,,109.333,,8.13333
458,1.64148,,109.667,,8.06667
459,1.64891,,110,,8
460,1.65638,,109.667,,8
461,1.66385,,109.333,,8
462,1.67132,,109,,8
463,1.6788,,109.333,,8.06667
464,1.68628,,109.667,,8.13333
465,1.69376,,110,,8.2
466,1.70106,,110.333,,8.2
467,1.70837,,110.667,,8.2
468,1.71567,,111,,8.2
469,1.72306,,111.333,,8.2
470,1.73044,,111.667,,8.2
471,1.73783,,112,,8.2
472,1.74527,,112,,8.2
473,1.75272,,112,,8.2
474,1.76016,,112,,8.2
475,1.76772,,112,,8.06667
476,1.77527,,112,,7.93333
477,1.78283,,112,,7.8
478,1.79032,,112,,7.8
479,1.79791,,112.667,,7.8
480,1.80551,,113.333,,7.8
481,1.8131,,114,,7.8
482,1.82071,,114.333,,7.8
483,1.82832,,114.667,,7.8
484,1.83593,,115,,7.8
485,1.84362,,114,,7.73333
486,1.85131,,113,,7.66667
487,1.859,,112,,7.6
488,1.86673,,111.333,,7.4
489,1.87445,,110.667,,7.2
490,1.88218,,110,,7
491,1.88988,,109.333,,7
492,1.89758,,108.667,,7
493,1.90528,,108,,7
494,1.91288,,108,,7
495,1.92048,,108,,7
496,1.92808,,108,,7
497,1.93556,,108,,6.86667
498,1.94304,,108,,6.73333
499,1.95052,,108,,6.6
500,1.95786,,108,,6.53333
501,1.96521,,108,,6.46667
502,1.97255,,108,,6.4
503,1.97979,,108.333,,6.46667
504,1.98703,,108.667,,6.53333
505,1.99427,,109,,6.6
506,2.00146,,109,,6.4
507,2.00859,,108.667,,6.46667
508,2.01572,,108.333,,6.53333
509,2.02285,,108,,6.6
510,2.02983,,107.667,,6.46667
511,2.03682,,107.333,,6.33333
512,2.0438,,107,,6.2
513,2.04923,,106.75,,6.25
514,2.05466,,106.5,,6.3
515,2.06008,,106.25,,6.35
516,2.06551,,106,,6.4
517,2.06978,,105.6,,6.4
518,2.07405,,105.2,,6.4
519,2.07831,,104.8,,6.4
520,2.08258,,104.4,,6.4
521,2.08685,,104,,6.4
522,2.09341,,103.5,,6.45
523,2.09997,,103,,6.5
524,2.10652,,102.5,,6.55
525,2.11308,,102,,6.6
526,2.11993,,101.333,,6.6
527,2.12678,,100.667,,6.6
528,2.13363,,100,,6.6
529,2.14064,,100.333,,6.66667
530,2.14764,,100.667,,6.73333
531,2.15465,,101,,6.8
532,2.16188,,101,,6.8
533,2.16912,,101,,6.8
534,2.17635,,101,,6.8
535,2.18369,,101,,6.8
536,2.19102,,101,,6.8
537,2.19836,,101,,6.8
538,2.20572,,101,,6.8
539,2.21309,,101,,6.8
540,2.22045,,101,,6.8
541,2.22777,,100.667,,7
542,2.23509,,100.333,,7.2
543,2.24241,,100,,7.4
544,2.24983,,100,,7.66667
545,2.25726,,100,,7.93333
546,2.26468,,100,,8.2
547,2.27212,,100,,8.2
548,2.27957,,100,,8.2
549,2.28701,,100,,8.2
550,2.29459,,100,,8.4
551,2.30217,,100,,8.6
552,2.30975,,100,,8.8
553,2.31737,,99.6667,,8.53333
554,2.32499,,99.3333,,8.26667
555,2.33261,,99,,8
556,2.34032,,99.6667,,7.86667
557,2.34803,,100.333,,7.73333
558,2.35574,,101,,7.6
559,2.3634,,102.5,,7.6
560,2.37106,,104,,7.6
561,2.37878,,104,,7.6
562,2.38649,,104,,7.6
563,2.39421,,104,,7.6
564,2.40197,,104.333,,7.6
565,2.40974,,104.667,,7.6
566,2.4175,,105,,7.6
567,2.4254,,105.667,,7.66667
568,2.43331,,106.333,,7.73333
569,2.44121,,107,,7.8
570,2.44933,,107.667,,7.8
571,2.45745,,108.333,,7.8
572,2.46557,,109,,7.8
573,2.47375,,109,,7.86667
574,2.48192,,109,,7.93333
575,2.4901,,109,,8
576,2.49806,,109,,8.2
577,2.50602,,109,,8.4
578,2.51398,,109,,8.6
579,2.52162,,110,,8.73333
580,2.52927,,111,,8.86667
581,2.53691,,112,,9
582,2.54469,,112,,8.86667
583,2.55248,,112,,8.73333
584,2.56026,,112,,8.6
585,2.5684,,112,,8.4
586,2.57653,,112,,8.2
587,2.58467,,112,,8
588,2.59311,,112.333,,7.86667
589,2.60154,,112.667,,7.73333
590,2.60998,,113,,7.6
591,2.61892,,113.333,,7.4
592,2.62786,,113.667,,7.2
593,2.6368,,114,,7
594,2.64592,,115.5,,6.8
595,2.65503,,117,,6.6
596,2.66411,,117,,6.53333
597,2.6732,,117,,6.46667
598,2.68228,,117,,6.4
599,2.69127,,117,,6.33333
600,2.70026,,117,,6.26667
601,2.70925,,117,,6.2
602,2.71817,,117.333,,6.13333
603,2.72709,,117.667,,6.06667
604,2.73601,,118,,6
605,2.74488,,118.667,,5.93333
606,2.75375,,119.333,,5.86667
607,2.76262,,120,,5.8
608,2.77135,,120,,5.86667
609,2.78007,,120,,5.93333
610,2.7888,,120,,6
611,2.79745,,120.333,,6
612,2.8061,,120.667,,6
613,2.81475,,121,,6
614,2.82324,,121.667,,5.93333
615,2.83172,,122.333,,5.86667
616,2.84021,,123,,5.8
617,2.84861,,123,,5.86667
618,2.857,,123,,5.93333
619,2.8654,,123,,6
620,2.87387,,122.333,,6
621,2.88234,,121.667,,6
622,2.89081,,121,,6
623,2.89932,,119.667,,6.13333
624,2.90784,,118.333,,6.26667
625,2.91635,,117,,6.4
626,2.92486,,116.333,,6.53333
627,2.93336,,115.667,,6.66667
628,2.94187,,115,,6.8
629,2.95042,,110,,7
630,2.95907,,109.333,,7.06667
631,2.96772,,108.667,,7.13333
632,2.97637,,108,,7.2
633,2.98527,,107,,7.26667
634,2.99416,,106,,7.33333
635,3.00306,,105,,7.4
636,3.01195,,105,,7.6
637,3.02084,,105,,7.8
638,3.02973,,105,,8
639,3.03862,,105.333,,7.93333
640,3.04752,,105.667,,7.86667
641,3.05641,,106,,7.8
642,3.06507,,106.333,,7.6
643,3.07374,,106.667,,7.4
644,3.0824,,107,,7.2
645,3.09103,,107.667,,7.06667
646,3.09966,,108.333,,6.93333
647,3.10829,,109,,6.8
648,3.11697,,109.333,,6.6
649,3.12566,,109.667,,6.4
650,3.13434,,110,,6.2
651,3.14289,,110,,6.06667
652,3.15144,,110,,5.93333
653,3.15999,,110,,5.8
654,3.16844,,110.667,,5.6
655,3.17688,,111.333,,5.4
656,3.18533,,112,,5.2
657,3.19381,,112,,5.2
658,3.2023,,112,,5.2
659,3.2107,,112,,5.13333
660,3.21911,,112,,5.06667
661,3.22751,,112,,5
662,3.2355,,112,,5
663,3.24348,,112,,5
664,3.25147,,112,,5
665,3.25915,,111.5,,4.9
666,3.26683,,111,,4.8
667,3.2744,,111.5,,4.8
668,3.28196,,112,,4.8
669,3.28974,,112,,5.1
670,3.29753,,112,,5.4
671,3.30551,,111.667,,5.6
672,3.31348,,111.333,,5.8
673,3.32146,,111,,6
674,3.32951,,110.333,,6
675,3.33755,,109.667,,6
676,3.3456,,109,,6
677,3.35374,,108.333,,6
678,3.36188,,107.667,,6
679,3.37002,,107,,6
680,3.37822,,107,,5.8
681,3.38642,,107,,5.6
682,3.39475,,107,,5.26667
683,3.40309,,107,,4.93333
684,3.41142,,107,,4.6
685,3.41976,,107,,4.5
686,3.42809,,107,,4.4
687,3.43639,,105,,4.2
688,3.44469,,103,,4
689,3.45299,,101,,3.8
690,3.46119,,101,,3.8
691,3.46933,,99,,3.7
692,3.47747,,97,,3.6
693,3.48571,,82,,3.4
694,3.49399,,75,,3.4
695,3.50213,,75,,3.4
696,3.51035,,75,,3.26667
697,3.51856,,75,,3.13333
698,3.52678,,75,,3
699,3.53511,,73.5,,2.9
700,3.54344,,72,,2.8
701,3.55184,,71.3333,,2.66667
702,3.56023,,70.6667,,2.53333
703,3.56863,,70,,2.4
704,3.57707,,68.5,,2.4
705,3.58551,,67,,2.4
706,3.59404,,67,,2.4
707,3.60256,,67,,2.4
708,3.61109,,67,,2.4
709,3.61956,,67,,2.4
710,3.62804,,67,,2.4
711,3.63651,,67,,2.4
712,3.64492,,66.3333,,2.4
713,3.65333,,65.6667,,2.4
714,3.66174,,65,,2.4
715,3.67017,,64.6667,,2.46667
716,3.6786,,64.3333,,2.53333
717,3.68703,,64,,2.6
718,3.6953,,64,,2.66667
719,3.70358,,64,,2.73333
720,3.71185,,64,,2.8
721,3.71995,,64,,2.8
722,3.72811,,64,,2.8
723,3.73628,,64,,2.8
724,3.74444,,64,,2.8
725,3.75262,,64.3333,,2.8
726,3.76081,,64.6667,,2.8
727,3.76899,,65,,2.8
728,3.77714,,66.5,,2.7
729,3.78528,,68,,2.6
730,3.79346,,68.3333,,2.6
731,3.80164,,68.6667,,2.6
732,3.80982,,69,,2.6
733,3.8179,,69,,2.6
734,3.82599,,69,,2.6
735,3.83407,,69,,2.6
736,3.8422,,69,,2.53333
737,3.85033,,69,,2.46667
738,3.85846,,69,,2.4
739,3.86663,,69.3333,,2.4
740,3.87481,,69.6667,,2.4
741,3.88298,,70,,2.4
742,3.89098,,70.3333,,2.4
743,3.89899,,70.6667,,2.4
744,3.90699,,71,,2.4
745,3.91521,,70.6667,,2.46667
746,3.92342,,70.3333,,2.53333
747,3.93164,,70,,2.6
748,3.93977,,70.3333,,2.53333
749,3.9479,,70.6667,,2.46667
750,3.95603,,71,,2.4
751,3.96404,,72,,2.53333
752,3.97206,,73,,2.66667
753,3.98007,,74,,2.8
754,3.98806,,74,,3
755,3.99588,,74,,3
756,4.00371,,74,,3
757,4.01136,,74.5,,2.8
758,4.01902,,75,,2.6
759,4.02643,,75.3333,,2.26667
760,4.03385,,75.6667,,1.93333
761,4.04126,,76,,1.6
762,4.04876,,77.6667,,1.4
763,4.05626,,79.3333,,1.2
764,4.06376,,81,,1
765,4.07146,,84,,0.6
766,4.07912,,84.6667,,0.6
767,4.08677,,85.3333,,0.6
768,4.09443,,86,,0.6
769,4.1021,,92,,0.8
770,4.1097,,97,,0.6
771,4.11736,,98.5,,0.7
772,4.12503,,100,,0.8
773,4.13263,,100.333,,0.666667
774,4.14024,,100.667,,0.533333
775,4.14784,,101,,0.4
776,4.15553,,101.333,,0.466667
777,4.16323,,101.667,,0.533333
778,4.17092,,102,,0.6
779,4.17867,,102.333,,0.6
780,4.18641,,102.667,,0.6
781,4.19416,,103,,0.6
782,4.20197,,103,,0.533333
783,4.20977,,103,,0.466667
784,4.21758,,103,,0.4
785,4.22532,,103,,0.4
786,4.23307,,103,,0.4
787,4.24081,,103,,0.4
788,4.2485,,104,,0.4
789,4.25619,,105,,0.4
790,4.26388,,106,,0.4
791,4.27162,,106.333,,0.266667
792,4.27935,,106.667,,0.133333
793,4.28709,,107,,0
794,4.29485,,107,,0.0666667
795,4.30261,,107,,0.133333
796,4.31037,,107,,0.2
797,4.3182,,107,,0.2
798,4.32602,,107,,0.2
799,4.33385,,107,,0.2
800,4.34168,,106.667,,0.266667
801,4.3495,,106.333,,0.333333
802,4.35733,,106,,0.4
803,4.36519,,105.333,,0.4
804,4.37304,,104.667,,0.4
805,4.3809,,104,,0.4
806,4.38868,,104.333,,0.4
807,4.39646,,104.667,,0.4
808,4.40424,,105,,0.4
809,4.4119,,105,,0.4
810,4.41957,,105,,0.4
811,4.42723,,105,,0.4
812,4.43506,,104,,0.466667
813,4.4429,,103,,0.533333
814,4.45073,,102,,0.6
815,4.45857,,98,,0.6
816,4.46646,,97.3333,,0.533333
817,4.47434,,96.6667,,0.466667
818,4.48223,,96,,0.4
819,4.49038,,96,,0.466667
820,4.49852,,96,,0.533333
821,4.50667,,96,,0.6
822,4.51464,,96,,0.466667
823,4.52261,,96,,0.333333
824,4.53058,,96,,0.2
825,4.53835,,95.6667,,0
826,4.54612,,95.3333,,-0.2
827,4.55389,,95,,-0.4
828,4.56159,,95.5,,-0.6
829,4.56929,,96,,-0.8
830,4.57696,,96,,-1.2
831,4.58464,,96,,-1.6
832,4.59231,,96,,-2
833,4.6,,93,,-2.4
834,4.60785,,92.6667,,-2.6
835,4.61569,,92.3333,,-2.8
836,4.62354,,92,,-3
837,4.63154,,92,,-3.13333
838,4.63955,,92,,-3.26667
839,4.64755,,92,,-3.4
840,4.65548,,92.6667,,-3.2
841,4.6634,,93.3333,,-3
842,4.67133,,94,,-2.8
843,4.67909,,98,,-2.8
844,4.68701,,98.6667,,-2.86667
845,4.69494,,99.3333,,-2.93333
846,4.70286,,100,,-3
847,4.71076,,100,,-3
848,4.71865,,100,,-3
849,4.72655,,100,,-3
850,4.73453,,101,,-3.06667
851,4.74252,,102,,-3.13333
852,4.7505,,103,,-3.2
853,4.75849,,103.333,,-3.13333
854,4.76647,,103.667,,-3.06667
855,4.77446,,104,,-3
856,4.78239,,104,,-2.8
857,4.79032,,104,,-2.6
858,4.79825,,104,,-2.4
859,4.80602,,103.667,,-2.46667
860,4.81379,,103.333,,-2.53333
861,4.82156,,103,,-2.6
862,4.82948,,103,,-2.33333
863,4.83739,,103,,-2.06667
864,4.84531,,103,,-1.8
865,4.85304,,103,,-1.8
866,4.86076,,103,,-1.8
867,4.86849,,103,,-1.8
868,4.8764,,101.5,,-1.7
869,4.88431,,100,,-1.6
870,4.89227,,100,,-1.26667
871,4.90023,,100,,-0.933333
872,4.90819,,100,,-0.6
873,4.9162,,100,,-0.4
874,4.9242,,100,,-0.2
875,4.93221,,100,,0
876,4.94031,,100.667,,0
877,4.94841,,101.333,,0
878,4.95651,,102,,0
879,4.96454,,102.333,,-0.0666667
880,4.97256,,102.667,,-0.133333
881,4.98059,,103,,-0.2
882,4.98848,,103,,-0.333333
883,4.99636,,103,,-0.466667
884,5.00425,,103,,-0.6
885,5.01236,,103,,-0.666667
886,5.02047,,103,,-0.733333
887,5.02858,,103,,-0.8
888,5.03677,,103.333,,-0.933333
889,5.04496,,103.667,,-1.06667
890,5.05315,,104,,-1.2
891,5.06135,,104,,-1.4
892,5.06956,,104,,-1.6
893,5.07776,,104,,-1.8
894,5.08603,,104,,-2
895,5.09429,,104,,-2.2
896,5.10256,,104,,-2.4
897,5.11105,,104.333,,-2.46667
898,5.11955,,104.667,,-2.53333
899,5.12804,,105,,-2.6
900,5.13665,,105.667,,-2.66667
901,5.14525,,106.333,,-2.73333
902,5.15386,,107,,-2.8
903,5.16245,,106.667,,-3.06667
904,5.17105,,106.333,,-3.33333
905,5.17964,,106,,-3.6
906,5.18851,,104.5,,-3.6
907,5.19738,,103,,-3.6
908,5.2062,,103,,-3.66667
909,5.21503,,103,,-3.73333
910,5.22385,,103,,-3.8
911,5.23262,,102.667,,-3.73333
912,5.24139,,102.333,,-3.66667
913,5.25016,,102,,-3.6
914,5.25868,,102,,-3.66667
915,5.26721,,102,,-3.73333
916,5.27573,,102,,-3.8
917,5.28403,,102,,-3.73333
918,5.29234,,102,,-3.66667
919,5.30064,,102,,-3.6
920,5.30882,,102.333,,-3.6
921,5.317,,102.667,,-3.6
922,5.32518,,103,,-3.6
923,5.33353,,103.667,,-3.46667
924,5.34187,,104.333,,-3.33333
925,5.35022,,105,,-3.2
926,5.35846,,105,,-3.13333
927,5.36671,,105,,-3.06667
928,5.37495,,105,,-3
929,5.38317,,105,,-3.06667
930,5.3914,,105,,-3.13333
931,5.39962,,105,,-3.2
932,5.40769,,104.333,,-3.2
933,5.41576,,103.667,,-3.2
934,5.42383,,103,,-3.2
935,5.43188,,102,,-3.13333
936,5.43992,,101,,-3.06667
937,5.44797,,100,,-3
938,5.45569,,100.333,,-2.66667
939,5.46342,,100.667,,-2.33333
940,5.47114,,101,,-2
941,5.47873,,102,,-2
942,5.48632,,103,,-2
943,5.49391,,104,,-2
944,5.50114,,108,,-2
945,5.50817,,108,,-2.2
946,5.51534,,108,,-2.13333
947,5.52252,,108,,-2.06667
948,5.52969,,108,,-2
949,5.53717,,108.667,,-2.13333
950,5.54466,,109.333,,-2.26667
951,5.55214,,110,,-2.4
952,5.55973,,110.333,,-2.4
953,5.56732,,110.667,,-2.4
954,5.57491,,111,,-2.4
955,5.58232,,109.667,,-2.06667
956,5.58972,,108.333,,-1.73333
957,5.59713,,107,,-1.4
958,5.60442,,106.333,,-1.4
959,5.6117,,105.667,,-1.4
960,5.61899,,105,,-1.4
961,5.62608,,105.333,,-1.53333
962,5.63316,,105.667,,-1.66667
963,5.64025,,106,,-1.8
964,5.64744,,105.667,,-2
965,5.65464,,105.333,,-2.2
966,5.66183,,105,,-2.4
967,5.66891,,105,,-2.7
968,5.67598,,105,,-3
969,5.68325,,105,,-3.06667
970,5.69052,,105,,-3.13333
971,5.69779,,105,,-3.2
972,5.70501,,105,,-3.06667
973,5.71224,,105,,-2.93333
974,5.71946,,105,,-2.8
975,5.72669,,104.667,,-3
976,5.73392,,104.333,,-3.2
977,5.74115,,104,,-3.4
978,5.74826,,104,,-3.46667
979,5.75537,,104,,-3.53333
980,5.76248,,104,,-3.6
981,5.7695,,104,,-3.73333
982,5.77651,,104,,-3.86667
983,5.78353,,104,,-4
984,5.79073,,104.333,,-4.13333
985,5.79792,,104.667,,-4.26667
986,5.80512,,105,,-4.4
987,5.81254,,105.333,,-4.73333
988,5.81997,,105.667,,-5.06667
989,5.82739,,106,,-5.4
990,5.83491,,106,,-5.33333
991,5.84244,,106,,-5.26667
992,5.84996,,106,,-5.2
993,5.85773,,105.333,,-5.2
994,5.86551,,104.667,,-5.2
995,5.87328,,104,,-5.2
996,5.8811,,104.333,,-5.26667
997,5.88891,,104.667,,-5.33333
998,5.89673,,105,,-5.4
999,5.90461,,104.333,,-5.46667
1000,5.91249,,103.667,,-5.53333
1001,5.92037,,103,,-5.6
1002,5.92829,,103,,-5.2
1003,5.93622,,103,,-4.8
1004,5.94414,,103,,-4.4
1005,5.95248,,103,,-3.86667
1006,5.96082,,103,,-3.33333
1007,5.96916,,103,,-2.8
1008,5.97769,,102.333,,-2.26667
1009,5.98621,,101.667,,-1.73333
1010,5.99474,,101,,-1.2
1011,6.00341,,101,,-0.8
1012,6.01219,,100.333,,-0.533333
1013,6.02098,,99.6667,,-0.266667
1014,6.02976,,99,,0
1015,6.03854,,98.6667,,-0.133333
1016,6.04732,,98.3333,,-0.266667
1017,6.0561,,98,,-0.4
1018,6.06518,,98,,-0.733333
1019,6.07427,,98,,-1.06667
1020,6.08335,,98,,-1.4
1021,6.09282,,98.3333,,-1.46667
1022,6.10228,,98.6667,,-1.53333
1023,6.11175,,99,,-1.6
1024,6.12121,,98.6667,,-1.73333
1025,6.13066,,98.3333,,-1.86667
1026,6.14012,,98,,-2
1027,6.14939,,97,,-2.13333
1028,6.15865,,96,,-2.26667
1029,6.16792,,95,,-2.4
1030,6.17703,,94.6667,,-2.26667
1031,6.18615,,94.3333,,-2.13333
1032,6.19526,,94,,-2
1033,6.20415,,92.5,,-2
1034,6.21303,,91,,-2
1035,6.22184,,91.3333,,-1.86667
1036,6.23065,,91.6667,,-1.73333
1037,6.23946,,92,,-1.6
1038,6.24834,,93.5,,-1.2
1039,6.25722,,95,,-0.8
1040,6.26548,,95,,-0.4
1041,6.27374,,95,,-1.89848e-14
1042,6.282,,95,,0.4
1043,6.29006,,94.6667,,0.6
1044,6.29811,,94.3333,,0.8
1045,6.30617,,94,,1
1046,6.31409,,94,,0.933333
1047,6.32202,,94,,0.866667
1048,6.32994,,94,,0.8
1049,6.33807,,94.3333,,0.733333
1050,6.3462,,94.6667,,0.666667
1051,6.35433,,95,,0.6
1052,6.36278,,97,,1.1
1053,6.37123,,99,,1.6
1054,6.37972,,98.3333,,1.6
1055,6.38821,,97.6667,,1.6
1056,6.3967,,97,,1.6
1057,6.40538,,97,,1.8
1058,6.41405,,97,,2
1059,6.42273,,97,,2.2
1060,6.43122,,98.3333,,2.4
1061,6.4397,,99.6667,,2.6
1062,6.44819,,101,,2.8
1063,6.45685,,101,,3.26667
1064,6.46552,,101,,3.73333
1065,6.47418,,101,,4.2
1066,6.48304,,101,,4.26667
1067,6.4919,,101,,4.33333
1068,6.50076,,101,,4.4
1069,6.5096,,100.333,,4.2
1070,6.51845,,99.6667,,4
1071,6.52729,,99,,3.8
1072,6.53612,,98.6667,,3.73333
1073,6.54495,,98.3333,,3.66667
1074,6.55378,,98,,3.6
1075,6.56239,,96.3333,,3.26667
1076,6.57101,,94.6667,,2.93333
1077,6.57962,,93,,2.6
1078,6.58835,,93,,2.4
1079,6.59706,,91.5,,2.3
1080,6.60576,,90,,2.2
1081,6.61435,,89.3333,,2
1082,6.62295,,88.6667,,1.8
1083,6.63154,,88,,1.6
1084,6.64006,,88,,1.46667
1085,6.64858,,88,,1.33333
1086,6.6571,,88,,1.2
1087,6.66542,,89.3333,,0.933333
1088,6.67374,,90.6667,,0.666667
1089,6.68206,,92,,0.4
1090,6.69022,,92,,0.133333
1091,6.69837,,92,,-0.133333
1092,6.70653,,92,,-0.4
1093,6.715,,92.6667,,-0.333333
1094,6.72348,,93.3333,,-0.266667
1095,6.73195,,94,,-0.2
1096,6.74035,,94,,-0.466667
1097,6.74874,,94,,-0.733333
1098,6.75714,,94,,-1
1099,6.76623,,95.5,,-0.3
1100,6.77531,,97,,0.4
1101,6.78413,,95.3333,,0.133333
1102,6.79294,,93.6667,,-0.133333
1103,6.80176,,92,,-0.4
1104,6.81109,,90.5,,-0.5
1105,6.82041,,89,,-0.6
1106,6.82986,,89,,-0.666667
1107,6.83931,,89,,-0.733333
1108,6.84876,,89,,-0.8
1109,6.85848,,89,,-1
1110,6.86821,,89,,-1.2
1111,6.87793,,89,,-1.4
1112,6.88766,,90.5,,-1.5
1113,6.89739,,92,,-1.6
1114,6.9072,,93,,-1.6
1115,6.9169,,94,,-1.73333
1116,6.9266,,95,,-1.86667
1117,6.9363,,96,,-2
1118,6.9455,,96,,-2.13333
1119,6.95469,,96,,-2.26667
1120,6.96389,,96,,-2.4
1121,6.97259,,96,,-2.33333
1122,6.98129,,96,,-2.26667
1123,6.98999,,96,,-2.2
1124,6.998,,95,,-2.1
1125,7.00601,,94,,-2
1126,7.01387,,94,,-1.86667
1127,7.02172,,94,,-1.73333
1128,7.02958,,94,,-1.6
1129,7.03707,,94,,-1.4
1130,7.04457,,94,,-1.2
1131,7.05206,,94,,-1
1132,7.05952,,93.3333,,-0.933333
1133,7.06697,,92.6667,,-0.866667
1134,7.07443,,92,,-0.8
1135,7.0822,,89,,-0.8
1136,7.09039,,89.3333,,-0.666667
1137,7.09857,,89.6667,,-0.533333
1138,7.10676,,90,,-0.4
1139,7.11508,,91.5,,-0.2
1140,7.12339,,93,,0
1141,7.13185,,93.6667,,0.0666667
1142,7.1403,,94.3333,,0.133333
1143,7.14876,,95,,0.2
1144,7.15672,,95.6667,,0.333333
1145,7.16468,,96.3333,,0.466667
1146,7.17264,,97,,0.6
1147,7.18029,,96,,0.533333
1148,7.18795,,95,,0.466667
1149,7.1956,,94,,0.4
1150,7.20324,,88,,0.4
1151,7.21073,,87,,0.2
1152,7.21823,,86,,0
1153,7.22572,,85,,-0.2
1154,7.23323,,84.6667,,-0.533333
1155,7.24073,,84.3333,,-0.866667
1156,7.24824,,84,,-1.2
1157,7.2558,,83.6667,,-1.53333
1158,7.26337,,83.3333,,-1.86667
1159,7.27093,,83,,-2.2
1160,7.27885,,83,,-2.4
1161,7.28676,,83,,-2.6
1162,7.29468,,83,,-2.8
1163,7.30254,,82.6667,,-2.93333
1164,7.3104,,82.3333,,-3.06667
1165,7.31826,,82,,-3.2
1166,7.32623,,82.3333,,-3.06667
1167,7.33421,,82.6667,,-2.93333
1168,7.34218,,83,,-2.8
1169,7.35023,,83,,-2.53333
1170,7.35828,,83,,-2.26667
1171,7.36633,,83,,-2
1172,7.37411,,82.6667,,-2.26667
1173,7.38188,,82.3333,,-2.53333
1174,7.38966,,82,,-2.8
1175,7.39735,,81,,-2.93333
1176,7.40503,,80,,-3.06667
1177,7.41272,,79,,-3.2
1178,7.42038,,79,,-3.2
1179,7.42804,,79,,-3.2
1180,7.4357,,79,,-3.2
1181,7.44344,,80,,-3.06667
1182,7.45117,,81,,-2.93333
1183,7.45891,,82,,-2.8
1184,7.46668,,82.3333,,-2.4
1185,7.47445,,82.6667,,-2
1186,7.48222,,83,,-1.6
1187,7.48996,,84.5,,-1.2
1188,7.4977,,86,,-0.8
1189,7.50526,,87.5,,-0.6
1190,7.51281,,89,,-0.4
1191,7.52048,,90,,-0.0666667
1192,7.52816,,91,,0.266667
1193,7.53583,,92,,0.6
1194,7.54359,,92,,0.933333
1195,7.55134,,92,,1.26667
1196,7.5591,,92,,1.6
1197,7.56685,,95,,2
1198,7.57465,,97.5,,2.5
1199,7.58245,,100,,3
1200,7.59043,,100,,3.4
1201,7.59842,,100.333,,3.66667
1202,7.60642,,100.667,,3.93333
1203,7.61441,,101,,4.2
1204,7.62261,,101.667,,4.4
1205,7.63081,,102.333,,4.6
1206,7.63901,,103,,4.8
1207,7.64736,,103,,5
1208,7.6557,,103,,5.2
1209,7.66405,,103,,5.4
1210,7.67245,,102,,5.73333
1211,7.68084,,101,,6.06667
1212,7.68924,,100,,6.4
1213,7.69771,,98.3333,,6.6
1214,7.70617,,96.6667,,6.8
1215,7.71464,,95,,7
1216,7.72318,,95,,7.4
1217,7.73162,,95,,7.8
1218,7.74033,,95,,8
1219,7.74903,,95,,8.2
1220,7.75774,,95,,8.4
1221,7.76644,,95,,8.53333
1222,7.77513,,95,,8.66667
1223,7.78383,,95,,8.8
1224,7.7929,,95,,8.86667
1225,7.80198,,95,,8.93333
1226,7.81105,,95,,9
1227,7.82024,,94.6667,,9.13333
1228,7.82944,,94.3333,,9.26667
1229,7.83863,,94,,9.4
1230,7.84758,,94.6667,,9.6
1231,7.85654,,95.3333,,9.8
1232,7.86549,,96,,10
1233,7.87432,,96.3333,,10.1333
1234,7.88314,,96.6667,,10.2667
1235,7.89197,,97,,10.4
1236,7.90075,,97.3333,,10.4667
1237,7.90952,,97.6667,,10.5333
1238,7.9183,,98,,10.6
1239,7.92688,,98,,10.4667
1240,7.93545,,98,,10.3333
1241,7.94403,,98,,10.2
1242,7.95253,,98,,9.8
1243,7.96103,,98,,9.4
1244,7.96953,,98,,9
1245,7.97805,,98.3333,,8.8
1246,7.98657,,98.6667,,8.6
1247,7.99509,,99,,8.4
1248,8.00345,,101,,7.8
1249,8.01203,,104,,7.6
1250,8.02052,,103.333,,7.66667
1251,8.029,,102.667,,7.73333
1252,8.03749,,102,,7.8
1253,8.04597,,102,,7.66667
1254,8.05444,,102,,7.53333
1255,8.06292,,102,,7.4
1256,8.07144,,102,,7.6
1257,8.07995,,102,,7.8
1258,8.08847,,102,,8
1259,8.09702,,102.333,,8.26667
1260,8.10557,,102.667,,8.53333
1261,8.11412,,103,,8.8
1262,8.12251,,103,,8.86667
1263,8.13089,,103,,8.93333
1264,8.13928,,103,,9
1265,8.14723,,100.333,,8.93333
1266,8.15519,,97.6667,,8.86667
1267,8.16314,,95,,8.8
1268,8.17133,,92,,8.8
1269,8.17926,,91,,8.8
1270,8.1872,,90,,8.8
1271,8.19513,,89,,8.8
1272,8.20322,,88.6667,,8.73333
1273,8.2113,,88.3333,,8.66667
1274,8.21939,,88,,8.6
1275,8.22758,,87.6667,,8.73333
1276,8.23578,,87.3333,,8.86667
1277,8.24397,,87,,9
1278,8.25208,,87,,9.06667
1279,8.26019,,87,,9.13333
1280,8.2683,,87,,9.2
1281,8.27662,,86.6667,,9.4
1282,8.28494,,86.3333,,9.6
1283,8.29326,,86,,9.8
1284,8.30138,,86,,10
1285,8.30951,,86,,10.2
1286,8.31763,,86,,10.4
1287,8.32569,,87.6667,,10.4667
1288,8.33375,,89.3333,,10.5333
1289,8.34181,,91,,10.6
1290,8.34983,,91.6667,,10.6667
1291,8.35786,,92.3333,,10.7333
1292,8.36588,,93,,10.8
1293,8.37373,,94,,10.9333
1294,8.38158,,95,,11.0667
1295,8.38943,,96,,11.2
1296,8.39739,,96.3333,,11.2
1297,8.40536,,96.6667,,11.2
1298,8.41332,,97,,11.2
1299,8.42118,,97.3333,,10.9333
1300,8.42903,,97.6667,,10.6667
1301,8.43689,,98,,10.4
1302,8.44497,,98,,10.0667
1303,8.45306,,98,,9.73333
1304,8.46114,,98,,9.4
1305,8.46922,,98,,9.46667
1306,8.47729,,98,,9.53333
1307,8.48537,,98,,9.6
1308,8.49354,,97.6667,,9.8
1309,8.50172,,97.3333,,10
1310,8.50989,,97,,10.2
1311,8.51774,,98,,10.1333
1312,8.5256,,99,,10.0667
1313,8.53345,,100,,10
1314,8.54151,,99.6667,,10.1333
1315,8.54958,,99.3333,,10.2667
1316,8.55764,,99,,10.4
1317,8.56583,,99.3333,,10.5333
1318,8.57401,,99.6667,,10.6667
1319,8.5822,,100,,10.8
1320,8.59057,,100.667,,10.9333
1321,8.59894,,101.333,,11.0667
1322,8.60731,,102,,11.2
1323,8.61574,,102.333,,11.2667
1324,8.62416,,102.667,,11.3333
1325,8.63259,,103,,11.4
1326,8.64102,,103,,11.5333
1327,8.64944,,103,,11.6667
1328,8.65787,,103,,11.8
1329,8.66541,,103,,11.7333
1330,8.67296,,103,,11.6667
1331,8.6805,,103,,11.6
1332,8.68778,,103,,11.5333
1333,8.69506,,103,,11.4667
1334,8.70234,,103,,11.4
1335,8.71107,,103,,11.4667
1336,8.71979,,103,,11.5333
1337,8.72852,,103,,11.6
1338,8.73759,,105,,11.7
1339,8.74667,,107,,11.8
1340,8.75596,,107.5,,12.1
1341,8.76526,,108,,12.4
1342,8.77434,,109,,12.5333
1343,8.78343,,110,,12.6667
1344,8.79251,,111,,12.8
1345,8.80147,,111,,12.7333
1346,8.81043,,111,,12.6667
1347,8.81939,,111,,12.6
1348,8.82869,,111,,12.2
1349,8.838,,111,,11.8
1350,8.8467,,111.333,,11.7333
1351,8.8554,,111.667,,11.6667
1352,8.8641,,112,,11.6
1353,8.87251,,110,,11.4
1354,8.88093,,108,,11.2
1355,8.88957,,107.333,,10.4667
1356,8.8982,,106.667,,9.73333
1357,8.90684,,106,,9
1358,8.91602,,106,,8.73333
1359,8.92519,,106,,8.46667
1360,8.93437,,106,,8.2
1361,8.94341,,106.5,,7.9
1362,8.95246,,107,,7.6
1363,8.96168,,107,,7.46667
1364,8.9709,,107,,7.33333
1365,8.98012,,107,,7.2
1366,8.98908,,107,,6.86667
1367,8.99805,,107,,6.53333
1368,9.00701,,107,,6.2
1369,9.01606,,107,,5.86667
1370,9.02511,,107,,5.53333
1371,9.03416,,107,,5.2
1372,9.04321,,107,,5.06667
1373,9.05225,,107,,4.93333
1374,9.0613,,107,,4.8
1375,9.07013,,106.667,,4.66667
1376,9.07896,,106.333,,4.53333
1377,9.08779,,106,,4.4
1378,9.09621,,106,,4.33333
1379,9.10462,,106,,4.26667
1380,9.11304,,106,,4.2
1381,9.11964,,107,,4.2
1382,9.12471,,107.25,,4.4
1383,9.12978,,107.5,,4.6
1384,9.13484,,107.75,,4.8
1385,9.13991,,108,,5
1386,9.14665,,108,,5
1387,9.1534,,108,,5
1388,9.16014,,108,,5
1389,9.16765,,108,,5.2
1390,9.17517,,108,,5.4
1391,9.18268,,108,,5.6
1392,9.19088,,108,,5.6
1393,9.19909,,108,,5.6
1394,9.20729,,108,,5.6
1395,9.21599,,107.667,,5.6
1396,9.22468,,107.333,,5.6
1397,9.23338,,107,,5.6
1398,9.242,,107,,5.6
1399,9.2507,,107.333,,5.6
1400,9.2594,,107.667,,5.6
1401,9.2681,,108,,5.6
1402,9.27693,,104,,5.4
1403,9.28577,,100,,5.6
1404,9.29448,,99.6667,,5.53333
1405,9.30318,,99.3333,,5.46667
1406,9.31189,,99,,5.4
1407,9.32043,,98.3333,,5.4
1408,9.32896,,97.6667,,5.4
1409,9.3375,,97,,5.4
1410,9.346,,94,,5.4
1411,9.35449,,94.6667,,5.4
1412,9.36298,,95.3333,,5.4
1413,9.37147,,96,,5.4
1414,9.37994,,97.5,,5.2
1415,9.38841,,99,,5
1416,9.39693,,99.6667,,5.13333
1417,9.40545,,100.333,,5.26667
1418,9.41397,,101,,5.4
1419,9.42263,,100.333,,5.33333
1420,9.4313,,99.6667,,5.26667
1421,9.43996,,99,,5.2
1422,9.44873,,99,,5.2
1423,9.45749,,99,,5.2
1424,9.46626,,99,,5.2
1425,9.47517,,101,,5.2
1426,9.48408,,103,,5.2
1427,9.49295,,110,,5
1428,9.50181,,110.667,,4.86667
1429,9.51068,,111.333,,4.73333
1430,9.51954,,112,,4.6
1431,9.52833,,112,,4.6
1432,9.53713,,112,,4.6
1433,9.54592,,112,,4.6
1434,9.55488,,112,,4.53333
1435,9.56383,,112,,4.46667
1436,9.57279,,112,,4.4
1437,9.58177,,111.333,,4.26667
1438,9.59074,,110.667,,4.13333
1439,9.59972,,110,,4
1440,9.60891,,109.667,,4.2
1441,9.61809,,109.333,,4.4
1442,9.62728,,109,,4.6
1443,9.63675,,109,,4.53333
1444,9.64623,,109,,4.46667
1445,9.6557,,109,,4.4
1446,9.66568,,108.667,,4.4
1447,9.67565,,108.333,,4.4
1448,9.68563,,108,,4.4
1449,9.69593,,108,,4.2
1450,9.70624,,108,,4
1451,9.71666,,107,,4
1452,9.72709,,106,,4
1453,9.73763,,106,,4
1454,9.74816,,106,,4
1455,9.75904,,106,,3.9
1456,9.76991,,106,,3.8
1457,9.78078,,106.5,,3.9
1458,9.79166,,107,,4
1459,9.8026,,107.5,,4
1460,9.81353,,108,,4
1461,9.82417,,109,,4
1462,9.83481,,110,,4
1463,9.84507,,110.5,,4
1464,9.85533,,111,,4
1465,9.86541,,111,,4.2
1466,9.87549,,111,,4.4
1467,9.88508,,111,,4.26667
1468,9.89467,,111,,4.13333
1469,9.90426,,111,,4
1470,9.9133,,110.667,,3.86667
1471,9.92235,,110.333,,3.73333
1472,9.93139,,110,,3.6
1473,9.9403,,109.333,,3.4
1474,9.9492,,108.667,,3.2
1475,9.95811,,108,,3
1476,9.96716,,108,,3.06667
1477,9.97621,,108,,3.13333
1478,9.98526,,108,,3.2
1479,9.99413,,108,,2.9
1480,10.003,,108,,2.6
1481,10.0119,,108.333,,2.46667
1482,10.0209,,108.667,,2.33333
1483,10.0298,,109,,2.2
1484,10.0389,,109.333,,2.2
1485,10.0479,,109.667,,2.2
1486,10.0569,,110,,2.2
1487,10.066,,110,,2.13333
1488,10.0752,,110,,2.06667
1489,10.0843,,110,,2
1490,10.0933,,110.333,,1.93333
1491,10.1024,,110.667,,1.86667
1492,10.1114,,111,,1.8
1493,10.1203,,110,,1.46667
1494,10.1292,,109,,1.13333
1495,10.138,,108,,0.8
1496,10.1468,,106.5,,0.8
1497,10.1556,,105,,0.8
1498,10.1644,,104.333,,0.8
1499,10.1732,,103.667,,0.8
1500,10.1819,,103,,0.8
1501,10.1909,,103,,0.8
1502,10.1999,,103,,0.8
1503,10.2089,,103,,0.8
1504,10.2173,,102,,0.933333
1505,10.2257,,101,,1.06667
1506,10.2341,,100,,1.2
1507,10.2404,,100,,1.5
1508,10.2467,,100,,1.8
1509,10.2525,,100,,1.73333
1510,10.2583,,100,,1.66667
1511,10.2641,,100,,1.6
1512,10.2709,,100,,1.46667
1513,10.2776,,100,,1.33333
1514,10.2843,,100,,1.2
1515,10.2918,,100.333,,1.26667
1516,10.2994,,100.667,,1.33333
1517,10.3069,,101,,1.4
1518,10.3149,,101,,1.6
1519,10.3229,,101.333,,1.2
1520,10.331,,101.667,,0.8
1521,10.339,,102,,0.4
1522,10.3468,,104,,0.2
1523,10.3548,,107,,0
1524,10.3629,,107,,0
1525,10.3712,,108,,0.0666667
1526,10.3795,,109,,0.133333
1527,10.3878,,110,,0.2
1528,10.3964,,109,,0.333333
1529,10.4049,,108,,0.466667
1530,10.4135,,107,,0.6
1531,10.422,,107,,0.933333
1532,10.4305,,107,,1.26667
1533,10.4391,,107,,1.6
1534,10.4473,,107,,1.73333
1535,10.4555,,107,,1.86667
1536,10.4637,,107,,2
1537,10.4721,,107,,2.2
1538,10.4805,,107,,2.4
1539,10.4889,,107,,2.6
1540,10.4978,,107.333,,2.86667
1541,10.5066,,107.667,,3.13333
1542,10.5155,,108,,3.4
1543,10.5245,,108,,4.06667
1544,10.5336,,108,,4.73333
1545,10.5426,,108,,5.4
1546,10.5511,,108,,6.06667
1547,10.5597,,108,,6.73333
1548,10.5682,,108,,7.4
1549,10.577,,108.667,,7.4
1550,10.5859,,109.333,,7.4
1551,10.5948,,110,,7.4
1552,10.6037,,110.333,,7.4
1553,10.6125,,110.667,,7.4
1554,10.6214,,111,,7.4
1555,10.63,,111.333,,7.53333
1556,10.6387,,111.667,,7.66667
1557,10.6473,,112,,7.8
1558,10.6555,,112.333,,8
1559,10.6637,,112.667,,8.2
1560,10.6718,,113,,8.4
1561,10.6804,,112.667,,8.33333
1562,10.6889,,112.333,,8.26667
1563,10.6974,,112,,8.2
1564,10.7057,,112,,7.8
1565,10.714,,111,,7.6
1566,10.7223,,110,,7.4
1567,10.7305,,110,,7.26667
1568,10.7387,,110,,7.13333
1569,10.7469,,110,,7
1570,10.7549,,109.667,,6.8
1571,10.763,,109.333,,6.6
1572,10.7711,,109,,6.4
1573,10.779,,109,,6.5
1574,10.787,,109,,6.6
1575,10.7952,,110,,6.6
1576,10.8035,,111,,6.6
1577,10.8117,,112,,6.6
1578,10.8196,,112,,5.93333
1579,10.8275,,112,,5.26667
1580,10.8354,,112,,4.6
1581,10.8432,,111.333,,4.2
1582,10.8511,,110.667,,3.8
1583,10.859,,110,,3.4
1584,10.8669,,109.333,,3.13333
1585,10.8748,,108.667,,2.86667
1586,10.8827,,108,,2.6
1587,10.8905,,108,,2.66667
1588,10.8983,,108,,2.73333
1589,10.906,,108,,2.8
1590,10.9139,,108.333,,3.06667
1591,10.9217,,108.667,,3.33333
1592,10.9296,,109,,3.6
1593,10.9379,,109,,3.8
1594,10.9463,,109,,4
1595,10.955,,109,,4.33333
1596,10.9637,,109,,4.66667
1597,10.9724,,109,,5
1598,10.9811,,108.667,,5
1599,10.9899,,108.333,,5
1600,10.9986,,108,,5
1601,11.0075,,108,,5.2
1602,11.0161,,107.667,,5
1603,11.0247,,107.333,,4.8
1604,11.0333,,107,,4.6
1605,11.0417,,106.667,,4.46667
1606,11.0501,,106.333,,4.33333
1607,11.0586,,106,,4.2
1608,11.067,,106.333,,4.06667
1609,11.0753,,106.667,,3.93333
1610,11.0837,,107,,3.8
1611,11.0922,,107.667,,3.86667
1612,11.1007,,108.333,,3.93333
1613,11.1092,,109,,4
1614,11.1176,,110.333,,3.73333
1615,11.1259,,111.667,,3.46667
1616,11.1342,,113,,3.2
1617,11.1424,,116,,3
1618,11.1505,,116,,2.6
1619,11.1587,,116,,2.6
1620,11.1669,,116,,2.6
1621,11.1751,,116,,2.6
1622,11.1832,,116,,2.6
1623,11.1914,,116,,2.6
1624,11.1996,,116,,2.6
1625,11.2079,,116,,2.66667
1626,11.2163,,116,,2.73333
1627,11.2246,,116,,2.8
1628,11.2334,,116,,2.73333
1629,11.2422,,116,,2.66667
1630,11.2509,,116,,2.6
1631,11.2598,,116.333,,2.66667
1632,11.2686,,116.667,,2.73333
1633,11.2774,,117,,2.8
1634,11.2861,,117,,2.86667
1635,11.2948,,117,,2.93333
1636,11.3035,,117,,3
1637,11.3123,,116.667,,3.06667
1638,11.3212,,116.333,,3.13333
1639,11.33,,116,,3.2
1640,11.339,,115.667,,3.33333
1641,11.348,,115.333,,3.46667
1642,11.357,,115,,3.6
1643,11.3661,,114.667,,3.8
1644,11.3753,,114.333,,4
1645,11.3844,,114,,4.2
1646,11.3935,,114,,4.2
1647,11.4026,,113.667,,4.4
1648,11.4117,,113.333,,4.6
1649,11.4207,,113,,4.8
1650,11.4298,,112.667,,5
1651,11.4389,,112.333,,5.2
1652,11.448,,112,,5.4
1653,11.4571,,111.667,,5.86667
1654,11.4662,,111.333,,6.33333
1655,11.4753,,111,,6.8
1656,11.4843,,111,,7.2
1657,11.4933,,111,,7.6
1658,11.5023,,111,,8
1659,11.511,,110.5,,8.5
1660,11.5197,,110,,9
1661,11.5283,,110.333,,9.6
1662,11.537,,110.667,,10.2
1663,11.5456,,111,,10.8
1664,11.5529,,111.333,,11.5333
1665,11.5602,,111.667,,12.2667
1666,11.5674,,112,,13
1667,11.5676,,111.6,,13.6
1668,11.5677,,111.2,,14.2
1669,11.5679,,110.8,,14.8
1670,11.5681,,110.4,,15.4
1671,11.5682,,110,,16
1672,11.5695,,110.071,,16.2286
1673,11.5708,,110.143,,16.4571
1674,11.5721,,110.214,,16.6857
1675,11.5733,,110.286,,16.9143
1676,11.5746,,110.357,,17.1429
1677,11.5759,,110.429,,17.3714
1678,11.5772,,110.5,,17.6
1679,11.5785,,110.571,,17.8286
1680,11.5798,,110.643,,18.0571
1681,11.5811,,110.714,,18.2857
1682,11.5823,,110.786,,18.5143
1683,11.5836,,110.857,,18.7429
1684,11.5849,,110.929,,18.9714
1685,11.5862,,111,,19.2
1686,11.5871,,111,,19
1687,11.5881,,111,,19.1
1688,11.589,,111,,19.2
1689,11.5915,,111.429,,19.3143
1690,11.594,,111.857,,19.4286
1691,11.5965,,112.286,,19.5429
1692,11.599,,112.714,,19.6571
1693,11.6014,,113.143,,19.7714
1694,11.6039,,113.571,,19.8857
1695,11.6064,,114,,20
1696,11.6122,,114.25,,19.85
1697,11.618,,114.5,,19.7
1698,11.6238,,114.75,,19.55
1699,11.6296,,115,,19.4
1700,11.6362,,115,,19.2
1701,11.6432,,115.5,,18.9
1702,11.6502,,116,,18.6
1703,11.6576,,116.333,,18.5333
1704,11.6649,,116.667,,18.4667
1705,11.6723,,117,,18.4
1706,11.6799,,117,,18.2667
1707,11.6875,,117,,18.1333
1708,11.6951,,117,,18
1709,11.7029,,116.333,,17.9333
1710,11.7107,,115.667,,17.8667
1711,11.7185,,115,,17.8
1712,11.7266,,116.5,,18
1713,11.7346,,118,,18.2
1714,11.7427,,118.333,,18.0667
1715,11.7508,,118.667,,17.9333
1716,11.7589,,119,,17.8
1717,11.7671,,119,,17.4667
1718,11.7752,,119,,17.1333
1719,11.7834,,119,,16.8
1720,11.7915,,119,,16.8
1721,11.7996,,119,,16.8
1722,11.8077,,119,,16.8
1723,11.8158,,118.667,,16.7333
1724,11.8239,,118.333,,16.6667
1725,11.832,,118,,16.6
1726,11.8402,,117.333,,16.4667
1727,11.8483,,116.667,,16.3333
1728,11.8565,,116,,16.2
1729,11.865,,114.5,,15.9
1730,11.8734,,113,,15.6
1731,11.8822,,112.667,,15.6667
1732,11.8909,,112.333,,15.7333
1733,11.8997,,112,,15.8
1734,11.9088,,111,,15.6
1735,11.9178,,110.667,,15.5333
1736,11.9267,,110.333,,15.4667
1737,11.9357,,110,,15.4
1738,11.9444,,109.5,,15.2
1739,11.9532,,109,,15
1740,11.9618,,108.667,,14.8
1741,11.9705,,108.333,,14.6
1742,11.9791,,108,,14.4
1743,11.9879,,107,,14.2
1744,11.9966,,107,,13.6
1745,12.0054,,107,,13.4
1746,12.0141,,107,,12.7333
1747,12.0227,,107,,12.0667
1748,12.0314,,107,,11.4
1749,12.0402,,106.667,,11.1333
1750,12.049,,106.333,,10.8667
1751,12.0578,,106,,10.6
1752,12.0667,,105.333,,10.4
1753,12.0756,,104.667,,10.2
1754,12.0845,,104,,10
1755,12.0934,,102.5,,9.9
1756,12.1023,,101,,9.8
1757,12.1112,,101,,9.73333
1758,12.1201,,101,,9.66667
1759,12.1289,,101,,9.6
1760,12.138,,100.667,,9.66667
1761,12.147,,100.333,,9.73333
1762,12.156,,100,,9.8
1763,12.165,,97,,9.9
1764,12.174,,94,,10
1765,12.1829,,94,,10.2
1766,12.1917,,94,,10.2
1767,12.2005,,94,,10.2
1768,12.2093,,94,,10.2
1769,12.2181,,94,,10.0667
1770,12.2269,,94,,9.93333
1771,12.2357,,94,,9.8
1772,12.2449,,94.3333,,9.53333
1773,12.2541,,94.6667,,9.26667
1774,12.2633,,95,,9
1775,12.2727,,95,,9.06667
1776,12.282,,95,,9.13333
1777,12.2914,,95,,9.2
1778,12.3007,,95,,9.26667
1779,12.31,,95,,9.33333
1780,12.3193,,95,,9.4
1781,12.329,,95,,9.26667
1782,12.3387,,95,,9.13333
1783,12.3484,,95,,9
1784,12.358,,99,,8.8
1785,12.3675,,102,,8.6
1786,12.3768,,103.5,,8.4
1787,12.386,,105,,8.2
1788,12.3951,,104.667,,8.2
1789,12.4042,,104.333,,8.2
1790,12.4133,,104,,8.2
1791,12.422,,103.333,,8.2
1792,12.4307,,102.667,,8.2
1793,12.4394,,102,,8.2
1794,12.4475,,100,,8.4
1795,12.4557,,98,,8.6
1796,12.4638,,98,,8.4
1797,12.4719,,98,,8.2
1798,12.48,,98,,8
1799,12.4881,,96.6667,,7.93333
1800,12.4962,,95.3333,,7.86667
1801,12.5043,,94,,7.8
1802,12.5127,,94,,7.6
1803,12.5211,,94,,7.4
1804,12.5296,,94,,7.2
1805,12.538,,93.3333,,7.13333
1806,12.5464,,92.6667,,7.06667
1807,12.5548,,92,,7
1808,12.5633,,91.6667,,7
1809,12.5718,,91.3333,,7
1810,12.5803,,91,,7
1811,12.5887,,90.6667,,6.86667
1812,12.597,,90.3333,,6.73333
1813,12.6054,,90,,6.6
1814,12.6138,,89.6667,,6.6
1815,12.6221,,89.3333,,6.6
1816,12.6305,,89,,6.6
1817,12.639,,88.6667,,6.26667
1818,12.6475,,88.3333,,5.93333
1819,12.6559,,88,,5.6
1820,12.6642,,88,,5.26667
1821,12.6725,,88,,4.93333
1822,12.6807,,88,,4.6
1823,12.6887,,89.3333,,4.66667
1824,12.6967,,90.6667,,4.73333
1825,12.7047,,92,,4.8
1826,12.7123,,96,,4.6
1827,12.7202,,99,,4.6
1828,12.7277,,101,,4.8
1829,12.7353,,103,,5
1830,12.7401,,103,,5.25
1831,12.7448,,103,,5.5
1832,12.7496,,103,,5.75
1833,12.7544,,103,,6
1834,12.7574,,103,,5.95
1835,12.7604,,103,,5.9
1836,12.7634,,103,,5.85
1837,12.7664,,103,,5.8
1838,12.7708,,103,,5.6
1839,12.7752,,103,,5.4
1840,12.7812,,103.5,,5.25
1841,12.7871,,104,,5.1
1842,12.7929,,104.5,,4.95
1843,12.7988,,105,,4.8
1844,12.8062,,104.333,,4.86667
1845,12.8135,,103.667,,4.93333
1846,12.8208,,103,,5
1847,12.8288,,103,,5.06667
1848,12.8368,,103,,5.13333
1849,12.8448,,103,,5.2
1850,12.853,,103,,5.53333
1851,12.8612,,103,,5.86667
1852,12.8694,,103,,6.2
1853,12.8779,,101.5,,6.8
1854,12.8865,,100,,7.4
1855,12.895,,100,,7.4
1856,12.9035,,100,,7.4
1857,12.9114,,99.3333,,7.46667
1858,12.9192,,98.6667,,7.53333
1859,12.927,,98,,7.6
1860,12.934,,98,,7.4
1861,12.9405,,97.75,,7.3
1862,12.947,,97.5,,7.2
1863,12.9535,,97.25,,7.1
1864,12.96,,97,,7
1865,12.968,,97.3333,,6.73333
1866,12.976,,97.6667,,6.46667
1867,12.984,,98,,6.2
1868,12.9922,,96.5,,6
1869,13.0004,,95,,5.8
1870,13.0089,,93.6667,,5.46667
1871,13.0173,,92.3333,,5.13333
1872,13.0258,,91,,4.8
1873,13.0343,,91,,4.6
1874,13.0429,,91,,4.4
1875,13.0515,,91,,4.2
1876,13.0602,,91.3333,,3.73333
1877,13.0689,,91.6667,,3.26667
1878,13.0776,,92,,2.8
1879,13.0866,,92,,2.66667
1880,13.0955,,92,,2.53333
1881,13.1045,,92,,2.4
1882,13.1136,,92,,2.4
1883,13.1228,,92,,2.4
1884,13.1319,,92,,2.4
1885,13.1413,,92.6667,,2.06667
1886,13.1507,,93.3333,,1.73333
1887,13.1601,,94,,1.4
1888,13.1695,,94,,1.26667
1889,13.179,,94,,1.13333
1890,13.1884,,94,,1
1891,13.1978,,93.3333,,1
1892,13.2072,,92.6667,,1
1893,13.2167,,92,,1
1894,13.2261,,92.3333,,0.8
1895,13.2356,,92.6667,,0.6
1896,13.2451,,93,,0.4
1897,13.2548,,92.3333,,0.266667
1898,13.2644,,91.6667,,0.133333
1899,13.2741,,91,,0
1900,13.2841,,91,,-0.2
1901,13.2941,,91,,-0.4
1902,13.3041,,91,,-0.6
1903,13.3141,,91,,-0.6
1904,13.3242,,91,,-0.6
1905,13.3343,,90.5,,-0.8
1906,13.3444,,90,,-1
1907,13.3543,,90,,-1.26667
1908,13.3642,,90,,-1.53333
1909,13.3741,,90,,-1.8
1910,13.384,,90,,-1.93333
1911,13.3939,,90,,-2.06667
1912,13.4038,,90,,-2.2
1913,13.4136,,90,,-2.53333
1914,13.4234,,90,,-2.86667
1915,13.4332,,90,,-3.2
1916,13.4431,,90.3333,,-3.26667
1917,13.4529,,90.6667,,-3.33333
1918,13.4628,,91,,-3.4
1919,13.4726,,91,,-3.4
1920,13.4825,,91,,-3.4
1921,13.4923,,91,,-3.4
1922,13.5022,,91,,-3.4
1923,13.512,,91,,-3.4
1924,13.5217,,91.3333,,-3.4
1925,13.5314,,91.6667,,-3.4
1926,13.5412,,92,,-3.4
1927,13.5497,,92.3333,,-3.46667
1928,13.5582,,92.6667,,-3.53333
1929,13.5667,,93,,-3.6
1930,13.5745,,93.6667,,-3.6
1931,13.5823,,94.3333,,-3.6
1932,13.5901,,95,,-3.6
1933,13.5987,,95,,-3.66667
1934,13.6073,,95,,-3.73333
1935,13.6159,,95,,-3.8
1936,13.6247,,94.6667,,-3.93333
1937,13.6334,,94.3333,,-4.06667
1938,13.6422,,94,,-4.2
1939,13.651,,94,,-4.46667
1940,13.6598,,94,,-4.73333
1941,13.6686,,94,,-5
1942,13.6774,,101,,-5.4
1943,13.6862,,104,,-5.6
1944,13.695,,104.333,,-5.53333
1945,13.7038,,104.667,,-5.46667
1946,13.7126,,105,,-5.4
1947,13.7211,,105,,-5.26667
1948,13.7297,,105,,-5.13333
1949,13.7382,,105,,-5
1950,13.7467,,105,,-5
1951,13.7551,,105,,-5
1952,13.7635,,105,,-5
1953,13.772,,105.333,,-5.06667
1954,13.7805,,105.667,,-5.13333
1955,13.7889,,106,,-5.2
1956,13.7974,,106,,-5.13333
1957,13.8058,,106,,-5.06667
1958,13.8143,,106,,-5
1959,13.8227,,106.667,,-4.93333
1960,13.8311,,107.333,,-4.86667
1961,13.8395,,108,,-4.8
1962,13.8481,,108,,-4.73333
1963,13.8566,,108,,-4.66667
1964,13.8651,,108,,-4.6
1965,13.8737,,107.333,,-4.46667
1966,13.8822,,106.667,,-4.33333
1967,13.8908,,106,,-4.2
1968,13.8994,,104.5,,-4.1
1969,13.908,,103,,-4
1970,13.9167,,103,,-4.06667
1971,13.9255,,103,,-4.13333
1972,13.9343,,103,,-4.2
1973,13.943,,104,,-4.2
1974,13.9517,,105,,-4.2
1975,13.9604,,106,,-4.2
1976,13.9691,,106,,-4.13333
1977,13.9778,,106,,-4.06667
1978,13.9865,,106,,-4
1979,13.9952,,106,,-4
1980,14.0039,,106,,-4
1981,14.0126,,106,,-3.93333
1982,14.0212,,106,,-3.86667
1983,14.0299,,106,,-3.8
1984,14.0385,,106,,-3.66667
1985,14.0471,,106,,-3.53333
1986,14.0557,,106,,-3.4
1987,14.0642,,105.333,,-3.33333
1988,14.0727,,104.667,,-3.26667
1989,14.0812,,104,,-3.2
1990,14.0897,,104,,-3.2
1991,14.0981,,104,,-3.2
1992,14.1065,,104,,-3.2
1993,14.115,,104,,-3.2
1994,14.1235,,104,,-3.2
1995,14.132,,104,,-3.2
1996,14.1407,,105,,-3.2
1997,14.1493,,106,,-3.2
1998,14.158,,107,,-3.2
1999,14.1667,,107.667,,-3.2
2000,14.1754,,108.333,,-3.2
2001,14.1842,,109,,-3.2
2002,14.193,,108.667,,-3.13333
2003,14.2018,,108.333,,-3.06667
2004,14.2106,,108,,-3
2005,14.2196,,108.667,,-2.93333
2006,14.2286,,109.333,,-2.86667
2007,14.2376,,110,,-2.8
2008,14.2466,,110,,-2.73333
2009,14.2557,,110,,-2.66667
2010,14.2647,,110,,-2.6
2011,14.2736,,109,,-2.53333
2012,14.2824,,108,,-2.46667
2013,14.2913,,107,,-2.4
2014,14.3001,,107,,-2.33333
2015,14.309,,107,,-2.26667
2016,14.3178,,107,,-2.2
2017,14.3265,,108,,-2.13333
2018,14.3352,,109,,-2.06667
2019,14.3439,,110,,-2
2020,14.3521,,110.667,,-2
2021,14.3603,,111.333,,-2
2022,14.3686,,112,,-2
2023,14.3764,,112.667,,-2
2024,14.3842,,113.333,,-2
2025,14.392,,114,,-2
2026,14.3994,,113.667,,-2.06667
2027,14.4067,,113.333,,-2.13333
2028,14.4141,,113,,-2.2
2029,14.4212,,113,,-2.33333
2030,14.4282,,113,,-2.46667
2031,14.4352,,113,,-2.6
2032,14.4428,,113,,-2.6
2033,14.4503,,113,,-2.6
2034,14.4579,,113,,-2.6
2035,14.4664,,112.333,,-2.53333
2036,14.4748,,111.667,,-2.46667
2037,14.4833,,111,,-2.4
2038,14.492,,109.5,,-2.4
2039,14.5007,,108,,-2.4
2040,14.5096,,104.5,,-2.3
2041,14.5184,,101,,-2.2
2042,14.5274,,100.333,,-2.2
2043,14.5364,,99.6667,,-2.2
2044,14.5454,,99,,-2.2
2045,14.5545,,102,,-2.2
2046,14.5637,,102.667,,-2.2
2047,14.5728,,103.333,,-2.2
2048,14.582,,104,,-2.2
2049,14.5911,,104.667,,-2.33333
2050,14.6003,,105.333,,-2.46667
2051,14.6094,,106,,-2.6
2052,14.6185,,106,,-2.6
2053,14.6276,,106,,-2.6
2054,14.6368,,106,,-2.6
2055,14.6455,,106,,-2.93333
2056,14.6542,,106,,-3.26667
2057,14.6629,,106,,-3.6
2058,14.6717,,105.333,,-3.6
2059,14.6805,,104.667,,-3.6
2060,14.6893,,104,,-3.6
2061,14.698,,103.333,,-3.53333
2062,14.7067,,102.667,,-3.46667
2063,14.7155,,102,,-3.4
2064,14.7242,,101.667,,-3.26667
2065,14.7329,,101.333,,-3.13333
2066,14.7416,,101,,-3
2067,14.7503,,101,,-2.86667
2068,14.759,,101,,-2.73333
2069,14.7677,,101,,-2.6
2070,14.7764,,100.333,,-2.66667
2071,14.7852,,99.6667,,-2.73333
2072,14.794,,99,,-2.8
2073,14.8028,,99.3333,,-2.93333
2074,14.8116,,99.6667,,-3.06667
2075,14.8204,,100,,-3.2
2076,14.8292,,100.667,,-3.26667
2077,14.838,,101.333,,-3.33333
2078,14.8468,,102,,-3.4
2079,14.8557,,102.333,,-3.46667
2080,14.8646,,102.667,,-3.53333
2081,14.8735,,103,,-3.6
2082,14.8828,,103.333,,-3.8
2083,14.8921,,103.667,,-4
2084,14.9014,,104,,-4.2
2085,14.9107,,104,,-4.2
2086,14.92,,104,,-4.2
2087,14.9293,,104,,-4.2
2088,14.9386,,105.333,,-4.26667
2089,14.9478,,106.667,,-4.33333
2090,14.9571,,108,,-4.4
2091,14.9664,,109.667,,-4.4
2092,14.9757,,111.333,,-4.4
2093,14.985,,113,,-4.4
2094,14.9943,,116,,-4.4
2095,15.0035,,118,,-4.2
2096,15.0127,,117,,-4.13333
2097,15.0219,,116,,-4.06667
2098,15.0311,,115,,-4
2099,15.0402,,114.333,,-4.06667
2100,15.0494,,113.667,,-4.13333
2101,15.0585,,113,,-4.2
2102,15.0677,,111,,-4.3
2103,15.0769,,109,,-4.4
2104,15.0859,,109,,-4.46667
2105,15.0949,,109,,-4.53333
2106,15.104,,109,,-4.6
2107,15.1131,,109,,-4.6
2108,15.1222,,109,,-4.6
2109,15.1313,,109,,-4.6
2110,15.1405,,109.333,,-4.66667
2111,15.1497,,109.667,,-4.73333
2112,15.1589,,110,,-4.8
2113,15.1682,,110.667,,-4.86667
2114,15.1774,,111.333,,-4.93333
2115,15.1867,,112,,-5
2116,15.1959,,112.333,,-4.93333
2117,15.2052,,112.667,,-4.86667
2118,15.2144,,113,,-4.8
2119,15.2237,,113,,-4.66667
2120,15.2331,,113,,-4.53333
2121,15.2424,,113,,-4.4
2122,15.2517,,113.333,,-4.46667
2123,15.2611,,113.667,,-4.53333
2124,15.2704,,114,,-4.6
2125,15.2797,,113.667,,-4.73333
2126,15.2889,,113.333,,-4.86667
2127,15.2981,,113,,-5
2128,15.3075,,113,,-4.8
2129,15.3168,,113,,-4.6
2130,15.3261,,113,,-4.4
2131,15.3354,,113.667,,-4.13333
2132,15.3448,,114.333,,-3.86667
2133,15.3541,,115,,-3.6
2134,15.3634,,115,,-3.4
2135,15.3727,,115,,-3.2
2136,15.382,,115,,-3
2137,15.3911,,115.667,,-2.73333
2138,15.4002,,116.333,,-2.46667
2139,15.4092,,117,,-2.2
2140,15.4186,,117.333,,-2.53333
2141,15.4279,,117.667,,-2.86667
2142,15.4372,,118,,-3.2
2143,15.4465,,118.333,,-3.26667
2144,15.4558,,118.667,,-3.33333
2145,15.465,,119,,-3.4
2146,15.4741,,119,,-3.46667
2147,15.4833,,119,,-3.53333
2148,15.4924,,119,,-3.6
2149,15.5014,,118.667,,-3.66667
2150,15.5105,,118.333,,-3.73333
2151,15.5195,,118,,-3.8
2152,15.5283,,116,,-4
2153,15.5372,,114,,-4.2
2154,15.546,,113.667,,-4.26667
2155,15.5548,,113.333,,-4.33333
2156,15.5637,,113,,-4.4
2157,15.5727,,112.667,,-4.46667
2158,15.5818,,112.333,,-4.53333
2159,15.5908,,112,,-4.6
2160,15.5999,,110.667,,-4.66667
2161,15.609,,109.333,,-4.73333
2162,15.6181,,108,,-4.8
2163,15.6273,,108,,-4.8
2164,15.6366,,108,,-4.8
2165,15.6458,,108,,-4.8
2166,15.6552,,108.333,,-4.8
2167,15.6646,,108.667,,-4.8
2168,15.674,,109,,-4.8
2169,15.6835,,109,,-4.8
2170,15.693,,109,,-4.8
2171,15.7024,,109,,-4.8
2172,15.7119,,108.333,,-4.73333
2173,15.7214,,107.667,,-4.66667
2174,15.7309,,107,,-4.6
2175,15.7403,,107,,-4.6
2176,15.7498,,107,,-4.6
2177,15.7592,,107,,-4.6
2178,15.7687,,107.333,,-4.53333
2179,15.7782,,107.667,,-4.46667
2180,15.7877,,108,,-4.4
2181,15.7973,,108,,-4.33333
2182,15.8068,,108,,-4.26667
2183,15.8164,,108,,-4.2
2184,15.8259,,108,,-4.2
2185,15.8355,,108,,-4.2
2186,15.8451,,108,,-4.2
2187,15.8546,,108,,-4.13333
2188,15.864,,108,,-4.06667
2189,15.8735,,108,,-4
2190,15.8829,,112,,-4
2191,15.8923,,113,,-4.06667
2192,15.9016,,114,,-4.13333
2193,15.9109,,115,,-4.2
2194,15.92,,115,,-4.13333
2195,15.929,,115,,-4.06667
2196,15.9381,,115,,-4
2197,15.9469,,114.667,,-3.93333
2198,15.9557,,114.333,,-3.86667
2199,15.9645,,114,,-3.8
2200,15.9729,,113,,-3.66667
2201,15.9813,,112,,-3.53333
2202,15.9896,,111,,-3.4
2203,15.9983,,110,,-3.7
2204,16.0069,,109,,-4
2205,16.0159,,109.333,,-4.13333
2206,16.025,,109.667,,-4.26667
2207,16.034,,110,,-4.4
2208,16.0431,,110,,-4.4
2209,16.0522,,110,,-4.4
2210,16.0613,,110,,-4.4
2211,16.0704,,109.333,,-4.33333
2212,16.0796,,108.667,,-4.26667
2213,16.0887,,108,,-4.2
2214,16.0978,,108.333,,-4.2
2215,16.1068,,108.667,,-4.2
2216,16.1159,,109,,-4.2
2217,16.125,,109.333,,-4.26667
2218,16.1342,,109.667,,-4.33333
2219,16.1433,,110,,-4.4
2220,16.1526,,110,,-4.4
2221,16.1618,,110,,-4.4
2222,16.1711,,110,,-4.4
2223,16.1804,,110.333,,-4.46667
2224,16.1898,,110.667,,-4.53333
2225,16.1991,,111,,-4.6
2226,16.2084,,109.5,,-4.7
2227,16.2178,,108,,-4.8
2228,16.2271,,107.333,,-4.8
2229,16.2364,,106.667,,-4.8
2230,16.2457,,106,,-4.8
2231,16.2551,,106.333,,-4.86667
2232,16.2644,,106.667,,-4.93333
2233,16.2737,,107,,-5
2234,16.283,,107,,-5.13333
2235,16.2923,,107,,-5.26667
2236,16.3016,,107,,-5.4
2237,16.3109,,105.5,,-5.4
2238,16.3201,,104,,-5.4
2239,16.3292,,107,,-5.4
2240,16.3383,,106.667,,-5.4
2241,16.3475,,106.333,,-5.4
2242,16.3566,,106,,-5.4
2243,16.3656,,105,,-5.26667
2244,16.3746,,104,,-5.13333
2245,16.3836,,103,,-5
2246,16.3928,,102,,-4.8
2247,16.4019,,101,,-4.6
2248,16.4111,,100,,-4.4
2249,16.4203,,99.6667,,-4.2
2250,16.4294,,99.3333,,-4
2251,16.4386,,99,,-3.8
2252,16.4475,,105,,-3.4
2253,16.4564,,105,,-3.2
2254,16.465,,105.333,,-2.93333
2255,16.4737,,105.667,,-2.66667
2256,16.4823,,106,,-2.4
2257,16.4906,,106.667,,-2.33333
2258,16.4989,,107.333,,-2.26667
2259,16.5071,,108,,-2.2
2260,16.5155,,109,,-1.86667
2261,16.5238,,110,,-1.53333
2262,16.5322,,111,,-1.2
2263,16.5406,,111.333,,-1.13333
2264,16.5489,,111.667,,-1.06667
2265,16.5573,,112,,-1
2266,16.5657,,112.667,,-0.733333
2267,16.5741,,113.333,,-0.466667
2268,16.5826,,114,,-0.2
2269,16.5909,,114,,-0.0666667
2270,16.5993,,114,,0.0666667
2271,16.6076,,114,,0.2
2272,16.616,,114.333,,0.4
2273,16.6244,,114.667,,0.6
2274,16.6327,,115,,0.8
2275,16.641,,113.5,,1.1
2276,16.6492,,112,,1.4
2277,16.6574,,112,,1.6
2278,16.6656,,112,,1.8
2279,16.6738,,112,,2
2280,16.682,,112.667,,2.06667
2281,16.6902,,113.333,,2.13333
2282,16.6984,,114,,2.2
2283,16.7066,,114.333,,2.2
2284,16.7147,,114.667,,2.2
2285,16.7229,,115,,2.2
2286,16.7311,,115,,2.13333
2287,16.7393,,115,,2.06667
2288,16.7475,,115,,2
2289,16.7556,,114.667,,2.2
2290,16.7636,,114.333,,2.4
2291,16.7717,,114,,2.6
2292,16.7791,,113.667,,2.66667
2293,16.7865,,113.333,,2.73333
2294,16.7939,,113,,2.8
2295,16.8012,,112.667,,2.86667
2296,16.8086,,112.333,,2.93333
2297,16.816,,112,,3
2298,16.8233,,112,,3.13333
2299,16.8306,,112,,3.26667
2300,16.8379,,112,,3.4
2301,16.845,,113,,3.46667
2302,16.8522,,114,,3.53333
2303,16.8593,,115,,3.6
2304,16.8663,,115.333,,3.6
2305,16.8733,,115.667,,3.6
2306,16.8803,,116,,3.6
2307,16.8872,,116.333,,3.6
2308,16.8941,,116.667,,3.6
2309,16.901,,117,,3.6
2310,16.9075,,117,,3.6
2311,16.914,,117,,3.6
2312,16.9205,,117,,3.6
2313,16.927,,117,,3.6
2314,16.932,,117,,3.56
2315,16.9369,,117,,3.52
2316,16.9418,,117,,3.48
2317,16.9467,,117,,3.44
2318,16.9517,,117,,3.4
2319,16.9569,,117,,3.3
2320,16.9621,,117,,3.2
2321,16.9673,,117,,3.1
2322,16.9725,,117,,3
2323,16.9789,,117,,3.1
2324,16.9854,,117,,3.2
2325,16.9918,,117,,3.3
2326,16.9982,,117,,3.4
2327,17.0051,,118,,3.2
2328,17.0125,,118,,3.53333
2329,17.0198,,118,,3.86667
2330,17.0272,,118,,4.2
2331,17.0348,,118,,4.46667
2332,17.0423,,118,,4.73333
2333,17.0499,,118,,5
2334,17.0577,,118,,5.6
2335,17.0656,,118,,6.2
2336,17.0734,,118,,6.8
2337,17.0807,,117.667,,7.13333
2338,17.088,,117.333,,7.46667
2339,17.0953,,117,,7.8
2340,17.1017,,117,,7.75
2341,17.1081,,117,,7.7
2342,17.1145,,117,,7.65
2343,17.1209,,117,,7.6
2344,17.1269,,116.25,,7.65
2345,17.1329,,115.5,,7.7
2346,17.1389,,114.75,,7.75
2347,17.1449,,114,,7.8
2348,17.1506,,114,,7.8
2349,17.1562,,113.75,,7.8
2350,17.1619,,113.5,,7.8
2351,17.1675,,113.25,,7.8
2352,17.1731,,113,,7.8
2353,17.1786,,112.5,,7.6
2354,17.184,,112,,7.4
2355,17.1894,,111.5,,7.2
2356,17.1949,,111,,7
2357,17.1998,,110.667,,7
2358,17.2047,,110.333,,7
2359,17.2096,,110,,7
2360,17.2148,,109.75,,7.05
2361,17.22,,109.5,,7.1
2362,17.2253,,109.25,,7.15
2363,17.2305,,109,,7.2
2364,17.2359,,109.5,,7
2365,17.2414,,110,,6.8
2366,17.2468,,110.5,,6.6
2367,17.2523,,111,,6.4
2368,17.2581,,113,,6.4
2369,17.2639,,115,,6.4
2370,17.2701,,115.5,,6.45
2371,17.2764,,116,,6.5
2372,17.2826,,116.5,,6.55
2373,17.2888,,117,,6.6
2374,17.2953,,116.75,,6.6
2375,17.3018,,116.5,,6.6
2376,17.3083,,116.25,,6.6
2377,17.3148,,116,,6.6
2378,17.3213,,114.5,,6.5
2379,17.3279,,113,,6.4
2380,17.3346,,113,,6.8
2381,17.3413,,113,,7.2
2382,17.3481,,113,,7.6
2383,17.3548,,112.333,,7.8
2384,17.3615,,111.667,,8
2385,17.3683,,111,,8.2
2386,17.375,,109.5,,8.3
2387,17.3818,,108,,8.4
2388,17.3885,,106.5,,8.5
2389,17.3952,,105,,8.6
2390,17.4018,,101,,8.4
2391,17.4086,,101,,8.2
2392,17.4156,,101,,8.26667
2393,17.4227,,101,,8.33333
2394,17.4298,,101,,8.4
2395,17.437,,101.333,,8.33333
2396,17.4443,,101.667,,8.26667
2397,17.4515,,102,,8.2
2398,17.4587,,101.667,,8.26667
2399,17.4659,,101.333,,8.33333
2400,17.4731,,101,,8.4
2401,17.4802,,101.333,,8.4
2402,17.4872,,101.667,,8.4
2403,17.4942,,102,,8.4
2404,17.5009,,101.667,,8.6
2405,17.5077,,101.333,,8.8
2406,17.5144,,101,,9
2407,17.5188,,101,,9.2
2408,17.5231,,101,,9.4
2409,17.5274,,101,,9.6
2410,17.5277,,100.706,,9.65882
2411,17.528,,100.412,,9.71765
2412,17.5282,,100.118,,9.77647
2413,17.5285,,99.8235,,9.83529
2414,17.5287,,99.5294,,9.89412
2415,17.529,,99.2353,,9.95294
2416,17.5292,,98.9412,,10.0118
2417,17.5295,,98.6471,,10.0706
2418,17.5297,,98.3529,,10.1294
2419,17.53,,98.0588,,10.1882
2420,17.5303,,97.7647,,10.2471
2421,17.5305,,97.4706,,10.3059
2422,17.5308,,97.1765,,10.3647
2423,17.531,,96.8824,,10.4235
2424,17.5313,,96.5882,,10.4824
2425,17.5315,,96.2941,,10.5412
2426,17.5318,,96,,10.6
2427,17.5321,,89,,11
2428,17.5324,,87.5,,11.2
2429,17.5328,,86,,11.4
2430,17.5329,,85,,11.6
2431,17.5331,,84,,11.8
2432,17.5332,,83,,12
2433,17.5333,,82.5,,12.1333
2434,17.5333,,82,,12.2667
2435,17.5334,,81.5,,12.4
2436,17.5335,,81,,12.5333
2437,17.5335,,80.5,,12.6667
2438,17.5336,,80,,12.8
2439,17.5336,,79,,13.0667
2440,17.5336,,78,,13.3333
2441,17.5337,,77,,13.6
2442,17.5337,,76.25,,13.85
2443,17.5338,,75.5,,14.1
2444,17.5339,,74.75,,14.35
2445,17.5339,,74,,14.6
2446,17.5339,,74.5,,14.7667
2447,17.5339,,75,,14.9333
2448,17.5339,,75.5,,15.1
2449,17.5339,,76,,15.2667
2450,17.5339,,76.5,,15.4333
2451,17.5339,,77,,15.6
2452,17.5342,,77.5714,,15.7429
2453,17.5344,,78.1429,,15.8857
2454,17.5347,,78.7143,,16.0286
2455,17.535,,79.2857,,16.1714
2456,17.5352,,79.8571,,16.3143
2457,17.5355,,80.4286,,16.4571
2458,17.5357,,81,,16.6
2459,17.5359,,81.375,,16.575
2460,17.536,,81.75,,16.55
2461,17.5362,,82.125,,16.525
2462,17.5363,,82.5,,16.5
2463,17.5365,,82.875,,16.475
2464,17.5366,,83.25,,16.45
2465,17.5368,,83.625,,16.425
2466,17.5369,,84,,16.4
2467,17.5376,,84.4286,,16.3143
2468,17.5383,,84.8571,,16.2286
2469,17.539,,85.2857,,16.1429
2470,17.5397,,85.7143,,16.0571
2471,17.5404,,86.1429,,15.9714
2472,17.5411,,86.5714,,15.8857
2473,17.5417,,87,,15.8
2474,17.5453,,87.1667,,15.7
2475,17.5488,,87.3333,,15.6
2476,17.5523,,87.5,,15.5
2477,17.5558,,87.6667,,15.4
2478,17.5593,,87.8333,,15.3
2479,17.5628,,88,,15.2
2480,17.5687,,88.25,,15.2
2481,17.5747,,88.5,,15.2
2482,17.5806,,88.75,,15.2
2483,17.5865,,89,,15.2
2484,17.5932,,90,,15.15
2485,17.5999,,91,,15.1
2486,17.6066,,92,,15.05
2487,17.6133,,93,,15
2488,17.6201,,93.6667,,15.0667
2489,17.6269,,94.3333,,15.1333
2490,17.6337,,95,,15.2
2491,17.6409,,94,,15
2492,17.648,,93,,14.8
2493,17.6551,,92,,14.6
2494,17.6625,,91.6667,,14.4
2495,17.6698,,91.3333,,14.2
2496,17.6772,,91,,14
2497,17.6849,,91,,13.8667
2498,17.6925,,91,,13.7333
2499,17.7002,,91,,13.6
2500,17.7081,,91,,13.4667
2501,17.7159,,91,,13.3333
2502,17.7238,,91,,13.2
2503,17.7319,,89,,13.0667
2504,17.74,,87,,12.9333
2505,17.7481,,85,,12.8
2506,17.7563,,83,,12.6
2507,17.7645,,81,,12.4
2508,17.7725,,80.3333,,12.2
2509,17.7806,,79.6667,,12
2510,17.7887,,79,,11.8
2511,17.7969,,78.6667,,11.6667
2512,17.805,,78.3333,,11.5333
2513,17.8132,,78,,11.4
2514,17.8214,,79.6667,,11.2
2515,17.8295,,81.3333,,11
2516,17.8377,,83,,10.8
2517,17.8457,,84.5,,10.6
2518,17.8537,,86,,10.4
2519,17.8617,,91,,10.4
2520,17.8696,,96,,10.4
2521,17.8776,,97.5,,10.4
2522,17.8857,,99,,10.4
2523,17.8938,,100,,10.0667
2524,17.9019,,101,,9.73333
2525,17.91,,102,,9.4
2526,17.9183,,102.333,,9.46667
2527,17.9266,,102.667,,9.53333
2528,17.9349,,103,,9.6
2529,17.9434,,103,,9.53333
2530,17.9518,,103,,9.46667
2531,17.9603,,103,,9.4
2532,17.9688,,102.667,,9.33333
2533,17.9774,,102.333,,9.26667
2534,17.986,,102,,9.2
2535,17.9947,,103,,9.2
2536,18.0034,,104,,9.2
2537,18.0119,,104.667,,9.13333
2538,18.0204,,105.333,,9.06667
2539,18.0289,,106,,9
2540,18.0375,,106,,8.93333
2541,18.0461,,106,,8.86667
2542,18.0547,,106,,8.8
2543,18.0634,,105.667,,8.73333
2544,18.0721,,105.333,,8.66667
2545,18.0809,,105,,8.6
2546,18.0895,,106.5,,8.7
2547,18.0982,,108,,8.8
2548,18.107,,111,,9
2549,18.1158,,111,,9
2550,18.1244,,111,,9
2551,18.1331,,111,,9
2552,18.1417,,111,,9
2553,18.1503,,110.667,,9.33333
2554,18.1588,,110.333,,9.66667
2555,18.1674,,110,,10
2556,18.1758,,110.333,,10.1333
2557,18.1841,,110.667,,10.2667
2558,18.1925,,111,,10.4
2559,18.2009,,111,,10.5333
2560,18.2092,,111,,10.6667
2561,18.2176,,111,,10.8
2562,18.2259,,111,,11
2563,18.2341,,111,,11.2
2564,18.2424,,111,,11.4
2565,18.2506,,111,,11.4
2566,18.2589,,111,,11.4
2567,18.2671,,111,,11.4
2568,18.2753,,108,,11.6
2569,18.2833,,108,,11.6667
2570,18.2913,,108,,11.7333
2571,18.2994,,108,,11.8
2572,18.3074,,107.667,,12.0667
2573,18.3155,,107.333,,12.3333
2574,18.3235,,107,,12.6
2575,18.3315,,106.667,,12.6
2576,18.3394,,106.333,,12.6
2577,18.3474,,106,,12.6
2578,18.3555,,105.667,,12.6
2579,18.3635,,105.333,,12.6
2580,18.3716,,105,,12.6
2581,18.3799,,105,,12.4667
2582,18.3883,,105,,12.3333
2583,18.3966,,105,,12.2
2584,18.4051,,104.667,,12.2
2585,18.4135,,104.333,,12.2
2586,18.4219,,104,,12.2
2587,18.4305,,103.667,,12.2667
2588,18.439,,103.333,,12.3333
2589,18.4475,,103,,12.4
2590,18.4559,,106,,12.5
2591,18.4644,,109,,12.6
2592,18.4727,,109.333,,12.5333
2593,18.4811,,109.667,,12.4667
2594,18.4894,,110,,12.4
2595,18.4979,,110,,12.0667
2596,18.5064,,110,,11.7333
2597,18.5149,,110,,11.4
2598,18.5234,,110,,10.8667
2599,18.5319,,110,,10.3333
2600,18.5404,,110,,9.8
2601,18.549,,110,,9.73333
2602,18.5575,,110,,9.66667
2603,18.5661,,110,,9.6
2604,18.5745,,109.333,,9.4
2605,18.583,,108.667,,9.2
2606,18.5914,,108,,9
2607,18.5998,,107.667,,8.86667
2608,18.6082,,107.333,,8.73333
2609,18.6166,,107,,8.6
2610,18.6251,,107.333,,8.66667
2611,18.6335,,107.667,,8.73333
2612,18.642,,108,,8.8
2613,18.6504,,109.5,,9.1
2614,18.6588,,111,,9.4
2615,18.6673,,111,,9.4
2616,18.6757,,111,,9.4
2617,18.6842,,111,,9.4
2618,18.6926,,110.667,,9.4
2619,18.701,,110.333,,9.4
2620,18.7095,,110,,9.4
2621,18.718,,110,,9.46667
2622,18.7265,,110,,9.53333
2623,18.7349,,110,,9.6
2624,18.7435,,110.333,,9.46667
2625,18.7521,,110.667,,9.33333
2626,18.7607,,111,,9.2
2627,18.7692,,110.333,,9
2628,18.7777,,109.667,,8.8
2629,18.7862,,109,,8.6
2630,18.7945,,108.667,,8.4
2631,18.8029,,108.333,,8.2
2632,18.8112,,108,,8
2633,18.8195,,107,,8.06667
2634,18.8277,,106,,8.13333
2635,18.836,,105,,8.2
2636,18.8441,,103,,8.2
2637,18.8522,,101,,8.2
2638,18.8604,,100,,8.26667
2639,18.8687,,99,,8.33333
2640,18.8769,,98,,8.4
2641,18.8851,,98.3333,,8.53333
2642,18.8932,,98.6667,,8.66667
2643,18.9014,,99,,8.8
2644,18.9097,,99,,9.2
2645,18.9175,,98.6667,,9.33333
2646,18.9254,,98.3333,,9.46667
2647,18.9332,,98,,9.6
2648,18.9407,,97,,9.2
2649,18.9483,,96,,8.8
2650,18.9558,,95,,8.4
2651,18.9639,,94.5,,8.5
2652,18.9719,,94,,8.6
2653,18.9803,,93,,8.6
2654,18.9888,,93,,8.53333
2655,18.9973,,93,,8.46667
2656,19.0058,,93,,8.4
2657,19.0146,,92.6667,,8.33333
2658,19.0234,,92.3333,,8.26667
2659,19.0321,,92,,8.2
2660,19.0409,,92,,8.33333
2661,19.0497,,92,,8.46667
2662,19.0585,,92,,8.6
2663,19.0673,,92,,8.73333
2664,19.076,,92,,8.86667
2665,19.0848,,92,,9
2666,19.0936,,91.6667,,9.06667
2667,19.1023,,91.3333,,9.13333
2668,19.111,,91,,9.2
2669,19.1197,,90.6667,,9.2
2670,19.1284,,90.3333,,9.2
2671,19.1371,,90,,9.2
2672,19.1462,,89.3333,,9.2
2673,19.1553,,88.6667,,9.2
2674,19.1643,,88,,9.2
2675,19.1737,,86.5,,9.2
2676,19.183,,85,,9.2
2677,19.1924,,84.6667,,9.13333
2678,19.2019,,84.3333,,9.06667
2679,19.2113,,84,,9
2680,19.2208,,82.5,,9
2681,19.2302,,81,,9
2682,19.2397,,80,,9
2683,19.2492,,79,,9
2684,19.2587,,78,,9
2685,19.268,,77.6667,,8.86667
2686,19.2773,,77.3333,,8.73333
2687,19.2866,,77,,8.6
2688,19.2957,,76.6667,,8.73333
2689,19.3048,,76.3333,,8.86667
2690,19.3139,,76,,9
2691,19.3228,,76,,9.13333
2692,19.3317,,76,,9.26667
2693,19.3407,,76,,9.4
2694,19.3494,,77,,9.26667
2695,19.3582,,78,,9.13333
2696,19.3669,,79,,9
2697,19.3758,,82,,9
2698,19.3845,,86,,8.8
2699,19.3932,,87.5,,8.8
2700,19.402,,89,,8.8
2701,19.4107,,89.3333,,8.66667
2702,19.4195,,89.6667,,8.53333
2703,19.4282,,90,,8.4
2704,19.4368,,90.3333,,8.26667
2705,19.4454,,90.6667,,8.13333
2706,19.454,,91,,8
2707,19.4628,,92.6667,,7.93333
2708,19.4715,,94.3333,,7.86667
2709,19.4803,,96,,7.8
2710,19.489,,101,,7.6
2711,19.4978,,101.667,,7.6
2712,19.5067,,102.333,,7.6
2713,19.5155,,103,,7.6
2714,19.5245,,103.667,,7.8
2715,19.5335,,104.333,,8
2716,19.5425,,105,,8.2
2717,19.5514,,105,,8.2
2718,19.5603,,105,,8.2
2719,19.5693,,105,,8.2
2720,19.5782,,101,,8
2721,19.5872,,100.333,,7.93333
2722,19.5963,,99.6667,,7.86667
2723,19.6054,,99,,7.8
2724,19.6145,,98.3333,,7.73333
2725,19.6237,,97.6667,,7.66667
2726,19.6328,,97,,7.6
2727,19.6419,,95,,7.7
2728,19.651,,93,,7.8
2729,19.6601,,90,,7.6
2730,19.6693,,90,,7.6
2731,19.6786,,90,,7.6
2732,19.6878,,90,,7.6
2733,19.6971,,90,,7.6
2734,19.7064,,90,,7.6
2735,19.7158,,90,,7.6
2736,19.7251,,90,,7.6
2737,19.7345,,89.6667,,7.6
2738,19.744,,89.3333,,7.6
2739,19.7535,,89,,7.6
2740,19.7628,,88.3333,,7.66667
2741,19.7721,,87.6667,,7.73333
2742,19.7813,,87,,7.8
2743,19.7906,,84,,7.8
2744,19.7998,,83.6667,,7.73333
2745,19.809,,83.3333,,7.66667
2746,19.8181,,83,,7.6
2747,19.8272,,81.5,,7.6
2748,19.8363,,80,,7.6
2749,19.8454,,79.6667,,7.6
2750,19.8544,,79.3333,,7.6
2751,19.8634,,79,,7.6
2752,19.8723,,79.6667,,7.66667
2753,19.8811,,80.3333,,7.73333
2754,19.89,,81,,7.8
2755,19.8988,,81,,7.8
2756,19.9075,,81,,7.8
2757,19.9163,,81,,7.8
2758,19.9249,,81,,7.8
2759,19.9336,,81,,7.8
2760,19.9423,,81,,7.8
2761,19.9509,,82.3333,,7.86667
2762,19.9595,,83.6667,,7.93333
2763,19.9681,,85,,8
2764,19.9766,,85.3333,,8.06667
2765,19.9851,,85.6667,,8.13333
2766,19.9936,,86,,8.2
2767,20.0022,,86,,8.2
2768,20.0108,,85.6667,,8.26667
2769,20.0194,,85.3333,,8.33333
2770,20.0281,,85,,8.4
2771,20.0366,,85.3333,,8.4
2772,20.0452,,85.6667,,8.4
2773,20.0537,,86,,8.4
2774,20.0622,,86.6667,,8.4
2775,20.0707,,87.3333,,8.4
2776,20.0792,,88,,8.4
2777,20.0878,,88.6667,,8.4
2778,20.0963,,89.3333,,8.4
2779,20.1049,,90,,8.4
2780,20.1135,,90.3333,,8.46667
2781,20.1221,,90.6667,,8.53333
2782,20.1307,,91,,8.6
2783,20.1393,,91.3333,,8.8
2784,20.1478,,91.6667,,9
2785,20.1564,,92,,9.2
2786,20.1649,,95,,9.2
2787,20.1734,,103,,9.2
2788,20.1819,,107,,9.2
2789,20.1905,,110,,9.2
2790,20.199,,110.667,,9.06667
2791,20.2075,,111.333,,8.93333
2792,20.216,,112,,8.8
2793,20.2243,,113.5,,8.9
2794,20.2326,,115,,9
2795,20.2412,,115,,8.8
2796,20.2497,,115,,8.6
2797,20.2583,,115,,8.4
2798,20.2669,,115,,8.33333
2799,20.2755,,115,,8.26667
2800,20.2841,,115,,8.2
2801,20.2928,,115,,8.46667
2802,20.3015,,115,,8.73333
2803,20.3102,,115,,9
2804,20.3188,,113,,9.2
2805,20.3274,,111,,9.4
2806,20.3362,,109,,9.6
2807,20.345,,107,,9.8
2808,20.3539,,104,,9.8
2809,20.3628,,103.667,,9.93333
2810,20.3717,,103.333,,10.0667
2811,20.3806,,103,,10.2
2812,20.3894,,102.667,,10.3333
2813,20.3983,,102.333,,10.4667
2814,20.4072,,102,,10.6
2815,20.416,,100.5,,10.8
2816,20.4249,,99,,11
2817,20.4338,,100,,11
2818,20.4426,,101,,11
2819,20.4515,,102,,11
2820,20.4604,,103.333,,11.2
2821,20.4693,,104.667,,11.4
2822,20.4781,,106,,11.6
2823,20.487,,106.333,,11.8
2824,20.4959,,106.667,,12
2825,20.5048,,107,,12.2
2826,20.5136,,106.667,,12.3333
2827,20.5225,,106.333,,12.4667
2828,20.5313,,106,,12.6
2829,20.54,,104.5,,12.5
2830,20.5487,,103,,12.4
2831,20.5573,,102.333,,12.4
2832,20.5659,,101.667,,12.4
2833,20.5746,,101,,12.4
2834,20.5832,,100,,12.4
2835,20.5919,,99,,12.4
2836,20.6006,,98,,12.4
2837,20.6092,,98,,12.6
2838,20.6179,,98,,12.8
2839,20.6266,,98,,13
2840,20.6354,,98.6667,,13.1333
2841,20.6442,,99.3333,,13.2667
2842,20.653,,100,,13.4
2843,20.6619,,103,,13.4
2844,20.671,,107,,13.6
2845,20.6798,,108,,13.6
2846,20.6886,,109,,13.6
2847,20.6974,,110,,13.6
2848,20.7067,,110,,13.5333
2849,20.716,,110,,13.4667
2850,20.7253,,110,,13.4
2851,20.7346,,110.667,,13.3333
2852,20.744,,111.333,,13.2667
2853,20.7534,,112,,13.2
2854,20.7628,,111.667,,13.0667
2855,20.7721,,111.333,,12.9333
2856,20.7814,,111,,12.8
2857,20.7909,,111,,12.8667
2858,20.8003,,111,,12.9333
2859,20.8098,,111,,13
2860,20.819,,111.333,,13.0667
2861,20.8282,,111.667,,13.1333
2862,20.8374,,112,,13.2
2863,20.8464,,112,,13.2
2864,20.8553,,112,,13.2
2865,20.8643,,112,,13.2
2866,20.8732,,113,,13.1333
2867,20.8821,,114,,13.0667
2868,20.891,,115,,13
2869,20.8999,,115.333,,12.8
2870,20.9088,,115.667,,12.6
2871,20.9177,,116,,12.4
2872,20.9268,,115.667,,12.4667
2873,20.9359,,115.333,,12.5333
2874,20.9449,,115,,12.6
2875,20.9536,,115.333,,12.4
2876,20.9623,,115.667,,12.2
2877,20.971,,116,,12
2878,20.9796,,115.333,,11.5333
2879,20.9881,,114.667,,11.0667
2880,20.9967,,114,,10.6
2881,21.0051,,114,,10.2
2882,21.0139,,114,,10.2
2883,21.0227,,114,,10.2
2884,21.0315,,114,,10.2
2885,21.0407,,113.333,,10.2
2886,21.0498,,112.667,,10.2
2887,21.0589,,112,,10.2
2888,21.0681,,113,,9.8
2889,21.0773,,114,,9.4
2890,21.0865,,115,,9
2891,21.0958,,114.667,,8.93333
2892,21.1052,,114.333,,8.86667
2893,21.1145,,114,,8.8
2894,21.1237,,114,,8.33333
2895,21.1329,,114,,7.86667
2896,21.1421,,114,,7.4
2897,21.1513,,113.333,,7.2
2898,21.1605,,112.667,,7
2899,21.1698,,112,,6.8
2900,21.1786,,111.333,,6.73333
2901,21.1875,,110.667,,6.66667
2902,21.1963,,110,,6.6
2903,21.2051,,110.333,,6.66667
2904,21.2139,,110.667,,6.73333
2905,21.2226,,111,,6.8
2906,21.2312,,111.333,,6.93333
2907,21.2398,,111.667,,7.06667
2908,21.2484,,112,,7.2
2909,21.2567,,112.667,,7.4
2910,21.2649,,113.333,,7.6
2911,21.2732,,114,,7.8
2912,21.2812,,114.667,,8
2913,21.2892,,115.333,,8.2
2914,21.2972,,116,,8.4
2915,21.3054,,115.333,,9
2916,21.3136,,114.667,,9.6
2917,21.3218,,114,,10.2
2918,21.3298,,114,,10.4667
2919,21.3378,,114,,10.7333
2920,21.3458,,114,,11
2921,21.3536,,114,,11.0667
2922,21.3613,,114,,11.1333
2923,21.3691,,114,,11.2
2924,21.3766,,113.333,,11.3333
2925,21.384,,112.667,,11.4667
2926,21.3915,,112,,11.6
2927,21.399,,112,,11.6
2928,21.4065,,112,,11.6
2929,21.4141,,112,,11.6
2930,21.4218,,112,,11.6
2931,21.4296,,112,,11.6
2932,21.4374,,112,,11.6
2933,21.445,,111.667,,11.6667
2934,21.4526,,111.333,,11.7333
2935,21.4602,,111,,11.8
2936,21.4677,,110.333,,12
2937,21.4753,,109.667,,12.2
2938,21.4828,,109,,12.4
2939,21.4904,,107.5,,12.5
2940,21.4981,,106,,12.6
2941,21.5059,,105.667,,12.6667
2942,21.5137,,105.333,,12.7333
2943,21.5215,,105,,12.8
2944,21.5293,,104.667,,12.8667
2945,21.5372,,104.333,,12.9333
2946,21.5451,,104,,13
2947,21.5531,,102.5,,13.1
2948,21.561,,101,,13.2
2949,21.5692,,100.667,,13.2667
2950,21.5774,,100.333,,13.3333
2951,21.5857,,100,,13.4
2952,21.5944,,100.667,,13.4667
2953,21.6031,,101.333,,13.5333
2954,21.6118,,102,,13.6
2955,21.6206,,102.667,,13.7333
2956,21.6295,,103.333,,13.8667
2957,21.6384,,104,,14
2958,21.6475,,104.333,,13.7333
2959,21.6566,,104.667,,13.4667
2960,21.6657,,105,,13.2
2961,21.6749,,103.667,,13.0667
2962,21.6841,,102.333,,12.9333
2963,21.6933,,101,,12.8
2964,21.7027,,99.5,,12.6
2965,21.7121,,98,,12.4
2966,21.7217,,97.6667,,12.2
2967,21.7314,,97.3333,,12
2968,21.741,,97,,11.8
2969,21.751,,97,,11.5333
2970,21.761,,97,,11.2667
2971,21.771,,97,,11
2972,21.781,,97.5,,10.7
2973,21.791,,98,,10.4
2974,21.8012,,98.5,,10
2975,21.8114,,99,,9.6
2976,21.8213,,104,,9.4
2977,21.8309,,107,,9.2
2978,21.8407,,111,,9
2979,21.8506,,111,,8.6
2980,21.8607,,111.5,,8.5
2981,21.8708,,112,,8.4
2982,21.8806,,112,,8.26667
2983,21.8905,,112,,8.13333
2984,21.9003,,112,,8
2985,21.9098,,111.667,,7.93333
2986,21.9192,,111.333,,7.86667
2987,21.9287,,111,,7.8
2988,21.9377,,110.667,,8
2989,21.9466,,110.333,,8.2
2990,21.9556,,110,,8.4
2991,21.9642,,109,,8.66667
2992,21.9728,,108,,8.93333
2993,21.9814,,107,,9.2
2994,21.99,,106.333,,8.93333
2995,21.9986,,105.667,,8.66667
2996,22.0072,,105,,8.4
2997,22.0157,,105,,8.13333
2998,22.0242,,105,,7.86667
2999,22.0328,,105,,7.6
3000,22.0412,,105,,7.4
3001,22.0496,,105,,7.2
3002,22.058,,105,,7
3003,22.0665,,103.667,,6.73333
3004,22.0749,,102.333,,6.46667
3005,22.0834,,101,,6.2
3006,22.0915,,101.333,,6.26667
3007,22.0996,,101.667,,6.33333
3008,22.1077,,102,,6.4
3009,22.1158,,102.667,,6.53333
3010,22.1239,,103.333,,6.66667
3011,22.132,,104,,6.8
3012,22.14,,104,,6.6
3013,22.148,,104,,6.4
3014,22.156,,104,,6.2
3015,22.1641,,104.333,,6.26667
3016,22.1723,,104.667,,6.33333
3017,22.1804,,105,,6.4
3018,22.1887,,104.667,,6.13333
3019,22.1971,,104.333,,5.86667
3020,22.2054,,104,,5.6
3021,22.214,,104,,5.53333
3022,22.2226,,104,,5.46667
3023,22.2312,,104,,5.4
3024,22.2399,,104.667,,5.46667
3025,22.2486,,105.333,,5.53333
3026,22.2573,,106,,5.6
3027,22.266,,106.667,,5.73333
3028,22.2746,,107.333,,5.86667
3029,22.2833,,108,,6
3030,22.292,,107.667,,6.33333
3031,22.3007,,107.333,,6.66667
3032,22.3094,,107,,7
3033,22.3178,,106,,7.2
3034,22.3262,,105,,7.4
3035,22.3347,,104,,7.6
3036,22.3431,,103.667,,7.8
3037,22.3516,,103.333,,8
3038,22.3601,,103,,8.2
3039,22.3686,,103.333,,8.13333
3040,22.3771,,103.667,,8.06667
3041,22.3856,,104,,8
3042,22.3944,,103.333,,8.06667
3043,22.4032,,102.667,,8.13333
3044,22.412,,102,,8.2
3045,22.4211,,102,,8.33333
3046,22.4302,,102,,8.46667
3047,22.4393,,102,,8.6
3048,22.4485,,101.667,,8.86667
3049,22.4578,,101.333,,9.13333
3050,22.467,,101,,9.4
3051,22.476,,102.5,,9.8
3052,22.4849,,104,,10.2
3053,22.4938,,104.333,,10.4667
3054,22.5027,,104.667,,10.7333
3055,22.5116,,105,,11
3056,22.5206,,105.333,,10.6667
3057,22.5297,,105.667,,10.3333
3058,22.5387,,106,,10
3059,22.5477,,106,,9.86667
3060,22.5568,,106,,9.73333
3061,22.5658,,106,,9.6
3062,22.5747,,106,,9.6
3063,22.5837,,106,,9.6
3064,22.5927,,106,,9.6
3065,22.6017,,106.333,,9.46667
3066,22.6108,,106.667,,9.33333
3067,22.6198,,107,,9.2
3068,22.6288,,107,,8.93333
3069,22.6378,,107,,8.66667
3070,22.6467,,107,,8.4
3071,22.656,,107.333,,8.33333
3072,22.6652,,107.667,,8.26667
3073,22.6745,,108,,8.2
3074,22.6835,,108.333,,8.2
3075,22.6925,,108.667,,8.2
3076,22.7015,,109,,8.2
3077,22.7105,,108.667,,8.13333
3078,22.7194,,108.333,,8.06667
3079,22.7283,,108,,8
3080,22.7372,,107.667,,7.86667
3081,22.7461,,107.333,,7.73333
3082,22.755,,107,,7.6
3083,22.764,,106.667,,7.53333
3084,22.773,,106.333,,7.46667
3085,22.7821,,106,,7.4
3086,22.7911,,107.667,,7.46667
3087,22.8,,109.333,,7.53333
3088,22.809,,111,,7.6
3089,22.8181,,111.667,,7.8
3090,22.8271,,112.333,,8
3091,22.8362,,113,,8.2
3092,22.845,,113,,8.26667
3093,22.8539,,113,,8.33333
3094,22.8627,,113,,8.4
3095,22.8715,,113,,8.33333
3096,22.8803,,113,,8.26667
3097,22.8891,,113,,8.2
3098,22.8979,,113.333,,7.93333
3099,22.9067,,113.667,,7.66667
3100,22.9155,,114,,7.4
3101,22.9245,,113.667,,7.6
3102,22.9334,,113.333,,7.8
3103,22.9423,,113,,8
3104,22.9512,,113.667,,8.13333
3105,22.9601,,114.333,,8.26667
3106,22.969,,115,,8.4
3107,22.978,,115.667,,8.6
3108,22.9869,,116.333,,8.8
3109,22.9959,,117,,9
3110,23.0048,,117,,9
3111,23.0136,,117,,9.06667
3112,23.0224,,117,,9.13333
3113,23.0312,,117,,9.2
3114,23.04,,117,,9.2
3115,23.0488,,117,,9.2
3116,23.0576,,117,,9.2
3117,23.0664,,117.333,,9.2
3118,23.0753,,117.667,,9.2
3119,23.0842,,118,,9.2
3120,23.0931,,118,,9.2
3121,23.102,,118,,9.2
3122,23.111,,118,,9.2
3123,23.1198,,118,,9.2
3124,23.1286,,118,,9.2
3125,23.1375,,118,,9.2
3126,23.1461,,117.333,,9.33333
3127,23.1548,,116.667,,9.46667
3128,23.1635,,116,,9.6
3129,23.1719,,116.333,,9.8
3130,23.1804,,116.667,,10
3131,23.1888,,117,,10.2
3132,23.1971,,116.333,,10.5333
3133,23.2052,,115.667,,10.8667
3134,23.2135,,115,,11.2
3135,23.2214,,115,,11.6667
3136,23.2293,,115,,12.1333
3137,23.2372,,115,,12.6
3138,23.245,,115.333,,12.8
3139,23.2528,,115.667,,13
3140,23.2606,,116,,13.2
3141,23.2687,,119,,13.8
3142,23.2768,,119.333,,13.9333
3143,23.2849,,119.667,,14.0667
3144,23.293,,120,,14.2
3145,23.3015,,120.667,,14.0667
3146,23.31,,121.333,,13.9333
3147,23.3186,,122,,13.8
3148,23.3272,,122,,13.8
3149,23.3359,,122,,13.8
3150,23.3446,,122,,13.8
3151,23.3532,,121.333,,13.8
3152,23.3618,,120.667,,13.8
3153,23.3704,,120,,13.8
3154,23.379,,119.667,,13.7333
3155,23.3877,,119.333,,13.6667
3156,23.3963,,119,,13.6
3157,23.4048,,118.333,,13.6667
3158,23.4132,,117.667,,13.7333
3159,23.4217,,117,,13.8
3160,23.43,,115.667,,13.8
3161,23.4383,,114.333,,13.8
3162,23.4466,,113,,13.8
3163,23.4547,,112.333,,13.6
3164,23.4628,,111.667,,13.4
3165,23.4709,,111,,13.2
3166,23.479,,111.333,,13.2
3167,23.487,,111.667,,13.2
3168,23.4951,,112,,13.2
3169,23.5033,,112,,13.1333
3170,23.5116,,112,,13.0667
3171,23.5198,,112,,13
3172,23.5284,,112,,13
3173,23.5369,,112,,13
3174,23.5454,,112,,13
3175,23.5543,,109,,12.9
3176,23.5632,,106,,12.8
3177,23.5724,,105.333,,12.7333
3178,23.5815,,104.667,,12.6667
3179,23.5906,,104,,12.6
3180,23.6002,,103.667,,12.4667
3181,23.6097,,103.333,,12.3333
3182,23.6193,,103,,12.2
3183,23.6289,,103,,12.1333
3184,23.6385,,103,,12.0667
3185,23.6481,,103,,12
3186,23.6575,,103,,12.2
3187,23.6669,,103,,12.4
3188,23.6763,,103,,12.6
3189,23.6856,,103,,12.6
3190,23.6949,,103,,12.6
3191,23.7041,,103,,12.6
3192,23.7133,,103,,12.6
3193,23.7224,,103,,12.6
3194,23.7315,,103,,12.6
3195,23.7403,,103,,12.6
3196,23.749,,103,,12.6
3197,23.7578,,103,,12.6
3198,23.7664,,106,,13.2
3199,23.775,,104,,13
3200,23.7836,,102,,12.8
3201,23.7922,,101.667,,12.9333
3202,23.8007,,101.333,,13.0667
3203,23.8093,,101,,13.2
3204,23.8176,,100.667,,13.0667
3205,23.8259,,100.333,,12.9333
3206,23.8342,,100,,12.8
3207,23.843,,100,,12.6667
3208,23.8517,,100,,12.5333
3209,23.8605,,100,,12.4
3210,23.8699,,100,,12.2
3211,23.8793,,100,,12
3212,23.8887,,100,,11.8
3213,23.8983,,100.333,,11.7333
3214,23.908,,100.667,,11.6667
3215,23.9176,,101,,11.6
3216,23.9271,,101.333,,11.5333
3217,23.9366,,101.667,,11.4667
3218,23.9461,,102,,11.4
3219,23.9554,,102.333,,11.4
3220,23.9646,,102.667,,11.4
3221,23.9739,,103,,11.4
3222,23.9828,,103.333,,11.4667
3223,23.9917,,103.667,,11.5333
3224,24.0007,,104,,11.6
3225,24.0093,,102.333,,11.6667
3226,24.018,,100.667,,11.7333
3227,24.0266,,99,,11.8
3228,24.0351,,98,,11.8
3229,24.0437,,97,,11.8
3230,24.0522,,96,,11.8
3231,24.0606,,95.6667,,11.8667
3232,24.0691,,95.3333,,11.9333
3233,24.0775,,95,,12
3234,24.086,,94.6667,,12
3235,24.0946,,94.3333,,12
3236,24.1031,,94,,12
3237,24.1117,,93.6667,,12.0667
3238,24.1202,,93.3333,,12.1333
3239,24.1288,,93,,12.2
3240,24.1373,,93.3333,,12.3333
3241,24.1458,,93.6667,,12.4667
3242,24.1543,,94,,12.6
3243,24.1627,,97,,12.6
3244,24.1713,,102,,12.6
3245,24.18,,105,,12.6
3246,24.1886,,106.5,,12.7
3247,24.1973,,108,,12.8
3248,24.2061,,109,,12.8667
3249,24.2148,,110,,12.9333
3250,24.2235,,111,,13
3251,24.2322,,111.333,,13
3252,24.2409,,111.667,,13
3253,24.2497,,112,,13
3254,24.2582,,112.333,,13.0667
3255,24.2668,,112.667,,13.1333
3256,24.2754,,113,,13.2
3257,24.2838,,113.333,,13.4
3258,24.2922,,113.667,,13.6
3259,24.3006,,114,,13.8
3260,24.3088,,113.333,,13.9333
3261,24.317,,112.667,,14.0667
3262,24.3252,,112,,14.2
3263,24.3332,,112,,14.4
3264,24.3412,,112,,14.6
3265,24.3492,,112,,14.8
3266,24.3568,,112,,15
3267,24.3644,,112,,15.2
3268,24.3721,,112,,15.4
3269,24.3799,,112,,15.3333
3270,24.3877,,112,,15.2667
3271,24.3955,,112,,15.2
3272,24.4031,,112,,15.2
3273,24.4108,,112,,15.2
3274,24.4184,,112,,15.2
3275,24.426,,111.5,,15.2
3276,24.4336,,111,,15.2
3277,24.4412,,110,,15.2
3278,24.4487,,109,,15.2
3279,24.4563,,108.667,,15.4
3280,24.464,,108.333,,15.6
3281,24.4716,,108,,15.8
3282,24.4792,,108,,16.2
3283,24.4865,,108,,16.2
3284,24.4938,,108,,16.2
3285,24.501,,107.333,,16.4667
3286,24.5082,,106.667,,16.7333
3287,24.5154,,106,,17
3288,24.5225,,107,,17.0667
3289,24.5296,,108,,17.1333
3290,24.5367,,109,,17.2
3291,24.5436,,109.333,,17.2667
3292,24.5506,,109.667,,17.3333
3293,24.5575,,110,,17.4
3294,24.5642,,110,,17.6
3295,24.5709,,110,,17.8
3296,24.5776,,110,,18
3297,24.5841,,110.25,,18.35
3298,24.5907,,110.5,,18.7
3299,24.5972,,110.75,,19.05
3300,24.6038,,111,,19.4
3301,24.6105,,111,,19.7333
3302,24.6173,,111,,20.0667
3303,24.624,,111,,20.4
3304,24.6307,,112,,20.6
3305,24.6375,,112,,20.8667
3306,24.6443,,112,,21.1333
3307,24.6511,,112,,21.4
3308,24.6577,,112,,21.35
3309,24.6644,,112,,21.3
3310,24.6711,,112,,21.25
3311,24.6777,,112,,21.2
3312,24.6847,,111.667,,21.4
3313,24.6917,,111.333,,21.6
3314,24.6987,,111,,21.8
3315,24.7059,,111,,21.8
3316,24.713,,111,,21.8
3317,24.7202,,111,,21.8
3318,24.7275,,110.667,,22
3319,24.7349,,110.333,,22.2
3320,24.7422,,110,,22.4
3321,24.7494,,108.5,,22.3
3322,24.7565,,107,,22.2
3323,24.7631,,106.5,,22.5
3324,24.7696,,106,,22.8
3325,24.7762,,105.5,,23.1
3326,24.7827,,105,,23.4
3327,24.7888,,104.75,,23.65
3328,24.7948,,104.5,,23.9
3329,24.8009,,104.25,,24.15
3330,24.807,,104,,24.4
3331,24.813,,103.5,,24.7
3332,24.8191,,103,,25
3333,24.8257,,102.5,,25.1
3334,24.8324,,102,,25.2
3335,24.8391,,101.5,,25.3
3336,24.8458,,101,,25.4
3337,24.8533,,101,,25.7333
3338,24.8608,,101,,26.0667
3339,24.8683,,101,,26.4
3340,24.8761,,101.333,,26.6667
3341,24.8838,,101.667,,26.9333
3342,24.8915,,102,,27.2
3343,24.8994,,104,,27.5
3344,24.9072,,106,,27.8
3345,24.9148,,109,,28
3346,24.9225,,110,,28.4
3347,24.9302,,111,,28.8
3348,24.9378,,112,,29.2
3349,24.9454,,112.333,,29.6
3350,24.9531,,112.667,,30
3351,24.9607,,113,,30.4
3352,24.9683,,113.333,,30.4667
3353,24.976,,113.667,,30.5333
3354,24.9836,,114,,30.6
3355,24.9912,,114,,30.6667
3356,24.9988,,114,,30.7333
3357,25.0065,,114,,30.8
3358,25.0141,,113.667,,30.8667
3359,25.0217,,113.333,,30.9333
3360,25.0293,,113,,31
3361,25.0372,,113,,31.0667
3362,25.045,,113,,31.1333
3363,25.0529,,113,,31.2
3364,25.0608,,113.333,,31.3333
3365,25.0688,,113.667,,31.4667
3366,25.0768,,114,,31.6
3367,25.0847,,114.333,,31.8
3368,25.0926,,114.667,,32
3369,25.1005,,115,,32.2
3370,25.1083,,116,,32.5333
3371,25.116,,117,,32.8667
3372,25.1238,,118,,33.2
3373,25.1314,,118.333,,33.2667
3374,25.1391,,118.667,,33.3333
3375,25.1467,,119,,33.4
3376,25.1543,,117.333,,33.4
3377,25.1619,,115.667,,33.4
3378,25.1695,,114,,33.4
3379,25.1769,,113.333,,33.4
3380,25.1844,,112.667,,33.4
3381,25.1918,,112,,33.4
3382,25.1991,,112.667,,33.3333
3383,25.2064,,113.333,,33.2667
3384,25.2137,,114,,33.2
3385,25.2211,,114,,33.2
3386,25.2285,,114,,33.2
3387,25.2358,,114,,33.2
3388,25.243,,114,,33.3333
3389,25.2503,,114,,33.4667
3390,25.2575,,114,,33.6
3391,25.2646,,114.333,,33.8
3392,25.2718,,114.667,,34
3393,25.279,,115,,34.2
3394,25.2862,,115,,34.2667
3395,25.2935,,115,,34.3333
3396,25.3008,,115,,34.4
3397,25.3085,,114.333,,34.6
3398,25.3163,,113.667,,34.8
3399,25.324,,113,,35
3400,25.3318,,112.333,,35.1333
3401,25.3395,,111.667,,35.2667
3402,25.3472,,111,,35.4
3403,25.355,,111,,35.5333
3404,25.3627,,111,,35.6667
3405,25.3705,,111,,35.8
3406,25.3783,,110,,35.9333
3407,25.3861,,109,,36.0667
3408,25.3939,,108,,36.2
3409,25.4016,,108.333,,36.4667
3410,25.4093,,108.667,,36.7333
3411,25.417,,109,,37
3412,25.4244,,106,,37.3
3413,25.4319,,103,,37.6
3414,25.439,,102.667,,38
3415,25.4462,,102.333,,38.4
3416,25.4534,,102,,38.8
3417,25.4601,,102.333,,39.1333
3418,25.4668,,102.667,,39.4667
3419,25.4736,,103,,39.8
3420,25.4803,,103.333,,40.0667
3421,25.487,,103.667,,40.3333
3422,25.4937,,104,,40.6
3423,25.5001,,103.75,,40.9
3424,25.5065,,103.5,,41.2
3425,25.5129,,103.25,,41.5
3426,25.5193,,103,,41.8
3427,25.5255,,103.25,,42.1
3428,25.5317,,103.5,,42.4
3429,25.5379,,103.75,,42.7
3430,25.5441,,104,,43
3431,25.5502,,104.5,,43.25
3432,25.5564,,105,,43.5
3433,25.5626,,105.5,,43.75
3434,25.5688,,106,,44
3435,25.5746,,106.5,,44.25
3436,25.5804,,107,,44.5
3437,25.5863,,107.5,,44.75
3438,25.5921,,108,,45
3439,25.5976,,108.5,,45.2
3440,25.6032,,109,,45.4
3441,25.6087,,109.5,,45.6
3442,25.6142,,110,,45.8
3443,25.6197,,110,,46
3444,25.6253,,110,,46.2
3445,25.6308,,110,,46.4
3446,25.6363,,110,,46.6
3447,25.6418,,109.5,,46.85
3448,25.6472,,109,,47.1
3449,25.6526,,108.5,,47.35
3450,25.658,,108,,47.6
3451,25.6634,,108.75,,47.8
3452,25.6688,,109.5,,48
3453,25.6742,,110.25,,48.2
3454,25.6796,,111,,48.4
3455,25.685,,111,,48.6
3456,25.6905,,111,,48.8
3457,25.6959,,111,,49
3458,25.7014,,111,,49.2
3459,25.7072,,110.75,,49.4
3460,25.713,,110.5,,49.6
3461,25.7187,,110.25,,49.8
3462,25.7245,,110,,50
3463,25.7304,,108.333,,50.2667
3464,25.7363,,106.667,,50.5333
3465,25.7422,,105,,50.8
3466,25.7482,,105,,51.15
3467,25.7542,,105,,51.5
3468,25.7603,,105,,51.85
3469,25.7663,,105,,52.2
3470,25.7725,,105,,52.6
3471,25.7787,,105,,53
3472,25.7849,,105,,53.4
3473,25.7911,,105,,53.8
3474,25.797,,105.25,,54
3475,25.8029,,105.5,,54.2
3476,25.8088,,105.75,,54.4
3477,25.8147,,106,,54.6
3478,25.8205,,104.5,,54.7
3479,25.8263,,103,,54.8
3480,25.832,,102.25,,55.05
3481,25.8378,,101.5,,55.3
3482,25.8435,,100.75,,55.55
3483,25.8493,,100,,55.8
3484,25.855,,99.75,,56.05
3485,25.8607,,99.5,,56.3
3486,25.8665,,99.25,,56.55
3487,25.8722,,99,,56.8
3488,25.8779,,98.5,,57.05
3489,25.8836,,98,,57.3
3490,25.8893,,97.5,,57.55
3491,25.895,,97,,57.8
3492,25.9006,,96.75,,58.05
3493,25.9062,,96.5,,58.3
3494,25.9118,,96.25,,58.55
3495,25.9174,,96,,58.8
3496,25.9231,,95.75,,59.05
3497,25.9288,,95.5,,59.3
3498,25.9345,,95.25,,59.55
3499,25.9402,,95,,59.8
3500,25.9459,,95.5,,60.05
3501,25.9517,,96,,60.3
3502,25.9574,,96.5,,60.55
3503,25.9632,,97,,60.8
3504,25.969,,96.75,,61.1
3505,25.9747,,96.5,,61.4
3506,25.9805,,96.25,,61.7
3507,25.9863,,96,,62
3508,25.992,,96,,62.3
3509,25.9977,,96,,62.6
3510,26.0034,,96,,62.9
3511,26.0091,,96,,63.2
3512,26.0149,,95.5,,63.45
3513,26.0208,,95,,63.7
3514,26.0266,,94.5,,63.95
3515,26.0324,,94,,64.2
3516,26.0385,,91,,64.4
3517,26.0449,,90.25,,64.55
3518,26.0512,,89.5,,64.7
3519,26.0575,,88.75,,64.85
3520,26.0639,,88,,65
3521,26.0703,,83,,65.2
3522,26.077,,82.6667,,65.4667
3523,26.0838,,82.3333,,65.7333
3524,26.0905,,82,,66
3525,26.0973,,81.6667,,66.3333
3526,26.1042,,81.3333,,66.6667
3527,26.111,,81,,67
3528,26.1179,,80.6667,,67.2
3529,26.1249,,80.3333,,67.4
3530,26.1318,,80,,67.6
3531,26.1389,,80.3333,,67.9333
3532,26.146,,80.6667,,68.2667
3533,26.1532,,81,,68.6
3534,26.1608,,80.6667,,68.9333
3535,26.1684,,80.3333,,69.2667
3536,26.176,,80,,69.6
3537,26.1836,,79.3333,,69.8
3538,26.1912,,78.6667,,70
3539,26.1989,,78,,70.2
3540,26.2061,,78,,70.3333
3541,26.2134,,78,,70.4667
3542,26.2207,,78,,70.6
3543,26.2274,,79,,70.6667
3544,26.2342,,80,,70.7333
3545,26.241,,81,,70.8
3546,26.2474,,81.5,,71.05
3547,26.2537,,82,,71.3
3548,26.2601,,82.5,,71.55
3549,26.2664,,83,,71.8
3550,26.2728,,81,,72
3551,26.2792,,79,,72.2
3552,26.2854,,76,,72.8
3553,26.2915,,75.5,,73
3554,26.2975,,75,,73.2
3555,26.3036,,74.5,,73.4
3556,26.3096,,74,,73.6
3557,26.3155,,74,,73.8
3558,26.3214,,74,,74
3559,26.3274,,74,,74.2
3560,26.3333,,74,,74.4
3561,26.3391,,74,,74.65
3562,26.3449,,74,,74.9
3563,26.3507,,74,,75.15
3564,26.3565,,74,,75.4
3565,26.362,,74.25,,75.55
3566,26.3676,,74.5,,75.7
3567,26.3731,,74.75,,75.85
3568,26.3787,,75,,76
3569,26.3841,,75.25,,76.35
3570,26.3896,,75.5,,76.7
3571,26.395,,75.75,,77.05
3572,26.4004,,76,,77.4
3573,26.4062,,75.75,,77.75
3574,26.4119,,75.5,,78.1
3575,26.4176,,75.25,,78.45
3576,26.4233,,75,,78.8
3577,26.4292,,75,,79.15
3578,26.4351,,75,,79.5
3579,26.441,,75,,79.85
3580,26.4469,,75,,80.2
3581,26.4529,,75,,80.5
3582,26.4589,,75,,80.8
3583,26.4649,,75,,81.1
3584,26.4709,,75,,81.4
3585,26.4771,,75.5,,81.65
3586,26.4832,,76,,81.9
3587,26.4894,,76.5,,82.15
3588,26.4956,,77,,82.4
3589,26.5016,,77.75,,82.7
3590,26.5076,,78.5,,83
3591,26.5135,,79.25,,83.3
3592,26.5195,,80,,83.6
3593,26.5252,,81,,83.9333
3594,26.5309,,82,,84.2667
3595,26.5366,,83,,84.6
3596,26.5422,,83.25,,84.8
3597,26.5478,,83.5,,85
3598,26.5533,,83.75,,85.2
3599,26.5589,,84,,85.4
3600,26.5645,,84.5,,85.65
3601,26.5701,,85,,85.9
3602,26.5756,,85.5,,86.15
3603,26.5812,,86,,86.4
3604,26.5867,,86.75,,86.45
3605,26.5922,,87.5,,86.5
3606,26.5977,,88.25,,86.55
3607,26.6033,,89,,86.6
3608,26.6091,,89,,86.85
3609,26.615,,89,,87.1
3610,26.6209,,89,,87.35
3611,26.6268,,89,,87.6
3612,26.6324,,89.5,,88.3
3613,26.6381,,90,,89
3614,26.6438,,90.5,,89.7
3615,26.6494,,91,,90.4
3616,26.6552,,91.5,,91.1
3617,26.6611,,92,,91.8
3618,26.6669,,92.5,,92.5
3619,26.6727,,93,,93.2
3620,26.6783,,93,,94
3621,26.684,,93,,94.8
3622,26.6896,,93,,95.6
3623,26.6952,,93,,96.4
3624,26.7012,,93.5,,96.6
3625,26.7071,,94,,96.8
3626,26.7131,,94.5,,97
3627,26.719,,95,,97.2
3628,26.7255,,95,,97.1
3629,26.7319,,95,,97
3630,26.7383,,95,,96.9
3631,26.7448,,95,,96.8
3632,26.7517,,94.6667,,96.6667
3633,26.7587,,94.3333,,96.5333
3634,26.7656,,94,,96.4
3635,26.7728,,94.3333,,96.4667
3636,26.7799,,94.6667,,96.5333
3637,26.787,,95,,96.6
3638,26.7944,,95,,96.8
3639,26.8018,,95,,97
3640,26.8092,,95,,97.2
3641,26.8164,,94,,97
3642,26.8237,,94,,97.4
3643,26.8309,,94,,97.8
3644,26.8381,,94,,98.2
3645,26.8449,,94,,98.6
3646,26.8517,,94,,99
3647,26.8584,,94,,99.4
3648,26.8652,,94,,99.5333
3649,26.872,,94,,99.6667
3650,26.8787,,94,,99.8
3651,26.8857,,97,,100
3652,26.8926,,97,,99.8667
3653,26.8994,,97,,99.7333
3654,26.9063,,97,,99.6
3655,26.9132,,97.3333,,99.9333
3656,26.9201,,97.6667,,100.267
3657,26.927,,98,,100.6
3658,26.9336,,98.5,,100.9
3659,26.9402,,99,,101.2
3660,26.9468,,99.5,,101.5
3661,26.9535,,100,,101.8
3662,26.9599,,100.667,,102.067
3663,26.9663,,101.333,,102.333
3664,26.9727,,102,,102.6
3665,26.9791,,102,,102.9
3666,26.9856,,102,,103.2
3667,26.992,,102,,103.5
3668,26.9984,,102,,103.8
3669,27.0047,,101,,104.2
3670,27.0111,,101,,104.5
3671,27.0174,,101,,104.8
3672,27.0237,,101,,105.1
3673,27.0301,,101,,105.4
3674,27.0369,,101.333,,105.8
3675,27.0437,,101.667,,106.2
3676,27.0505,,102,,106.6
3677,27.0577,,102.333,,107
3678,27.065,,102.667,,107.4
3679,27.0722,,103,,107.8
3680,27.0794,,102.667,,108.2
3681,27.0867,,102.333,,108.6
3682,27.094,,102,,109
3683,27.1011,,94,,109.4
3684,27.108,,94,,109.2
3685,27.115,,93.3333,,109.533
3686,27.1219,,92.6667,,109.867
3687,27.1289,,92,,110.2
3688,27.1357,,92,,110.533
3689,27.1425,,92,,110.867
3690,27.1493,,92,,111.2
3691,27.1558,,91.75,,111.55
3692,27.1623,,91.5,,111.9
3693,27.1688,,91.25,,112.25
3694,27.1753,,91,,112.6
3695,27.1817,,91,,113.25
3696,27.1881,,91,,113.9
3697,27.1945,,91,,114.55
3698,27.2009,,91,,115.2
3699,27.2075,,93,,115.9
3700,27.214,,95,,116.6
3701,27.2204,,95.25,,117.05
3702,27.2269,,95.5,,117.5
3703,27.2333,,95.75,,117.95
3704,27.2398,,96,,118.4
3705,27.2458,,99,,118.6
3706,27.2512,,99.3333,,118.133
3707,27.2565,,99.6667,,117.667
3708,27.2619,,100,,117.2
3709,27.2627,,100.667,,117
3710,27.2635,,101.333,,116.8
3711,27.2643,,102,,116.6
3712,27.2662,,103,,116.467
3713,27.2681,,104,,116.333
3714,27.27,,105,,116.2
3715,27.2733,,105.167,,116
3716,27.2767,,105.333,,115.8
3717,27.28,,105.5,,115.6
3718,27.2834,,105.667,,115.4
3719,27.2867,,105.833,,115.2
3720,27.2901,,106,,115
3721,27.2951,,105.5,,114.9
3722,27.3002,,105,,114.8
3723,27.3055,,105,,114.7
3724,27.3109,,105,,114.6
3725,27.3162,,105,,114.5
3726,27.3215,,105,,114.4
3727,27.3278,,104.5,,114.1
3728,27.334,,104,,113.8
3729,27.3403,,103.5,,113.5
3730,27.3466,,103,,113.2
3731,27.3539,,102.667,,112.8
3732,27.3612,,102.333,,112.4
3733,27.3686,,102,,112
3734,27.3769,,101.667,,111.8
3735,27.3852,,101.333,,111.6
3736,27.3935,,101,,111.4
3737,27.4023,,101,,111.067
3738,27.4112,,101,,110.733
3739,27.4201,,101,,110.4
3740,27.4298,,100.667,,109.6
3741,27.4395,,100.333,,108.8
3742,27.4491,,100,,108
3743,27.4592,,100,,107.2
3744,27.4693,,100,,106.4
3745,27.4794,,101,,106
3746,27.4896,,100.5,,105.3
3747,27.4999,,100,,104.6
3748,27.5101,,99,,104.2
3749,27.5204,,98,,103.7
3750,27.5307,,97,,103.2
3751,27.541,,95.5,,102.7
3752,27.5514,,94,,102.2
3753,27.5622,,94,,101.9
3754,27.5729,,94,,101.6
3755,27.5841,,93,,100.9
3756,27.5953,,92,,100.2
3757,27.607,,91.5,,99.7
3758,27.6187,,91,,99.2
3759,27.6309,,91.5,,98.3
3760,27.643,,92,,97.4
3761,27.6554,,92,,96.7
3762,27.6677,,92,,96
3763,27.6801,,92.5,,95.4
3764,27.6925,,93,,94.8
3765,27.7046,,94,,94.5
3766,27.7168,,95,,94.2
3767,27.729,,98,,93.8
3768,27.7411,,99,,93.4
3769,27.7532,,100,,93
3770,27.7651,,100,,92.8
3771,27.7769,,100,,92.6
3772,27.7889,,100,,92.4
3773,27.8008,,100,,92.2
3774,27.8125,,100.5,,92.1
3775,27.8242,,101,,92
3776,27.8356,,101,,91.9
3777,27.8471,,101,,91.8
3778,27.8588,,101.5,,91.4
3779,27.8705,,102,,91
3780,27.8825,,102,,90.5
3781,27.8946,,102,,90
3782,27.9067,,102,,89.6
3783,27.9189,,102,,89.2
3784,27.9313,,102.5,,88.7
3785,27.9437,,103,,88.2
3786,27.9562,,102.5,,87.3
3787,27.9687,,102,,86.4
3788,27.9812,,100,,85.9
3789,27.9937,,98,,85.4
3790,28.0064,,97,,84.6
3791,28.0191,,96,,83.8
3792,28.0318,,96,,83.2
3793,28.0445,,96,,82.6
3794,28.0573,,95.5,,81.9
3795,28.0701,,95,,81.2
3796,28.0831,,94.5,,80.7
3797,28.096,,94,,80.2
3798,28.1089,,94,,79.6
3799,28.1218,,94,,79
3800,28.1347,,94.5,,78.4
3801,28.1476,,95,,77.8
3802,28.1605,,95,,77.1
3803,28.1734,,95,,76.4
3804,28.1863,,97,,75.7
3805,28.1992,,99,,75
3806,28.212,,100,,74.3
3807,28.2248,,101,,73.6
3808,28.2377,,100,,73
3809,28.2506,,99,,72.4
3810,28.2636,,98.5,,71.8
3811,28.2766,,98,,71.2
3812,28.2897,,98,,70.6
3813,28.3028,,98,,70
3814,28.3159,,97.5,,69.4
3815,28.329,,97,,68.8
3816,28.3421,,97,,68.4
3817,28.3552,,97,,68
3818,28.368,,96.5,,67.6
3819,28.3809,,96,,67.2
3820,28.3935,,95.5,,66.7
3821,28.4061,,95,,66.2
3822,28.4185,,96,,66
3823,28.4309,,97,,65.8
3824,28.4431,,97,,65.5
3825,28.4553,,97,,65.2
3826,28.4671,,97,,65
3827,28.479,,97,,64.8
3828,28.4908,,98,,64.6
3829,28.5025,,99,,64.4
3830,28.5142,,99,,64.1
3831,28.5259,,99,,63.8
3832,28.5374,,99,,63.5
3833,28.549,,99,,63.2
3834,28.5608,,98.5,,62.9
3835,28.5726,,98,,62.6
3836,28.5847,,96,,62.1
3837,28.5969,,94,,61.6
3838,28.6093,,93,,61.2
3839,28.6218,,92,,60.8
3840,28.6344,,92,,60.3
3841,28.6471,,92,,59.8
3842,28.6601,,91.5,,59.3
3843,28.6731,,91,,58.8
3844,28.6864,,88,,58.4
3845,28.6997,,87.5,,57.6
3846,28.713,,87,,56.8
3847,28.7264,,86,,56.3
3848,28.7399,,85,,55.8
3849,28.7534,,90,,55
3850,28.767,,91.5,,54.5
3851,28.7805,,93,,54
3852,28.794,,93.5,,53.6
3853,28.8076,,94,,53.2
3854,28.8211,,95,,52.6
3855,28.8348,,95,,52.1
3856,28.8485,,95,,51.6
3857,28.8623,,95.5,,51.2
3858,28.876,,96,,50.8
3859,28.8897,,95.5,,50.2
3860,28.9034,,95,,49.6
3861,28.9173,,94.5,,49
3862,28.9311,,94,,48.4
3863,28.945,,94,,47.7
3864,28.9589,,94,,47
3865,28.9726,,93.5,,46.3
3866,28.9863,,93,,45.6
3867,28.9999,,93,,44.8
3868,29.0136,,93,,44
3869,29.0271,,92.5,,43.3
3870,29.0407,,92,,42.6
3871,29.0542,,92,,41.9
3872,29.0677,,92,,41.2
3873,29.0811,,91.5,,40.6
3874,29.0946,,91,,40
3875,29.108,,90.5,,39.5
3876,29.1215,,90,,39
3877,29.1349,,90,,38.3
3878,29.1484,,90,,37.6
3879,29.1618,,90,,37.2
3880,29.1753,,90,,36.8
3881,29.1885,,91,,36.4
3882,29.2016,,92,,36
3883,29.2144,,92.5,,35.8
3884,29.2271,,93,,35.6
3885,29.2393,,94.5,,35.5
3886,29.2516,,96,,35.4
3887,29.2637,,96.5,,35
3888,29.2757,,97,,34.6
3889,29.2877,,97.5,,34.1
3890,29.2997,,98,,33.6
3891,29.3115,,98,,33.3
3892,29.3232,,98,,33
3893,29.3347,,98.5,,33.1
3894,29.3462,,99,,33.2
3895,29.3573,,99.5,,33.2
3896,29.3684,,100,,33.2
3897,29.3794,,99.5,,33.1
3898,29.3904,,99,,33
3899,29.4012,,99.5,,32.8
3900,29.412,,100,,32.6
3901,29.4228,,100,,32.4
3902,29.4335,,100,,32.2
3903,29.4442,,100,,32
3904,29.455,,100,,31.8
3905,29.4656,,100.5,,31.6
3906,29.4763,,101,,31.4
3907,29.4869,,101.5,,31.1
3908,29.4975,,102,,30.8
3909,29.508,,102.5,,30.6
3910,29.5184,,103,,30.4
3911,29.5288,,102.5,,30.4
3912,29.5392,,102,,30.4
3913,29.5495,,101.5,,30.3
3914,29.5598,,101,,30.2
3915,29.5701,,100,,29.9
3916,29.5803,,99,,29.6
3917,29.5906,,98.5,,29.4
3918,29.6009,,98,,29.2
3919,29.6112,,101,,29
3920,29.6215,,101,,28.7
3921,29.6319,,101,,28.4
3922,29.6422,,100.5,,28.2
3923,29.6525,,100,,28
3924,29.6625,,100,,27.8
3925,29.6726,,100,,27.6
3926,29.6826,,100,,27.6
3927,29.6925,,100,,27.5333
3928,29.7024,,100,,27.4667
3929,29.7124,,100,,27.4
3930,29.722,,101,,27.3
3931,29.7316,,102,,27.2
3932,29.7397,,102,,27.2
3933,29.7478,,102,,27.2
3934,29.7558,,102,,27.2
3935,29.7608,,102,,27.2
3936,29.7642,,101.857,,26.9143
3937,29.7677,,101.714,,26.6286
3938,29.7712,,101.571,,26.3429
3939,29.7747,,101.429,,26.0571
3940,29.7782,,101.286,,25.7714
3941,29.7816,,101.143,,25.4857
3942,29.7851,,101,,25.2
3943,29.7903,,101,,24.8
3944,29.7959,,100.5,,24.2
3945,29.8016,,100,,23.6
3946,29.8085,,100,,23.2
3947,29.8154,,100,,22.8
3948,29.8229,,104.5,,22.3
3949,29.8304,,109,,21.8
3950,29.8381,,109,,22
3951,29.8462,,109,,22.0667
3952,29.8542,,109,,22.1333
3953,29.8622,,109,,22.2
3954,29.8703,,109.333,,22.4
3955,29.8784,,109.667,,22.6
3956,29.8865,,110,,22.8
3957,29.8946,,110,,23.3333
3958,29.9028,,110,,23.8667
3959,29.911,,110,,24.4
3960,29.9191,,110.667,,24.7333
3961,29.9272,,111.333,,25.0667
3962,29.9353,,112,,25.4
3963,29.9436,,112,,26
3964,29.9519,,112,,26.6
3965,29.9602,,112,,27.2
3966,29.9686,,112,,27.4667
3967,29.977,,112,,27.7333
3968,29.9854,,112,,28
3969,29.9941,,112.667,,28.6
3970,30.0028,,113.333,,29.2
3971,30.0115,,114,,29.8
3972,30.0205,,114,,30.0667
3973,30.0295,,114,,30.3333
3974,30.0385,,114,,30.6
3975,30.0472,,114,,31
3976,30.056,,114,,31.4
3977,30.0648,,114,,31.8
3978,30.0731,,114,,31.9333
3979,30.0813,,114,,32.0667
3980,30.0896,,114,,32.2
3981,30.0974,,114,,32.2667
3982,30.1053,,114,,32.3333
3983,30.1131,,114,,32.4
3984,30.1207,,110.5,,32.6
3985,30.1283,,107,,32.8
3986,30.1356,,102,,33
3987,30.143,,102,,33.2
3988,30.1503,,99,,33.4
3989,30.1575,,96,,33.6
3990,30.1648,,95.3333,,33.8
3991,30.172,,94.6667,,34
3992,30.1792,,94,,34.2
3993,30.1866,,94,,34.3333
3994,30.1939,,94,,34.4667
3995,30.2013,,94,,34.6
3996,30.2088,,94,,34.7333
3997,30.2162,,94,,34.8667
3998,30.2237,,94,,35
3999,30.2313,,93.6667,,35.2
4000,30.2388,,93.3333,,35.4
4001,30.2464,,93,,35.6
4002,30.2539,,93,,35.6667
4003,30.2614,,93,,35.7333
4004,30.2689,,93,,35.8
4005,30.2763,,93,,35.8
4006,30.2836,,93,,35.8
4007,30.291,,93,,35.8
4008,30.2982,,92,,35.8667
4009,30.3055,,91,,35.9333
4010,30.3127,,90,,36
4011,30.3202,,89.3333,,36
4012,30.3276,,88.6667,,36
4013,30.335,,88,,36
4014,30.3426,,88,,36.1333
4015,30.3502,,88,,36.2667
4016,30.3578,,88,,36.4
4017,30.3655,,86,,36.7
4018,30.3732,,84,,37
4019,30.3805,,83.6667,,37
4020,30.3879,,83.3333,,37
4021,30.3952,,83,,37
4022,30.4025,,83.5,,37.3
4023,30.4098,,84,,37.6
4024,30.4167,,83,,38
4025,30.4237,,82,,38.4
4026,30.4307,,81,,38.8
4027,30.4374,,80,,39.1333
4028,30.4442,,79,,39.4667
4029,30.451,,78,,39.8
4030,30.4577,,78,,40.1333
4031,30.4644,,78,,40.4667
4032,30.4712,,78,,40.8
4033,30.4777,,78.25,,41.05
4034,30.4842,,78.5,,41.3
4035,30.4908,,78.75,,41.55
4036,30.4973,,79,,41.8
4037,30.5035,,79.25,,42
4038,30.5097,,79.5,,42.2
4039,30.516,,79.75,,42.4
4040,30.5222,,80,,42.6
4041,30.5283,,79,,42.8667
4042,30.5345,,78,,43.1333
4043,30.5406,,77,,43.4
4044,30.5465,,77.5,,43.65
4045,30.5523,,78,,43.9
4046,30.5582,,78.5,,44.15
4047,30.5641,,79,,44.4
4048,30.5697,,80.5,,44.7
4049,30.5754,,82,,45
4050,30.581,,85,,45.2
4051,30.5868,,85.25,,45.45
4052,30.5926,,85.5,,45.7
4053,30.5984,,85.75,,45.95
4054,30.6042,,86,,46.2
4055,30.61,,86.75,,46.5
4056,30.6158,,87.5,,46.8
4057,30.6215,,88.25,,47.1
4058,30.6273,,89,,47.4
4059,30.633,,89.3333,,47.7333
4060,30.6387,,89.6667,,48.0667
4061,30.6444,,90,,48.4
4062,30.65,,90.25,,48.8
4063,30.6557,,90.5,,49.2
4064,30.6614,,90.75,,49.6
4065,30.6671,,91,,50
4066,30.6728,,90.25,,50.4
4067,30.6786,,89.5,,50.8
4068,30.6844,,88.75,,51.2
4069,30.6902,,88,,51.6
4070,30.6959,,88,,51.95
4071,30.7016,,88,,52.3
4072,30.7072,,88,,52.65
4073,30.7129,,88,,53
4074,30.7187,,88,,53.4
4075,30.7246,,88,,53.8
4076,30.7305,,92,,53.9
4077,30.7364,,96,,54
4078,30.7421,,96,,54.2
4079,30.748,,96.25,,54.4
4080,30.754,,96.5,,54.6
4081,30.7599,,96.75,,54.8
4082,30.7659,,97,,55
4083,30.772,,98.5,,54.9
4084,30.7782,,100,,54.8
4085,30.7842,,100.5,,54.75
4086,30.7903,,101,,54.7
4087,30.7964,,101.5,,54.65
4088,30.8025,,102,,54.6
4089,30.8084,,102,,54.7
4090,30.8143,,102,,54.8
4091,30.8202,,101.75,,55
4092,30.8261,,101.5,,55.2
4093,30.832,,101.25,,55.4
4094,30.8379,,101,,55.6
4095,30.8437,,100.75,,56
4096,30.8495,,100.5,,56.4
4097,30.8553,,100.25,,56.8
4098,30.8611,,100,,57.2
4099,30.8669,,100,,57.65
4100,30.8727,,100,,58.1
4101,30.8785,,100,,58.55
4102,30.8843,,100,,59
4103,30.8902,,99.75,,59.25
4104,30.896,,99.5,,59.5
4105,30.9019,,99.25,,59.75
4106,30.9078,,99,,60
4107,30.9138,,98.5,,60.3
4108,30.9199,,98,,60.6
4109,30.926,,97.5,,60.9
4110,30.932,,97,,61.2
4111,30.9381,,96.75,,61.55
4112,30.9443,,96.5,,61.9
4113,30.9504,,96.25,,62.25
4114,30.9565,,96,,62.6
4115,30.9627,,96,,62.9
4116,30.9689,,96,,63.2
4117,30.9751,,96,,63.5
4118,30.9813,,96,,63.8
4119,30.9875,,95.75,,64.1
4120,30.9938,,95.5,,64.4
4121,31,,95.25,,64.7
4122,31.0063,,95,,65
4123,31.0128,,94.75,,65.2
4124,31.0194,,94.5,,65.4
4125,31.0259,,94.25,,65.6
4126,31.0324,,94,,65.8
4127,31.0392,,94.3333,,66
4128,31.0459,,94.6667,,66.2
4129,31.0527,,95,,66.4
4130,31.0596,,93.6667,,66.6667
4131,31.0666,,92.3333,,66.9333
4132,31.0735,,91,,67.2
4133,31.0805,,91,,67.3333
4134,31.0874,,91,,67.4667
4135,31.0943,,91,,67.6
4136,31.1012,,91,,67.6667
4137,31.1081,,91,,67.7333
4138,31.1149,,91,,67.8
4139,31.122,,91,,67.9333
4140,31.129,,91,,68.0667
4141,31.1361,,91,,68.2
4142,31.1433,,91.3333,,68.4
4143,31.1506,,91.6667,,68.6
4144,31.1578,,92,,68.8
4145,31.1652,,93,,69
4146,31.1725,,94,,69.2
4147,31.1799,,95,,69.4
4148,31.1871,,95.3333,,69.6
4149,31.1942,,95.6667,,69.8
4150,31.2014,,96,,70
4151,31.2083,,96.3333,,70.2
4152,31.2152,,96.6667,,70.4
4153,31.222,,97,,70.6
4154,31.2284,,97.5,,70.9
4155,31.2347,,98,,71.2
4156,31.241,,98.5,,71.5
4157,31.2474,,99,,71.8
4158,31.2533,,99.25,,72.1
4159,31.2593,,99.5,,72.4
4160,31.2653,,99.75,,72.7
4161,31.2712,,100,,73
4162,31.277,,99.5,,73.3
4163,31.2828,,99,,73.6
4164,31.2886,,98.5,,73.9
4165,31.2943,,98,,74.2
4166,31.3002,,98,,74.5
4167,31.3061,,98,,74.8
4168,31.312,,98,,75.1
4169,31.3179,,98,,75.4
4170,31.3236,,98,,75.75
4171,31.3293,,98,,76.1
4172,31.335,,98,,76.45
4173,31.3407,,98,,76.8
4174,31.3463,,97.25,,77
4175,31.3518,,96.5,,77.2
4176,31.3574,,95.75,,77.4
4177,31.363,,95,,77.6
4178,31.3687,,95,,77.85
4179,31.3743,,95,,78.1
4180,31.38,,95,,78.35
4181,31.3857,,95,,78.6
4182,31.3914,,98,,78.9
4183,31.3971,,101,,79.2
4184,31.4028,,101,,79.4
4185,31.4086,,101.25,,79.8
4186,31.4144,,101.5,,80.2
4187,31.4202,,101.75,,80.6
4188,31.426,,102,,81
4189,31.4318,,106,,81.2
4190,31.4374,,106,,81.6
4191,31.4431,,106.5,,81.9
4192,31.4487,,107,,82.2
4193,31.4544,,107.5,,82.5
4194,31.46,,108,,82.8
4195,31.4656,,108,,83.05
4196,31.4712,,108,,83.3
4197,31.4767,,108,,83.55
4198,31.4823,,108,,83.8
4199,31.4879,,107.25,,84.05
4200,31.4935,,106.5,,84.3
4201,31.4991,,105.75,,84.55
4202,31.5046,,105,,84.8
4203,31.5103,,104.5,,85.1
4204,31.5159,,104,,85.4
4205,31.5216,,103.5,,85.7
4206,31.5272,,103,,86
4207,31.5328,,102.75,,86.3
4208,31.5384,,102.5,,86.6
4209,31.544,,102.25,,86.9
4210,31.5496,,102,,87.2
4211,31.5552,,102.75,,87.5
4212,31.5609,,103.5,,87.8
4213,31.5665,,104.25,,88.1
4214,31.5722,,105,,88.4
4215,31.578,,105.75,,88.65
4216,31.5839,,106.5,,88.9
4217,31.5897,,107.25,,89.15
4218,31.5956,,108,,89.4
4219,31.6015,,108.5,,89.8
4220,31.6073,,109,,90.2
4221,31.6132,,109.5,,90.6
4222,31.6191,,110,,91
4223,31.625,,111.5,,91.4
4224,31.6309,,113,,91.8
4225,31.6367,,113.75,,92.05
4226,31.6425,,114.5,,92.3
4227,31.6484,,115.25,,92.55
4228,31.6542,,116,,92.8
4229,31.6603,,119,,93.2
4230,31.6663,,119,,93.4
4231,31.6725,,120,,93.65
4232,31.6788,,121,,93.9
4233,31.6851,,122,,94.15
4234,31.6913,,123,,94.4
4235,31.6981,,123.25,,94.45
4236,31.7048,,123.5,,94.5
4237,31.7115,,123.75,,94.55
4238,31.7182,,124,,94.6
4239,31.7255,,123.667,,94.7333
4240,31.7328,,123.333,,94.8667
4241,31.7401,,123,,95
4242,31.7478,,122.667,,95.2
4243,31.7554,,122.333,,95.4
4244,31.7631,,122,,95.6
4245,31.7709,,121,,95.9333
4246,31.7786,,120,,96.2667
4247,31.7864,,119,,96.6
4248,31.7939,,118.667,,96.8667
4249,31.8015,,118.333,,97.1333
4250,31.809,,118,,97.4
4251,31.8165,,118,,97.8
4252,31.8237,,118,,98
4253,31.831,,118,,98.2
4254,31.8378,,117,,98.4
4255,31.8447,,116,,98.6
4256,31.8516,,115,,98.8
4257,31.8586,,115,,99.0667
4258,31.8657,,115,,99.3333
4259,31.8727,,115,,99.6
4260,31.8797,,115.333,,99.7333
4261,31.8867,,115.667,,99.8667
4262,31.8936,,116,,100
4263,31.9004,,116.333,,100.267
4264,31.9072,,116.667,,100.533
4265,31.914,,117,,100.8
4266,31.9204,,117.25,,101.1
4267,31.9269,,117.5,,101.4
4268,31.9333,,117.75,,101.7
4269,31.9398,,118,,102
4270,31.9462,,117.75,,102.55
4271,31.9527,,117.5,,103.1
4272,31.9591,,117.25,,103.65
4273,31.9656,,117,,104.2
4274,31.9719,,116.25,,104.5
4275,31.9783,,115.5,,104.8
4276,31.9846,,114.75,,105.1
4277,31.991,,114,,105.4
4278,31.9976,,113.5,,105.7
4279,32.0043,,113,,106
4280,32.0109,,112.5,,106.3
4281,32.0176,,112,,106.6
4282,32.0243,,112,,106.867
4283,32.0311,,112,,107.133
4284,32.0379,,112,,107.4
4285,32.0447,,112.333,,107.733
4286,32.0514,,112.667,,108.067
4287,32.0582,,113,,108.4
4288,32.065,,114,,108.733
4289,32.0718,,115,,109.067
4290,32.0786,,116,,109.4
4291,32.0853,,116.333,,109.733
4292,32.092,,116.667,,110.067
4293,32.0986,,117,,110.4
4294,32.1053,,116.333,,110.8
4295,32.112,,115.667,,111.2
4296,32.1187,,115,,111.6
4297,32.1251,,115,,112
4298,32.1316,,115,,112.4
4299,32.138,,115,,112.8
4300,32.1445,,115,,113.2
4301,32.1509,,114.75,,113.6
4302,32.1572,,114.5,,114
4303,32.1636,,114.25,,114.4
4304,32.17,,114,,114.8
4305,32.1765,,114.333,,115.133
4306,32.183,,114.667,,115.467
4307,32.1895,,115,,115.8
4308,32.1959,,115,,116.133
4309,32.2023,,115,,116.467
4310,32.2087,,115,,116.8
4311,32.2143,,114.25,,117.1
4312,32.22,,113.5,,117.4
4313,32.2257,,112.75,,117.7
4314,32.2313,,112,,118
4315,32.2358,,111,,118.2
4316,32.2365,,110.8,,118.2
4317,32.2371,,110.6,,118.2
4318,32.2377,,110.4,,118.2
4319,32.2384,,110.2,,118.2
4320,32.239,,110,,118.2
4321,32.2426,,109.4,,118.08
4322,32.2461,,108.8,,117.96
4323,32.2496,,108.2,,117.84
4324,32.2532,,107.6,,117.72
4325,32.2567,,107,,117.6
4326,32.2614,,106,,117.4
4327,32.2661,,106,,117.4
4328,32.2708,,106,,117.4
4329,32.2757,,106.4,,117.08
4330,32.2807,,106.8,,116.76
4331,32.2857,,107.2,,116.44
4332,32.2906,,107.6,,116.12
4333,32.2956,,108,,115.8
4334,32.3017,,107.75,,115.35
4335,32.3078,,107.5,,114.9
4336,32.3139,,107.25,,114.45
4337,32.32,,107,,114
4338,32.3273,,106.333,,113.533
4339,32.3346,,105.667,,113.067
4340,32.3419,,105,,112.6
4341,32.3502,,104.667,,111.933
4342,32.3584,,104.333,,111.267
4343,32.3667,,104,,110.6
4344,32.3755,,108,,110
4345,32.3846,,112,,109.4
4346,32.3939,,114,,108.8
4347,32.4032,,116,,108.2
4348,32.4129,,118,,107.4
4349,32.4227,,120,,106.6
4350,32.4328,,120,,106.1
4351,32.4429,,120,,105.6
4352,32.4531,,120,,105.1
4353,32.4633,,120,,104.6
4354,32.4737,,120,,104.1
4355,32.4841,,120,,103.6
4356,32.4946,,120,,103.1
4357,32.5051,,120,,102.6
4358,32.516,,120,,102.1
4359,32.5268,,120,,101.6
4360,32.538,,120,,100.9
4361,32.5492,,120,,100.2
4362,32.5607,,120,,99.4
4363,32.5723,,120,,98.6
4364,32.5844,,120,,97.8
4365,32.5964,,120,,97
4366,32.6091,,120,,96.3
4367,32.6217,,120,,95.6
4368,32.6344,,120.5,,95.5
4369,32.6472,,121,,95.4
4370,32.6602,,120.5,,94.9
4371,32.6733,,120,,94.4
4372,32.6864,,120,,93.9
4373,32.6995,,120,,93.4
4374,32.7123,,120.5,,93.2
4375,32.7251,,121,,93
4376,32.7375,,122,,92.8
4377,32.7498,,123,,92.6
4378,32.7618,,123,,92.4
4379,32.7738,,123,,92.2
4380,32.7856,,123,,92.3
4381,32.7974,,123,,92.4
4382,32.8089,,123,,92.3
4383,32.8204,,123,,92.2
4384,32.8318,,123,,92.1
4385,32.8433,,123,,92
4386,32.855,,122.5,,91.7
4387,32.8668,,122,,91.4
4388,32.879,,120.5,,89.7
4389,32.8912,,119,,88
4390,32.9037,,118.5,,87.4
4391,32.9161,,118,,86.8
4392,32.9286,,115,,86.2
4393,32.9412,,114,,85.6
4394,32.9539,,113,,85
4395,32.9667,,112.5,,84.3
4396,32.9796,,112,,83.6
4397,32.9925,,111.5,,82.9
4398,33.0055,,111,,82.2
4399,33.0185,,108.5,,81.5
4400,33.0315,,106,,80.8
4401,33.0446,,106,,80.4
4402,33.0579,,106,,79.5
4403,33.0711,,106,,78.6
4404,33.0845,,105.5,,77.8
4405,33.0978,,105,,77
4406,33.1111,,106,,76.5
4407,33.1244,,107,,76
4408,33.1379,,107,,74.8
4409,33.1515,,107,,73.6
4410,33.165,,105.5,,72.8
4411,33.1785,,104,,72
4412,33.1918,,104,,71.4
4413,33.2051,,104,,70.8
4414,33.2185,,105,,70.4
4415,33.2319,,106,,70
4416,33.2453,,106.5,,69.5
4417,33.2587,,107,,69
4418,33.272,,108,,68.5
4419,33.2853,,109,,68
4420,33.2985,,109,,67.5
4421,33.3116,,109,,67
4422,33.3246,,106.5,,66.6
4423,33.3375,,104,,66.2
4424,33.3501,,103.5,,66
4425,33.3628,,103,,65.8
4426,33.3752,,101.5,,65.4
4427,33.3876,,100,,65
4428,33.3996,,100,,64.8
4429,33.4117,,100,,64.6
4430,33.4235,,100,,64.4
4431,33.4353,,100,,64.2
4432,33.4468,,99,,63.9
4433,33.4584,,98,,63.6
4434,33.4699,,98,,63.4
4435,33.4813,,98,,63.2
4436,33.4925,,98,,62.9
4437,33.5037,,98,,62.6
4438,33.515,,98,,62.4
4439,33.5263,,98,,62.2
4440,33.5377,,96.5,,62.1
4441,33.5491,,95,,62
4442,33.5606,,91,,61.8
4443,33.5723,,91,,61.4
4444,33.5841,,91,,61
4445,33.5959,,91,,60.6
4446,33.6077,,90.5,,60.2
4447,33.6196,,90,,59.8
4448,33.6315,,90,,59
4449,33.6435,,90,,58.2
4450,33.6556,,90.5,,57.7
4451,33.6676,,91,,57.2
4452,33.6799,,91,,56.6
4453,33.6921,,91,,56
4454,33.7045,,91,,55.4
4455,33.7169,,91,,54.8
4456,33.7293,,91,,54.4
4457,33.7417,,91,,54
4458,33.754,,91.5,,53.6
4459,33.7664,,92,,53.2
4460,33.7788,,93,,52.7
4461,33.7912,,94,,52.2
4462,33.8037,,94.5,,51.7
4463,33.8162,,95,,51.2
4464,33.8288,,96,,50.8
4465,33.8414,,97,,50.4
4466,33.8541,,97.5,,49.9
4467,33.8669,,98,,49.4
4468,33.8796,,98.5,,48.8
4469,33.8924,,99,,48.2
4470,33.9051,,100,,47.6
4471,33.9178,,101,,47
4472,33.9304,,101.5,,46.3
4473,33.943,,102,,45.6
4474,33.9555,,103,,45
4475,33.968,,104,,44.4
4476,33.9804,,104,,43.8
4477,33.9928,,104,,43.2
4478,34.0053,,105,,42.6
4479,34.0177,,106,,42
4480,34.0301,,105.5,,41.4
4481,34.0425,,105,,40.8
4482,34.055,,104.5,,40.1
4483,34.0674,,104,,39.4
4484,34.0799,,104,,38.8
4485,34.0923,,104,,38.2
4486,34.1047,,103,,37.7
4487,34.1171,,102,,37.2
4488,34.1294,,101.5,,36.7
4489,34.1418,,101,,36.2
4490,34.1539,,101.5,,35.9
4491,34.166,,102,,35.6
4492,34.1777,,101.5,,35.3
4493,34.1895,,101,,35
4494,34.2007,,100.5,,34.9
4495,34.212,,100,,34.8
4496,34.223,,99.5,,34.6
4497,34.2341,,99,,34.4
4498,34.245,,98,,34.1
4499,34.2559,,97,,33.8
4500,34.2666,,95,,33.4
4501,34.2774,,93,,33
4502,34.2881,,92.5,,32.7
4503,34.2989,,92,,32.4
4504,34.3097,,92,,32.2
4505,34.3204,,92,,32
4506,34.331,,92,,31.8
4507,34.3415,,92,,31.6
4508,34.3521,,89,,31.4
4509,34.3626,,88.5,,31.3
4510,34.373,,88,,31.2
4511,34.3835,,87,,31.1
4512,34.3939,,86,,31
4513,34.4044,,83,,31.2
4514,34.4148,,82,,30.6
4515,34.4251,,81,,30
4516,34.4353,,81,,30
4517,34.4454,,81,,30
4518,34.4554,,81,,29.8667
4519,34.4654,,81,,29.7333
4520,34.4754,,81,,29.6
4521,34.4855,,81.3333,,29.6
4522,34.4955,,81.6667,,29.6
4523,34.5055,,82,,29.6
4524,34.5152,,82.3333,,29.3333
4525,34.5249,,82.6667,,29.0667
4526,34.5346,,83,,28.8
4527,34.5439,,83,,28.9333
4528,34.5533,,83,,29.0667
4529,34.5626,,83,,29.2
4530,34.5718,,83,,29.3333
4531,34.581,,83,,29.4667
4532,34.5902,,83,,29.6
4533,34.5994,,82,,29.6
4534,34.6086,,81,,29.6
4535,34.6176,,80,,29.2667
4536,34.6266,,79,,28.9333
4537,34.6356,,78,,28.6
4538,34.6447,,76.5,,28.3
4539,34.6538,,75,,28
4540,34.663,,75,,27.8
4541,34.6721,,75,,27.6
4542,34.6813,,75,,27.4
4543,34.6902,,75.3333,,27.1333
4544,34.699,,75.6667,,26.8667
4545,34.7079,,76,,26.6
4546,34.7122,,75.8,,26.68
4547,34.7165,,75.6,,26.76
4548,34.7208,,75.4,,26.84
4549,34.7251,,75.2,,26.92
4550,34.7294,,75,,27
4551,34.733,,74.8333,,26.9333
4552,34.7366,,74.6667,,26.8667
4553,34.7401,,74.5,,26.8
4554,34.7437,,74.3333,,26.7333
4555,34.7473,,74.1667,,26.6667
4556,34.7509,,74,,26.6
4557,34.7566,,74,,26.4
4558,34.7622,,74,,26.2
4559,34.7682,,77,,25.8
4560,34.7752,,78.3333,,26
4561,34.7823,,79.6667,,26.2
4562,34.7893,,81,,26.4
4563,34.797,,81,,26.4
4564,34.805,,81,,26.4667
4565,34.8131,,81,,26.5333
4566,34.8212,,81,,26.6
4567,34.8297,,82.5,,26.4
4568,34.8383,,84,,26.2
4569,34.847,,85,,26.4
4570,34.8557,,86,,26.6
4571,34.8644,,87,,26.8
4572,34.873,,87.3333,,27.2667
4573,34.8817,,87.6667,,27.7333
4574,34.8903,,88,,28.2
4575,34.8989,,88.3333,,28.3333
4576,34.9075,,88.6667,,28.4667
4577,34.9161,,89,,28.6
4578,34.9246,,93,,29
4579,34.9328,,93.3333,,29.2
4580,34.941,,93.6667,,29.4
4581,34.9492,,94,,29.6
4582,34.9572,,94.6667,,29.6667
4583,34.9652,,95.3333,,29.7333
4584,34.9733,,96,,29.8
4585,34.9814,,95.3333,,29.9333
4586,34.9896,,94.6667,,30.0667
4587,34.9978,,94,,30.2
4588,35.0059,,94,,30.3333
4589,35.014,,94,,30.4667
4590,35.0222,,94,,30.6
4591,35.0301,,93.6667,,30.8
4592,35.0381,,93.3333,,31
4593,35.0461,,93,,31.2
4594,35.0538,,93,,31.3333
4595,35.0616,,93,,31.4667
4596,35.0694,,93,,31.6
4597,35.077,,92.6667,,31.6667
4598,35.0847,,92.3333,,31.7333
4599,35.0923,,92,,31.8
4600,35.1,,91.6667,,31.9333
4601,35.1076,,91.3333,,32.0667
4602,35.1153,,91,,32.2
4603,35.1228,,90.3333,,32.4
4604,35.1304,,89.6667,,32.6
4605,35.1379,,89,,32.8
4606,35.1455,,89,,32.8667
4607,35.153,,89,,32.9333
4608,35.1605,,89,,33
4609,35.1681,,87.5,,33.2
4610,35.1758,,86,,33.4
4611,35.1834,,85.3333,,33.6
4612,35.1911,,84.6667,,33.8
4613,35.1987,,84,,34
4614,35.2062,,84,,34.2
4615,35.2137,,84,,34.4
4616,35.2213,,84,,34.6
4617,35.2288,,84.3333,,34.8
4618,35.2363,,84.6667,,35
4619,35.2439,,85,,35.2
4620,35.2516,,85.6667,,35.4667
4621,35.2593,,86.3333,,35.7333
4622,35.267,,87,,36
4623,35.2747,,87,,36.2
4624,35.2824,,87,,36.4
4625,35.2901,,87,,36.6
4626,35.2979,,89.5,,36.6
4627,35.3057,,92,,36.6
4628,35.3138,,92.6667,,36.7333
4629,35.3219,,93.3333,,36.8667
4630,35.3299,,94,,37
4631,35.3379,,95.3333,,37.3333
4632,35.3459,,96.6667,,37.6667
4633,35.3539,,98,,38
4634,35.3617,,101,,38.2
4635,35.3694,,101,,38.4
4636,35.3767,,101.333,,38.8
4637,35.3841,,101.667,,39.2
4638,35.3915,,102,,39.6
4639,35.3983,,102,,39.8667
4640,35.4052,,102,,40.1333
4641,35.4121,,102,,40.4
4642,35.4185,,102.25,,40.6
4643,35.425,,102.5,,40.8
4644,35.4315,,102.75,,41
4645,35.4379,,103,,41.2
4646,35.4442,,103.25,,41.55
4647,35.4505,,103.5,,41.9
4648,35.4567,,103.75,,42.25
4649,35.463,,104,,42.6
4650,35.4692,,104.25,,42.95
4651,35.4753,,104.5,,43.3
4652,35.4815,,104.75,,43.65
4653,35.4877,,105,,44
4654,35.4937,,105.25,,44.3
4655,35.4996,,105.5,,44.6
4656,35.5055,,105.75,,44.9
4657,35.5115,,106,,45.2
4658,35.5172,,107.5,,45.5
4659,35.5228,,109,,45.8
4660,35.5283,,108.75,,46.05
4661,35.5338,,108.5,,46.3
4662,35.5393,,108.25,,46.55
4663,35.5448,,108,,46.8
4664,35.5503,,108,,47
4665,35.5558,,108,,47.2
4666,35.5614,,108,,47.4
4667,35.5669,,108,,47.6
4668,35.5725,,108,,47.85
4669,35.5782,,108,,48.1
4670,35.5838,,108,,48.35
4671,35.5895,,108,,48.6
4672,35.5952,,108.75,,48.9
4673,35.6008,,109.5,,49.2
4674,35.6065,,110.25,,49.5
4675,35.6122,,111,,49.8
4676,35.6179,,117,,50
4677,35.6236,,117,,50.2
4678,35.629,,118.25,,50.25
4679,35.6345,,119.5,,50.3
4680,35.6399,,120.75,,50.35
4681,35.6454,,122,,50.4
4682,35.6508,,122,,50.6
4683,35.6566,,122,,50.7
4684,35.6624,,122,,50.8
4685,35.6681,,122,,50.9
4686,35.6739,,122,,51
4687,35.6799,,122,,51.2
4688,35.6858,,122,,51.4
4689,35.6918,,122,,51.6
4690,35.6978,,122,,51.8
4691,35.7039,,122,,52.2
4692,35.71,,122,,52.6
4693,35.7161,,122,,53
4694,35.7222,,122,,53.4
4695,35.7283,,122,,53.6
4696,35.7344,,122,,53.8
4697,35.7406,,122,,54
4698,35.7467,,122,,54.2
4699,35.7528,,121.5,,54.45
4700,35.7589,,121,,54.7
4701,35.7651,,120.5,,54.95
4702,35.7712,,120,,55.2
4703,35.7772,,119,,55.4667
4704,35.7831,,118,,55.7333
4705,35.7891,,117,,56
4706,35.7951,,114,,56.4
4707,35.8011,,112.5,,56.7
4708,35.8071,,111,,57
4709,35.8131,,111,,57.2
4710,35.8192,,110,,57.5333
4711,35.8252,,109,,57.8667
4712,35.8312,,108,,58.2
4713,35.837,,107.75,,58.45
4714,35.8429,,107.5,,58.7
4715,35.8488,,107.25,,58.95
4716,35.8546,,107,,59.2
4717,35.8605,,104,,59.5
4718,35.8663,,101,,59.8
4719,35.8721,,101,,60.1
4720,35.878,,101,,60.4
4721,35.8839,,101,,60.7
4722,35.8897,,101,,61
4723,35.8958,,102.667,,61.2
4724,35.9018,,104.333,,61.4
4725,35.9078,,106,,61.6
4726,35.9138,,106.25,,61.85
4727,35.9198,,106.5,,62.1
4728,35.9258,,106.75,,62.35
4729,35.9318,,107,,62.6
4730,35.9379,,107.5,,62.7
4731,35.944,,108,,62.8
4732,35.9501,,108.5,,62.9
4733,35.9562,,109,,63
4734,35.9627,,109,,63.15
4735,35.9691,,109,,63.3
4736,35.9756,,109,,63.45
4737,35.9821,,109,,63.6
4738,35.9889,,109,,63.8
4739,35.9957,,109,,64
4740,36.0025,,109,,64.2
4741,36.0095,,108.333,,64.4
4742,36.0166,,107.667,,64.6
4743,36.0236,,107,,64.8
4744,36.0309,,106.667,,65.0667
4745,36.0382,,106.333,,65.3333
4746,36.0455,,106,,65.6
4747,36.0529,,105.667,,65.7333
4748,36.0603,,105.333,,65.8667
4749,36.0676,,105,,66
4750,36.075,,101,,66.2
4751,36.0825,,100.333,,66.4
4752,36.09,,99.6667,,66.6
4753,36.0975,,99,,66.8
4754,36.1051,,98.3333,,67.0667
4755,36.1127,,97.6667,,67.3333
4756,36.1202,,97,,67.6
4757,36.1276,,97,,67.8
4758,36.135,,97,,68
4759,36.1424,,97,,68.2
4760,36.1499,,102,,68.4
4761,36.1575,,105,,68.4
4762,36.1652,,105,,68.6
4763,36.1727,,105.333,,68.8
4764,36.1803,,105.667,,69
4765,36.1878,,106,,69.2
4766,36.1948,,110,,69.6
4767,36.2016,,110.333,,69.9333
4768,36.2083,,110.667,,70.2667
4769,36.2151,,111,,70.6
4770,36.2214,,111.25,,71.05
4771,36.2277,,111.5,,71.5
4772,36.234,,111.75,,71.95
4773,36.2403,,112,,72.4
4774,36.2465,,112.25,,72.55
4775,36.2527,,112.5,,72.7
4776,36.2589,,112.75,,72.85
4777,36.2651,,113,,73
4778,36.2712,,113,,73.4
4779,36.2772,,113,,73.8
4780,36.2833,,113,,74.2
4781,36.2894,,113,,74.6
4782,36.2953,,113.5,,74.9
4783,36.3012,,114,,75.2
4784,36.3071,,114.5,,75.5
4785,36.3129,,115,,75.8
4786,36.3188,,115.5,,76.15
4787,36.3246,,116,,76.5
4788,36.3305,,116.5,,76.85
4789,36.3363,,117,,77.2
4790,36.3422,,116,,77.4
4791,36.348,,116,,77.85
4792,36.3539,,116,,78.3
4793,36.3597,,116,,78.75
4794,36.3655,,116,,79.2
4795,36.3715,,116.5,,79.45
4796,36.3774,,117,,79.7
4797,36.3833,,117.5,,79.95
4798,36.3892,,118,,80.2
4799,36.3953,,118.5,,80.6
4800,36.4014,,119,,81
4801,36.4074,,119.5,,81.4
4802,36.4135,,120,,81.8
4803,36.4197,,122.5,,82.1
4804,36.4258,,125,,82.4
4805,36.4321,,128,,82.6
4806,36.4383,,132,,82.6
4807,36.4445,,135,,82.8
4808,36.4505,,135,,83
4809,36.4565,,135.5,,83.05
4810,36.4626,,136,,83.1
4811,36.4686,,136.5,,83.15
4812,36.4746,,137,,83.2
4813,36.4805,,137.25,,83.4
4814,36.4863,,137.5,,83.6
4815,36.4921,,137.75,,83.8
4816,36.498,,138,,84
4817,36.5036,,138.25,,84.25
4818,36.5092,,138.5,,84.5
4819,36.5148,,138.75,,84.75
4820,36.5204,,139,,85
4821,36.5257,,138.75,,85.35
4822,36.5311,,138.5,,85.7
4823,36.5364,,138.25,,86.05
4824,36.5418,,138,,86.4
4825,36.5473,,138.25,,86.6
4826,36.5527,,138.5,,86.8
4827,36.5582,,138.75,,87
4828,36.5637,,139,,87.2
4829,36.5691,,139.25,,87.6
4830,36.5745,,139.5,,88
4831,36.5799,,139.75,,88.4
4832,36.5853,,140,,88.8
4833,36.5908,,140.25,,89.2
4834,36.5963,,140.5,,89.6
4835,36.6019,,140.75,,90
4836,36.6074,,141,,90.4
4837,36.6131,,140.75,,90.8
4838,36.6188,,140.5,,91.2
4839,36.6246,,140.25,,91.6
4840,36.6303,,140,,92
4841,36.6363,,140,,92.2
4842,36.6423,,140,,92.4
4843,36.6483,,140,,92.6
4844,36.6543,,140,,92.8
4845,36.6609,,140,,92.8
4846,36.6675,,140,,92.8
4847,36.6741,,140,,92.8
4848,36.6807,,140,,92.8
4849,36.6878,,140,,93.2
4850,36.6948,,140,,93.6
4851,36.7019,,140,,94
4852,36.709,,140,,94.2667
4853,36.7162,,140,,94.5333
4854,36.7234,,140,,94.8
4855,36.7309,,140,,94.9333
4856,36.7384,,140,,95.0667
4857,36.7458,,140,,95.2
4858,36.7534,,140,,95.2667
4859,36.7609,,140,,95.3333
4860,36.7684,,140,,95.4
4861,36.7756,,140.333,,95.7333
4862,36.7829,,140.667,,96.0667
4863,36.7902,,141,,96.4
4864,36.7971,,142.5,,96.7
4865,36.804,,144,,97
4866,36.8106,,145,,97.3
4867,36.8172,,146,,97.6
4868,36.8239,,146,,97.9
4869,36.8305,,146,,98.2
4870,36.8371,,146,,98.5
4871,36.8437,,146,,98.8
4872,36.8503,,144.667,,99.1333
4873,36.8569,,143.333,,99.4667
4874,36.8635,,142,,99.8
4875,36.8699,,141.5,,100.2
4876,36.8763,,141,,100.6
4877,36.8827,,140.5,,101
4878,36.8892,,140,,101.4
4879,36.8955,,139.75,,101.6
4880,36.9018,,139.5,,101.8
4881,36.9082,,139.25,,102
4882,36.9145,,139,,102.2
4883,36.921,,139,,102.45
4884,36.9275,,139,,102.7
4885,36.934,,139,,102.95
4886,36.9404,,139,,103.2
4887,36.947,,139,,103.4
4888,36.9536,,139,,103.6
4889,36.9602,,139,,103.8
4890,36.9668,,139,,104
4891,36.9734,,139.25,,104.3
4892,36.98,,139.5,,104.6
4893,36.9866,,139.75,,104.9
4894,36.9931,,140,,105.2
4895,36.9996,,140,,105.5
4896,37.006,,140,,105.8
4897,37.0124,,140,,106.1
4898,37.0189,,140,,106.4
4899,37.0252,,142,,106.7
4900,37.0315,,144,,107
4901,37.0375,,144.25,,107.8
4902,37.0435,,144.5,,108.6
4903,37.0494,,144.75,,109.4
4904,37.0554,,145,,110.2
4905,37.0614,,144.75,,110.7
4906,37.0675,,144.5,,111.2
4907,37.0735,,144.25,,111.7
4908,37.0795,,144,,112.2
4909,37.0859,,143.5,,112.8
4910,37.0923,,143,,113.4
4911,37.0986,,143,,113.9
4912,37.1048,,143,,114.4
4913,37.1111,,143,,114.9
4914,37.1173,,143,,115.4
4915,37.1237,,142,,115.7
4916,37.1302,,141,,116
4917,37.1368,,141,,116.4
4918,37.1435,,141,,116.8
4919,37.1502,,141,,117.2
4920,37.1568,,141,,117.6
4921,37.1635,,141,,117.867
4922,37.1702,,141,,118.133
4923,37.1769,,141,,118.4
4924,37.1827,,141.333,,118.4
4925,37.1885,,141.667,,118.4
4926,37.1944,,142,,118.4
4927,37.1991,,141.5,,118.4
4928,37.2039,,141,,118.4
4929,37.2077,,140.833,,117.9
4930,37.2115,,140.667,,117.4
4931,37.2153,,140.5,,116.9
4932,37.2191,,140.333,,116.4
4933,37.2229,,140.167,,115.9
4934,37.2267,,140,,115.4
4935,37.2311,,140,,114.9
4936,37.2355,,140,,114.4
4937,37.2402,,140,,113.8
4938,37.2453,,139.667,,113.467
4939,37.2504,,139.333,,113.133
4940,37.2555,,139,,112.8
4941,37.262,,139,,112.6
4942,37.2685,,139,,112.4
4943,37.275,,139,,112.2
4944,37.2815,,139,,112
4945,37.2891,,138.667,,111.733
4946,37.2967,,138.333,,111.467
4947,37.3043,,138,,111.2
4948,37.3121,,138,,110.6
4949,37.3206,,137.667,,110.2
4950,37.329,,137.333,,109.8
4951,37.3375,,137,,109.4
4952,37.3465,,137,,108.933
4953,37.3556,,137,,108.467
4954,37.3646,,137,,108
4955,37.3741,,137,,107.667
4956,37.3837,,137,,107.333
4957,37.3932,,137,,107
4958,37.4031,,137,,106.467
4959,37.4129,,137,,105.933
4960,37.4228,,137,,105.4
4961,37.4329,,137,,104.8
4962,37.4429,,137,,104.2
4963,37.4531,,137,,103.6
4964,37.4632,,137,,103
4965,37.4736,,136.5,,102.3
4966,37.484,,136,,101.6
4967,37.495,,136,,101
4968,37.5059,,136,,100.4
4969,37.5175,,136,,99.8
4970,37.5291,,136,,99.2
4971,37.5412,,135.5,,98.6
4972,37.5533,,135,,98
4973,37.5656,,135,,97.3
4974,37.5779,,135,,96.6
4975,37.5904,,135,,96.1
4976,37.6029,,135,,95.6
4977,37.6154,,133.5,,95
4978,37.6279,,132,,94.4
4979,37.6401,,131.5,,94.1
4980,37.6522,,131,,93.8
4981,37.6641,,130,,93.6
4982,37.6759,,129,,93.4
4983,37.6875,,129,,93.3
4984,37.6991,,129,,93.2
4985,37.7103,,128,,93.1
4986,37.7215,,127,,93
4987,37.7322,,127,,92.7
4988,37.7429,,127,,92.4
4989,37.7534,,125,,92.2
4990,37.7639,,123,,92
4991,37.7743,,122,,91.5
4992,37.7846,,121,,91
4993,37.7952,,121,,90.5
4994,37.8057,,121,,90
4995,37.8164,,121,,89.6
4996,37.8271,,120.5,,89
4997,37.8379,,120,,88.4
4998,37.8488,,119,,87.9
4999,37.8598,,118,,87.4
5000,37.8709,,112,,87
5001,37.8821,,111,,86.5
5002,37.8933,,110,,86
5003,37.9046,,110,,85.4
5004,37.9159,,110,,84.8
5005,37.9273,,110,,84.2
5006,37.9387,,110,,83.6
5007,37.9502,,109,,83
5008,37.9616,,108,,82.4
5009,37.9732,,108,,81.8
5010,37.9849,,108,,81.2
5011,37.9966,,108.5,,80.6
5012,38.0084,,109,,80
5013,38.0202,,109.5,,79.5
5014,38.0321,,110,,79
5015,38.0441,,110,,78.4
5016,38.056,,110,,77.8
5017,38.0681,,110.5,,77.2
5018,38.0801,,111,,76.6
5019,38.0922,,111,,76
5020,38.1043,,111,,75.4
5021,38.1167,,110.5,,74.8
5022,38.129,,110,,74.2
5023,38.1415,,110,,73.5
5024,38.154,,110,,72.8
5025,38.1666,,110,,72.3
5026,38.1792,,110,,71.8
5027,38.192,,109.5,,71.2
5028,38.2047,,109,,70.6
5029,38.2174,,106.5,,70
5030,38.2302,,104,,69.4
5031,38.2431,,101,,69
5032,38.2558,,101,,68.4
5033,38.2685,,101,,68.1
5034,38.2812,,101,,67.8
5035,38.2936,,100,,67.5
5036,38.3061,,99,,67.2
5037,38.3184,,98.5,,66.9
5038,38.3306,,98,,66.6
5039,38.3427,,96.5,,66.3
5040,38.3547,,95,,66
5041,38.3666,,95,,65.7
5042,38.3784,,95,,65.4
5043,38.3901,,95,,65.2
5044,38.4018,,95,,65
5045,38.4134,,95.5,,64.8
5046,38.425,,96,,64.6
5047,38.4365,,96.5,,64.2
5048,38.4481,,97,,63.8
5049,38.4597,,97,,63.4
5050,38.4713,,97,,63
5051,38.483,,97.5,,62.6
5052,38.4947,,98,,62.2
5053,38.5067,,98.5,,61.7
5054,38.5187,,99,,61.2
5055,38.531,,100.5,,60.6
5056,38.5433,,102,,60
5057,38.5558,,102.5,,59.5
5058,38.5684,,103,,59
5059,38.5813,,103.5,,58.5
5060,38.5941,,104,,58
5061,38.6073,,104,,57.4
5062,38.6204,,104,,56.8
5063,38.6337,,101,,56.2
5064,38.647,,100,,55.7
5065,38.6604,,99,,55.2
5066,38.6738,,98,,54.7
5067,38.6872,,97,,54.2
5068,38.7006,,97,,53.7
5069,38.714,,97,,53.2
5070,38.7276,,96.5,,52.7
5071,38.7411,,96,,52.2
5072,38.7547,,95,,51.6
5073,38.7683,,94,,51
5074,38.782,,93,,50.5
5075,38.7956,,92,,50
5076,38.8096,,92,,49.5
5077,38.8235,,92,,49
5078,38.8375,,92,,48.5
5079,38.8516,,92,,48
5080,38.8655,,91.5,,47.5
5081,38.8794,,91,,47
5082,38.8931,,91,,46.4
5083,38.9067,,91,,45.8
5084,38.9203,,91,,45.2
5085,38.9338,,91,,44.6
5086,38.9473,,92.5,,44
5087,38.9609,,94,,43.4
5088,38.9742,,93.5,,42.9
5089,38.9876,,93,,42.4
5090,39.0011,,92.5,,41.8
5091,39.0145,,92,,41.2
5092,39.028,,92,,40.6
5093,39.0415,,92,,40
5094,39.055,,90.5,,39.5
5095,39.0685,,89,,39
5096,39.0819,,89,,38.6
5097,39.0952,,89,,38.2
5098,39.1083,,88,,38
5099,39.1212,,87.5,,37.8
5100,39.134,,87,,37.6
5101,39.1466,,87.5,,37.5
5102,39.1592,,88,,37.4
5103,39.1713,,88,,37.5
5104,39.1834,,88,,37.6
5105,39.1952,,88,,37.2
5106,39.2069,,88,,36.8
5107,39.2186,,88.5,,36.5
5108,39.2303,,89,,36.2
5109,39.2418,,89,,35.8
5110,39.2532,,89,,35.4
5111,39.2644,,89,,34.9
5112,39.2757,,89,,34.4
5113,39.2866,,89.5,,34
5114,39.2976,,90,,33.6
5115,39.3065,,90,,33.5333
5116,39.3154,,90,,33.4667
5117,39.3243,,90,,33.4
5118,39.3311,,90.3333,,33.2
5119,39.3379,,90.6667,,33
5120,39.3447,,91,,32.8
5121,39.3521,,91,,32.6667
5122,39.3594,,91,,32.5333
5123,39.3667,,91,,32.4
5124,39.3746,,91,,32.2667
5125,39.3824,,91,,32.1333
5126,39.3903,,91,,32
5127,39.3985,,90.6667,,31.8
5128,39.4066,,90.3333,,31.6
5129,39.4148,,90,,31.4
5130,39.4231,,88,,31.3
5131,39.4314,,86,,31.2
5132,39.4394,,85.6667,,31
5133,39.4474,,85.3333,,30.8
5134,39.4554,,85,,30.6
5135,39.4593,,84.8333,,30.5333
5136,39.4631,,84.6667,,30.4667
5137,39.4669,,84.5,,30.4
5138,39.4708,,84.3333,,30.3333
5139,39.4746,,84.1667,,30.2667
5140,39.4784,,84,,30.2
5141,39.4823,,84,,30.2667
5142,39.4861,,84,,30.3333
5143,39.49,,84,,30.4
5144,39.4944,,83.6667,,30.5333
5145,39.4988,,83.3333,,30.6667
5146,39.5032,,83,,30.8
5147,39.5072,,83,,30.55
5148,39.5112,,83,,30.3
5149,39.5151,,83,,30.05
5150,39.5191,,83,,29.8
5151,39.5226,,83.5,,29.9667
5152,39.526,,84,,30.1333
5153,39.5294,,84.5,,30.3
5154,39.5328,,85,,30.4667
5155,39.5363,,85.5,,30.6333
5156,39.5397,,86,,30.8
5157,39.5434,,87,,30.9
5158,39.5472,,88,,31
5159,39.5479,,87.5,,31
5160,39.5486,,87,,31
5161,39.5493,,86.5,,31
5162,39.55,,86,,31
5163,39.5507,,85.5,,31
5164,39.5514,,85,,31
5165,39.5515,,85.1875,,31.025
5166,39.5516,,85.375,,31.05
5167,39.5517,,85.5625,,31.075
5168,39.5519,,85.75,,31.1
5169,39.552,,85.9375,,31.125
5170,39.5521,,86.125,,31.15
5171,39.5522,,86.3125,,31.175
5172,39.5523,,86.5,,31.2
5173,39.5524,,86.6875,,31.225
5174,39.5526,,86.875,,31.25
5175,39.5527,,87.0625,,31.275
5176,39.5528,,87.25,,31.3
5177,39.5529,,87.4375,,31.325
5178,39.553,,87.625,,31.35
5179,39.5532,,87.8125,,31.375
5180,39.5533,,88,,31.4
5181,39.5534,,86.3333,,31.3333
5182,39.5535,,84.6667,,31.2667
5183,39.5536,,83,,31.2
5184,39.5537,,81.3333,,31.1333
5185,39.5538,,79.6667,,31.0667
5186,39.5539,,78,,31
5187,39.5541,,78.75,,30.95
5188,39.5543,,79.5,,30.9
5189,39.5545,,80.25,,30.85
5190,39.5547,,81,,30.8
5191,39.5548,,80.25,,30.7
5192,39.5549,,79.5,,30.6
5193,39.5549,,78.75,,30.5
5194,39.555,,78,,30.4
5195,39.5551,,76,,30.4
5196,39.5551,,74,,30.4
5197,39.556,,74.0833,,30.375
5198,39.5568,,74.1667,,30.35
5199,39.5577,,74.25,,30.325
5200,39.5585,,74.3333,,30.3
5201,39.5593,,74.4167,,30.275
5202,39.5602,,74.5,,30.25
5203,39.561,,74.5833,,30.225
5204,39.5619,,74.6667,,30.2
5205,39.5627,,74.75,,30.175
5206,39.5635,,74.8333,,30.15
5207,39.5644,,74.9167,,30.125
5208,39.5652,,75,,30.1
5209,39.5661,,75.0833,,30.075
5210,39.5669,,75.1667,,30.05
5211,39.5678,,75.25,,30.025
5212,39.5686,,75.3333,,30
5213,39.5694,,75.4167,,29.975
5214,39.5703,,75.5,,29.95
5215,39.5711,,75.5833,,29.925
5216,39.572,,75.6667,,29.9
5217,39.5728,,75.75,,29.875
5218,39.5736,,75.8333,,29.85
5219,39.5745,,75.9167,,29.825
5220,39.5753,,76,,29.8
5221,39.5807,,76,,29.65
5222,39.5861,,76,,29.5
5223,39.5916,,76,,29.35
5224,39.597,,76,,29.2
5225,39.6024,,76,,29.05
5226,39.6077,,76,,28.9
5227,39.6131,,76,,28.75
5228,39.6185,,76,,28.6
5229,39.6237,,76,,28.25
5230,39.629,,76,,27.9
5231,39.6342,,76,,27.55
5232,39.6394,,76,,27.2
5233,39.6449,,75.75,,27
5234,39.6504,,75.5,,26.8
5235,39.6559,,75.25,,26.6
5236,39.6613,,75,,26.4
5237,39.6663,,75.25,,26.4
5238,39.6713,,75.5,,26.4
5239,39.6763,,75.75,,26.4
5240,39.6813,,76,,26.4
5241,39.6823,,76.4,,26.16
5242,39.6834,,76.8,,25.92
5243,39.6844,,77.2,,25.68
5244,39.6854,,77.6,,25.44
5245,39.6864,,78,,25.2
5246,39.6924,,78,,25.15
5247,39.6985,,78,,25.1
5248,39.7045,,78,,25.05
5249,39.7105,,78,,25
5250,39.7173,,79,,24.8
5251,39.7244,,79,,24.6
5252,39.7317,,79,,24.6667
5253,39.739,,79,,24.7333
5254,39.7463,,79,,24.8
5255,39.7539,,79.3333,,25
5256,39.7615,,79.6667,,25.2
5257,39.7691,,80,,25.4
5258,39.7769,,80.3333,,25.4667
5259,39.7847,,80.6667,,25.5333
5260,39.7925,,81,,25.6
5261,39.8005,,81.6667,,25.5333
5262,39.8084,,82.3333,,25.4667
5263,39.8163,,83,,25.4
5264,39.8244,,83.3333,,25.4
5265,39.8324,,83.6667,,25.4
5266,39.8405,,84,,25.4
5267,39.8486,,84.3333,,25.4667
5268,39.8567,,84.6667,,25.5333
5269,39.8648,,85,,25.6
5270,39.8728,,85.6667,,25.8
5271,39.8808,,86.3333,,26
5272,39.8888,,87,,26.2
5273,39.8969,,87.3333,,26.6
5274,39.9051,,87.6667,,27
5275,39.9133,,88,,27.4
5276,39.9218,,89,,27.5333
5277,39.9302,,90,,27.6667
5278,39.9387,,91,,27.8
5279,39.9473,,92.5,,27.7
5280,39.9558,,94,,27.6
5281,39.9643,,94,,27.8
5282,39.9728,,94,,28
5283,39.9812,,94,,28.2
5284,39.9893,,93.6667,,28.2
5285,39.9974,,93.3333,,28.2
5286,40.0055,,93,,28.2
5287,40.0136,,93.3333,,28.2667
5288,40.0216,,93.6667,,28.3333
5289,40.0297,,94,,28.4
5290,40.0376,,94,,28.4
5291,40.0455,,94,,28.4
5292,40.0534,,94,,28.4
5293,40.0612,,94.3333,,28.6
5294,40.069,,94.6667,,28.8
5295,40.0768,,95,,29
5296,40.0846,,96,,29.0667
5297,40.0923,,97,,29.1333
5298,40.1001,,98,,29.2
5299,40.1078,,98,,29.3333
5300,40.1155,,98,,29.4667
5301,40.1232,,98,,29.6
5302,40.1307,,97.6667,,29.7333
5303,40.1382,,97.3333,,29.8667
5304,40.1457,,97,,30
5305,40.1532,,96,,30.2
5306,40.1606,,95,,30.4
5307,40.1681,,94,,30.6
5308,40.1755,,92.5,,30.8
5309,40.1829,,91,,31
5310,40.1902,,90,,31.2
5311,40.1974,,89.6667,,31.2667
5312,40.2047,,89.3333,,31.3333
5313,40.2119,,89,,31.4
5314,40.2193,,88.6667,,31.5333
5315,40.2266,,88.3333,,31.6667
5316,40.2339,,88,,31.8
5317,40.2414,,87.6667,,31.9333
5318,40.2489,,87.3333,,32.0667
5319,40.2564,,87,,32.2
5320,40.2639,,86.6667,,32.3333
5321,40.2714,,86.3333,,32.4667
5322,40.2789,,86,,32.6
5323,40.2861,,85.6667,,33
5324,40.2933,,85.3333,,33.4
5325,40.3004,,85,,33.8
5326,40.3071,,84.3333,,34.2667
5327,40.3138,,83.6667,,34.7333
5328,40.3205,,83,,35.2
5329,40.3267,,81,,35.8
5330,40.333,,79,,36.4
5331,40.3389,,79,,36.8
5332,40.3448,,79,,37.2
5333,40.3507,,79,,37.6
5334,40.3566,,79,,38
5335,40.3627,,79,,38.4
5336,40.3687,,79,,38.8
5337,40.3747,,79,,39.2
5338,40.3807,,79,,39.6
5339,40.3866,,80.5,,39.9
5340,40.3925,,82,,40.2
5341,40.3983,,83,,40.4667
5342,40.404,,84,,40.7333
5343,40.4098,,85,,41
5344,40.4157,,85.75,,41.25
5345,40.4215,,86.5,,41.5
5346,40.4274,,87.25,,41.75
5347,40.4333,,88,,42
5348,40.4391,,88,,42.4
5349,40.445,,88,,42.8
5350,40.4508,,88,,43.2
5351,40.4567,,88,,43.6
5352,40.4623,,88.25,,43.95
5353,40.468,,88.5,,44.3
5354,40.4737,,88.75,,44.65
5355,40.4793,,89,,45
5356,40.485,,88.5,,45.2
5357,40.4907,,88,,45.4
5358,40.4963,,87.5,,45.6
5359,40.502,,87,,45.8
5360,40.5077,,86.75,,46.1
5361,40.5134,,86.5,,46.4
5362,40.5191,,86.25,,46.7
5363,40.5248,,86,,47
5364,40.5305,,86,,47.35
5365,40.5361,,86,,47.7
5366,40.5417,,86,,48.05
5367,40.5474,,86,,48.4
5368,40.5529,,85.75,,48.65
5369,40.5585,,85.5,,48.9
5370,40.5641,,85.25,,49.15
5371,40.5697,,85,,49.4
5372,40.5749,,85,,49.85
5373,40.5801,,85,,50.3
5374,40.5854,,85,,50.75
5375,40.5906,,85,,51.2
5376,40.596,,85,,51.6
5377,40.6014,,85,,52
5378,40.6068,,85,,52.4
5379,40.6122,,85,,52.8
5380,40.6177,,85.25,,53.05
5381,40.6233,,85.5,,53.3
5382,40.6289,,85.75,,53.55
5383,40.6345,,86,,53.8
5384,40.6401,,86.25,,53.65
5385,40.6457,,86.5,,53.5
5386,40.6514,,86.75,,53.35
5387,40.657,,87,,53.2
5388,40.6627,,87.25,,53.35
5389,40.6684,,87.5,,53.5
5390,40.6742,,87.75,,53.65
5391,40.6799,,88,,53.8
5392,40.686,,88,,53.8
5393,40.6922,,88,,53.8
5394,40.6983,,88,,53.8
5395,40.7045,,88,,53.8
5396,40.7107,,88.5,,54.1
5397,40.7169,,89,,54.4
5398,40.7232,,89.5,,54.7
5399,40.7294,,90,,55
5400,40.7354,,90.25,,55.2
5401,40.7415,,90.5,,55.4
5402,40.7475,,90.75,,55.6
5403,40.7536,,91,,55.8
5404,40.7596,,91.25,,56.05
5405,40.7656,,91.5,,56.3
5406,40.7716,,91.75,,56.55
5407,40.7776,,92,,56.8
5408,40.7836,,94,,57.1
5409,40.7896,,96,,57.4
5410,40.7955,,95.5,,57.75
5411,40.8015,,95,,58.1
5412,40.8074,,94.5,,58.45
5413,40.8133,,94,,58.8
5414,40.8193,,93.5,,59.05
5415,40.8253,,93,,59.3
5416,40.8313,,92.5,,59.55
5417,40.8373,,92,,59.8
5418,40.8435,,91.75,,60.05
5419,40.8496,,91.5,,60.3
5420,40.8558,,91.25,,60.55
5421,40.862,,91,,60.8
5422,40.868,,90.75,,61.15
5423,40.8739,,90.5,,61.5
5424,40.8799,,90.25,,61.85
5425,40.8859,,90,,62.2
5426,40.8919,,90,,62.45
5427,40.8979,,90,,62.7
5428,40.9039,,90,,62.95
5429,40.9099,,90,,63.2
5430,40.9164,,90.25,,63.3
5431,40.9229,,90.5,,63.4
5432,40.9294,,90.75,,63.5
5433,40.9359,,91,,63.6
5434,40.9427,,90.6667,,63.6667
5435,40.9496,,90.3333,,63.7333
5436,40.9564,,90,,63.8
5437,40.9633,,90.3333,,64
5438,40.9703,,90.6667,,64.2
5439,40.9772,,91,,64.4
5440,40.9841,,91.6667,,64.4667
5441,40.991,,92.3333,,64.5333
5442,40.9979,,93,,64.6
5443,41.005,,93,,64.8667
5444,41.0121,,93,,65.1333
5445,41.0191,,93,,65.4
5446,41.0266,,93,,65.6
5447,41.034,,93,,65.8
5448,41.0414,,93,,66
5449,41.0489,,93.3333,,66.2667
5450,41.0564,,93.6667,,66.5333
5451,41.0639,,94,,66.8
5452,41.0715,,94.3333,,67
5453,41.079,,94.6667,,67.2
5454,41.0865,,95,,67.4
5455,41.0939,,96,,67.7333
5456,41.1013,,97,,68.0667
5457,41.1088,,98,,68.4
5458,41.1159,,98.6667,,68.7333
5459,41.123,,99.3333,,69.0667
5460,41.1301,,100,,69.4
5461,41.1368,,101,,69.8667
5462,41.1435,,102,,70.3333
5463,41.1502,,103,,70.8
5464,41.1568,,104.5,,71.2
5465,41.1634,,106,,71.6
5466,41.1698,,110,,72
5467,41.176,,111,,72.2
5468,41.1822,,112,,72.4
5469,41.1883,,113,,72.6
5470,41.1943,,113.5,,73
5471,41.2003,,114,,73.4
5472,41.2063,,114.5,,73.8
5473,41.2123,,115,,74.2
5474,41.2182,,115.25,,74.4
5475,41.2242,,115.5,,74.6
5476,41.2301,,115.75,,74.8
5477,41.236,,116,,75
5478,41.2418,,116.25,,75.1
5479,41.2476,,116.5,,75.2
5480,41.2534,,116.75,,75.3
5481,41.2592,,117,,75.4
5482,41.2649,,117.5,,75.6
5483,41.2705,,118,,75.8
5484,41.2761,,118.5,,76
5485,41.2817,,119,,76.2
5486,41.2875,,119,,76.45
5487,41.2932,,119,,76.7
5488,41.2989,,119,,76.95
5489,41.3046,,119,,77.2
5490,41.3103,,119.25,,77.55
5491,41.3161,,119.5,,77.9
5492,41.3218,,119.75,,78.25
5493,41.3275,,120,,78.6
5494,41.3332,,120.25,,78.85
5495,41.3388,,120.5,,79.1
5496,41.3445,,120.75,,79.35
5497,41.3501,,121,,79.6
5498,41.3558,,121,,80
5499,41.3616,,121,,80.4
5500,41.3673,,121,,80.8
5501,41.373,,121,,81.2
5502,41.3786,,122.333,,81.5333
5503,41.3841,,123.667,,81.8667
5504,41.3897,,125,,82.2
5505,41.3952,,125.25,,82.65
5506,41.4008,,125.5,,83.1
5507,41.4063,,125.75,,83.55
5508,41.4119,,126,,84
5509,41.4174,,126.5,,84.35
5510,41.4229,,127,,84.7
5511,41.4283,,127.5,,85.05
5512,41.4338,,128,,85.4
5513,41.4395,,128.5,,85.7
5514,41.4451,,129,,86
5515,41.4507,,129.5,,86.3
5516,41.4563,,130,,86.6
5517,41.462,,130,,87
5518,41.4676,,130,,87.4
5519,41.4732,,130,,87.8
5520,41.4789,,130,,88.2
5521,41.4846,,130,,88.45
5522,41.4902,,130,,88.7
5523,41.4959,,130,,88.95
5524,41.5016,,130,,89.2
5525,41.5073,,129.75,,89.35
5526,41.5129,,129.5,,89.5
5527,41.5185,,129.25,,89.65
5528,41.5242,,129,,89.8
5529,41.53,,129,,89.8
5530,41.5357,,128,,89.9333
5531,41.5414,,127,,90.0667
5532,41.5471,,126,,90.2
5533,41.5528,,126,,90.6
5534,41.5585,,126,,91
5535,41.5643,,126,,91.4
5536,41.57,,126,,91.8
5537,41.5761,,126,,91.8
5538,41.5822,,126,,91.8
5539,41.5884,,126,,91.8
5540,41.5945,,126,,91.8
5541,41.6011,,125.75,,92.05
5542,41.6076,,125.5,,92.3
5543,41.6142,,125.25,,92.55
5544,41.6208,,125,,92.8
5545,41.6278,,125,,93.0667
5546,41.6348,,125,,93.3333
5547,41.6418,,125,,93.6
5548,41.6491,,124.333,,93.7333
5549,41.6564,,123.667,,93.8667
5550,41.6637,,123,,94
5551,41.6711,,121.667,,94.2
5552,41.6785,,120.333,,94.4
5553,41.6859,,119,,94.6
5554,41.693,,118.333,,94.8667
5555,41.7002,,117.667,,95.1333
5556,41.7073,,117,,95.4
5557,41.7144,,116.667,,95.7333
5558,41.7215,,116.333,,96.0667
5559,41.7286,,116,,96.4
5560,41.7352,,116.5,,96.65
5561,41.7418,,117,,96.9
5562,41.7483,,117.5,,97.15
5563,41.7549,,118,,97.4
5564,41.7614,,118.25,,97.8
5565,41.7679,,118.5,,98.2
5566,41.7744,,118.75,,98.6
5567,41.7809,,119,,99
5568,41.7872,,119,,99.3
5569,41.7936,,119,,99.6
5570,41.8,,119,,99.9
5571,41.8064,,119,,100.2
5572,41.8127,,119,,100.8
5573,41.8189,,119,,101.4
5574,41.825,,117,,101.8
5575,41.8312,,115,,102.2
5576,41.8373,,113,,102.6
5577,41.8434,,111,,103
5578,41.8496,,109.5,,103.1
5579,41.8559,,108,,103.2
5580,41.8621,,107.75,,103.4
5581,41.8684,,107.5,,103.6
5582,41.8747,,107.25,,103.8
5583,41.881,,107,,104
5584,41.8874,,106.75,,104.15
5585,41.8937,,106.5,,104.3
5586,41.9001,,106.25,,104.45
5587,41.9065,,106,,104.6
5588,41.913,,106,,105
5589,41.9195,,106,,105.4
5590,41.9259,,106,,105.8
5591,41.9324,,106,,106.2
5592,41.939,,106,,106.3
5593,41.9456,,106,,106.4
5594,41.9521,,106,,106.5
5595,41.9587,,106,,106.6
5596,41.9653,,106.5,,107.15
5597,41.9719,,107,,107.7
5598,41.9785,,107.5,,108.25
5599,41.9851,,108,,108.8
5600,41.9914,,107.5,,108.7
5601,41.9976,,107,,108.6
5602,42.0039,,106.5,,108.5
5603,42.0101,,106,,108.4
5604,42.0162,,106.25,,108.55
5605,42.0223,,106.5,,108.7
5606,42.0283,,106.75,,108.85
5607,42.0344,,107,,109
5608,42.0407,,106.75,,109.5
5609,42.047,,106.5,,110
5610,42.0534,,106.25,,110.5
5611,42.0597,,106,,111
5612,42.0664,,105.25,,111.25
5613,42.0732,,104.5,,111.5
5614,42.08,,103.75,,111.75
5615,42.0867,,103,,112
5616,42.0938,,102.5,,112.3
5617,42.1008,,102,,112.6
5618,42.1076,,99,,113
5619,42.1138,,97,,113.2
5620,42.12,,95,,113.4
5621,42.1262,,93,,113.6
5622,42.1316,,93,,114
5623,42.1365,,90,,114.4
5624,42.1407,,89,,114.8
5625,42.1434,,87.5,,114.2
5626,42.146,,86,,113.6
5627,42.1503,,85.5,,113.45
5628,42.1546,,85,,113.3
5629,42.1589,,84.5,,113.15
5630,42.1632,,84,,113
5631,42.168,,81,,113
5632,42.1729,,80,,112.933
5633,42.1779,,79,,112.867
5634,42.1828,,78,,112.8
5635,42.188,,78,,112.8
5636,42.194,,77,,112.533
5637,42.1999,,76,,112.267
5638,42.2058,,75,,112
5639,42.2129,,75.3333,,111.667
5640,42.22,,75.6667,,111.333
5641,42.2271,,76,,111
5642,42.2348,,74.5,,110.7
5643,42.2426,,73,,110.4
5644,42.2507,,73,,109.933
5645,42.2588,,73,,109.467
5646,42.2669,,73,,109
5647,42.2757,,72.6667,,108.333
5648,42.2844,,72.3333,,107.667
5649,42.2931,,72,,107
5650,42.3023,,71.3333,,106.4
5651,42.3114,,70.6667,,105.8
5652,42.3206,,70,,105.2
5653,42.3301,,68.6667,,104.867
5654,42.3396,,67.3333,,104.533
5655,42.3492,,66,,104.2
5656,42.3589,,65,,103.8
5657,42.3685,,64,,103.4
5658,42.3783,,63,,103
5659,42.3882,,62,,102.6
5660,42.3982,,62,,102.2
5661,42.4083,,62,,101.8
5662,42.4186,,62.5,,101.1
5663,42.429,,63,,100.4
5664,42.4397,,63,,99.7
5665,42.4505,,63,,99
5666,42.4616,,63,,98.3
5667,42.4728,,63,,97.6
5668,42.4843,,63.5,,96.9
5669,42.4958,,64,,96.2
5670,42.5076,,64,,95.6
5671,42.5194,,64,,95
5672,42.5314,,64.5,,94.4
5673,42.5433,,65,,93.8
5674,42.5552,,65.5,,93.3
5675,42.5671,,66,,92.8
5676,42.579,,66,,92.5
5677,42.5908,,66,,92.2
5678,42.6023,,66,,91.8
5679,42.6138,,66,,91.4
5680,42.6251,,66.5,,91.2
5681,42.6363,,67,,91
5682,42.6474,,67,,90.8
5683,42.6584,,67,,90.6
5684,42.6691,,67.5,,90.4
5685,42.6798,,68,,90.2
5686,42.6904,,69.5,,89.9
5687,42.701,,71,,89.6
5688,42.7116,,71.5,,89.4
5689,42.7221,,72,,89.2
5690,42.7329,,72.5,,88.6
5691,42.7437,,73,,88
5692,42.7548,,73,,87.4
5693,42.766,,73,,86.8
5694,42.7774,,74,,86.2
5695,42.7889,,75,,85.6
5696,42.8005,,76,,85
5697,42.8121,,77,,84.4
5698,42.8237,,78,,84
5699,42.8354,,79.5,,83.4
5700,42.8471,,81,,82.8
5701,42.8591,,81,,82.2
5702,42.871,,81,,81.6
5703,42.8831,,81,,80.9
5704,42.8952,,81,,80.2
5705,42.9075,,82,,79.6
5706,42.9197,,83,,79
5707,42.9322,,83,,78.4
5708,42.9447,,83,,77.8
5709,42.9574,,83,,77.2
5710,42.97,,83,,76.6
5711,42.9828,,83.5,,76
5712,42.9956,,84,,75.4
5713,43.0085,,84,,74.7
5714,43.0214,,84,,74
5715,43.0344,,84.5,,73.3
5716,43.0474,,85,,72.6
5717,43.0605,,84.5,,71.9
5718,43.0736,,84,,71.2
5719,43.0868,,84,,70.6
5720,43.0999,,84,,70
5721,43.1132,,84,,69.4
5722,43.1265,,84,,68.8
5723,43.1399,,84.5,,68.2
5724,43.1533,,85,,67.6
5725,43.1669,,85.5,,67
5726,43.1805,,86,,66.4
5727,43.1942,,86,,65.9
5728,43.2079,,86,,65.4
5729,43.2213,,85.5,,65
5730,43.2347,,85,,64.6
5731,43.2477,,85,,64.2
5732,43.2608,,85,,63.8
5733,43.2736,,84.5,,63.5
5734,43.2864,,84,,63.2
5735,43.2988,,83.5,,62.9
5736,43.3113,,83,,62.6
5737,43.3234,,83,,62.3
5738,43.3355,,83,,62
5739,43.3474,,83,,61.6
5740,43.3592,,83,,61.2
5741,43.371,,81.5,,61.1
5742,43.3829,,80,,61
5743,43.3947,,79.5,,60.8
5744,43.4065,,79,,60.6
5745,43.4183,,79.5,,60.2
5746,43.4301,,80,,59.8
5747,43.4419,,80,,59.2
5748,43.4538,,80,,58.6
5749,43.4659,,80.5,,58
5750,43.478,,81,,57.4
5751,43.4903,,80.5,,56.9
5752,43.5026,,80,,56.4
5753,43.515,,79,,55.8
5754,43.5275,,78,,55.2
5755,43.54,,77.5,,54.6
5756,43.5526,,77,,54
5757,43.5652,,74,,53.4
5758,43.5778,,71,,52.8
5759,43.5905,,71,,52.4
5760,43.6031,,71,,51.9
5761,43.6157,,71,,51.4
5762,43.6282,,71,,50.9
5763,43.6407,,71,,50.4
5764,43.6532,,71,,49.9
5765,43.6657,,71,,49.4
5766,43.6783,,71.5,,48.9
5767,43.6909,,72,,48.4
5768,43.7037,,77,,47.8
5769,43.7166,,78.5,,47.3
5770,43.7295,,80,,46.8
5771,43.7425,,81,,46.3
5772,43.7554,,82,,45.8
5773,43.7685,,82.5,,45.3
5774,43.7816,,83,,44.8
5775,43.7948,,84,,44.2
5776,43.8081,,85,,43.6
5777,43.8215,,85,,43
5778,43.835,,85,,42.4
5779,43.8485,,85,,41.8
5780,43.8621,,85,,41.1
5781,43.8758,,85,,40.4
5782,43.8896,,85,,39.7
5783,43.9035,,85,,39
5784,43.9174,,85,,38.4
5785,43.9314,,85,,37.8
5786,43.9453,,87,,37.1
5787,43.9592,,89,,36.4
5788,43.973,,89.5,,35.8
5789,43.9869,,90,,35.2
5790,44.0006,,90,,34.7
5791,44.0144,,90,,34.2
5792,44.028,,90.5,,33.8
5793,44.0415,,91,,33.4
5794,44.0547,,90,,33.2
5795,44.0679,,89,,33
5796,44.0806,,88.5,,32.9
5797,44.0933,,88,,32.8
5798,44.1057,,88,,32.3
5799,44.1181,,88,,31.8
5800,44.1301,,87,,31.5
5801,44.1421,,86,,31.2
5802,44.1538,,86,,30.9
5803,44.1656,,86,,30.6
5804,44.1772,,85.5,,30.2
5805,44.1889,,85,,29.8
5806,44.2004,,84.5,,29.5
5807,44.2119,,84,,29.2
5808,44.2233,,83.5,,28.9
5809,44.2347,,83,,28.6
5810,44.246,,83,,28.2
5811,44.2572,,83,,27.8
5812,44.2684,,83,,27.4
5813,44.2795,,83,,27
5814,44.2907,,83,,26.6
5815,44.3018,,83,,26.2
5816,44.3129,,82.5,,26
5817,44.3239,,82,,25.8
5818,44.3346,,81.5,,25.6
5819,44.3454,,81,,25.4
5820,44.3561,,80.5,,25.1
5821,44.3669,,80,,24.8
5822,44.3773,,79.5,,24.6
5823,44.3877,,79,,24.4
5824,44.3978,,78,,24.2
5825,44.4078,,77,,24
5826,44.4177,,76,,24
5827,44.4275,,75,,24
5828,44.4374,,74,,24
5829,44.4472,,73.6667,,23.8
5830,44.457,,73.3333,,23.6
5831,44.4668,,73,,23.4
5832,44.4766,,73,,23.2667
5833,44.4864,,73,,23.1333
5834,44.4961,,73,,23
5835,44.5059,,73,,22.8
5836,44.5157,,73,,22.6
5837,44.5254,,73,,22.4
5838,44.5353,,72.6667,,22.2667
5839,44.5451,,72.3333,,22.1333
5840,44.555,,72,,22
5841,44.5646,,71.3333,,21.8
5842,44.5742,,70.6667,,21.6
5843,44.5838,,70,,21.4
5844,44.5928,,70,,21.2
5845,44.601,,69.3333,,21.1333
5846,44.6093,,68.6667,,21.0667
5847,44.6175,,68,,21
5848,44.6262,,67.3333,,20.8
5849,44.6349,,66.6667,,20.6
5850,44.6436,,66,,20.4
5851,44.6525,,66.3333,,20.6667
5852,44.6614,,66.6667,,20.9333
5853,44.6703,,67,,21.2
5854,44.6795,,68,,21.3333
5855,44.6887,,69,,21.4667
5856,44.6979,,70,,21.6
5857,44.7067,,72,,21.6
5858,44.7155,,74,,21.6
5859,44.7242,,74.6667,,21.5333
5860,44.7328,,75.3333,,21.4667
5861,44.7414,,76,,21.4
5862,44.7497,,76.3333,,21.3333
5863,44.7579,,76.6667,,21.2667
5864,44.7662,,77,,21.2
5865,44.7743,,77.3333,,20.9333
5866,44.7824,,77.6667,,20.6667
5867,44.7906,,78,,20.4
5868,44.7987,,78.3333,,20.0667
5869,44.8069,,78.6667,,19.7333
5870,44.815,,79,,19.4
5871,44.8234,,79.6667,,19.2
5872,44.8318,,80.3333,,19
5873,44.8402,,81,,18.8
5874,44.8486,,82,,18.4
5875,44.857,,83,,18
5876,44.8655,,83.3333,,17.7333
5877,44.874,,83.6667,,17.4667
5878,44.8826,,84,,17.2
5879,44.891,,84.6667,,17.0667
5880,44.8994,,85.3333,,16.9333
5881,44.9078,,86,,16.8
5882,44.9161,,87,,16.6667
5883,44.9244,,88,,16.5333
5884,44.9327,,89,,16.4
5885,44.9413,,88.3333,,16.2667
5886,44.9499,,87.6667,,16.1333
5887,44.9584,,87,,16
5888,44.9672,,87,,15.8667
5889,44.9759,,87,,15.7333
5890,44.9847,,87,,15.6
5891,44.9934,,86.6667,,15.5333
5892,45.0022,,86.3333,,15.4667
5893,45.0109,,86,,15.4
5894,45.0195,,86,,15.4
5895,45.028,,86,,15.4
5896,45.0366,,86,,15.4
5897,45.045,,86.3333,,15.3333
5898,45.0534,,86.6667,,15.2667
5899,45.0618,,87,,15.2
5900,45.0704,,87.6667,,15.0667
5901,45.0791,,88.3333,,14.9333
5902,45.0877,,89,,14.8
5903,45.0966,,88.3333,,14.6667
5904,45.1054,,87.6667,,14.5333
5905,45.1143,,87,,14.4
5906,45.1229,,87,,14.0667
5907,45.1315,,87,,13.7333
5908,45.1401,,87,,13.4
5909,45.1488,,87.6667,,13.2
5910,45.1575,,88.3333,,13
5911,45.1662,,89,,12.8
5912,45.1749,,89,,12.6
5913,45.1837,,89,,12.4
5914,45.1925,,89,,12.2
5915,45.2011,,88.6667,,12.1333
5916,45.2098,,88.3333,,12.0667
5917,45.2185,,88,,12
5918,45.227,,86.5,,12
5919,45.2355,,85,,12
5920,45.2439,,85,,11.7333
5921,45.2524,,85,,11.4667
5922,45.2609,,85,,11.2
5923,45.2693,,85.6667,,11.2
5924,45.2777,,86.3333,,11.2
5925,45.2861,,87,,11.2
5926,45.2941,,87,,11.2
5927,45.3022,,87,,11.2
5928,45.3102,,87,,11.2
5929,45.318,,86.6667,,11.0667
5930,45.3259,,86.3333,,10.9333
5931,45.3338,,86,,10.8
5932,45.3418,,86,,10.6
5933,45.3499,,83.5,,10.6
5934,45.3581,,81,,10.6
5935,45.366,,79,,10.4
5936,45.3739,,77,,10.2
5937,45.3819,,76.6667,,10.1333
5938,45.3899,,76.3333,,10.0667
5939,45.3979,,76,,10
5940,45.4057,,76.3333,,9.73333
5941,45.4135,,76.6667,,9.46667
5942,45.4213,,77,,9.2
5943,45.4288,,77,,9
5944,45.4362,,77,,8.8
5945,45.4436,,77,,8.6
5946,45.4514,,77.6667,,8.4
5947,45.4592,,78.3333,,8.2
5948,45.467,,79,,8
5949,45.4749,,80.5,,8.1
5950,45.4828,,82,,8.2
5951,45.4906,,82.6667,,8.2
5952,45.4984,,83.3333,,8.2
5953,45.5063,,84,,8.2
5954,45.514,,84,,8.26667
5955,45.5218,,84,,8.33333
5956,45.5295,,84,,8.4
5957,45.537,,85.3333,,8.53333
5958,45.5446,,86.6667,,8.66667
5959,45.5521,,88,,8.8
5960,45.5595,,88.3333,,8.8
5961,45.5668,,88.6667,,8.8
5962,45.5742,,89,,8.8
5963,45.5815,,89.3333,,8.86667
5964,45.5888,,89.6667,,8.93333
5965,45.5961,,90,,9
5966,45.6036,,90.3333,,8.93333
5967,45.6111,,90.6667,,8.86667
5968,45.6187,,91,,8.8
5969,45.6266,,91.3333,,8.73333
5970,45.6346,,91.6667,,8.66667
5971,45.6426,,92,,8.6
5972,45.6507,,91.3333,,8.6
5973,45.6588,,90.6667,,8.6
5974,45.6669,,90,,8.6
5975,45.6749,,88,,8.7
5976,45.6829,,86,,8.8
5977,45.6909,,85,,8.8
5978,45.6988,,84.6667,,8.8
5979,45.7068,,84.3333,,8.8
5980,45.7147,,84,,8.8
5981,45.7225,,83.6667,,8.86667
5982,45.7304,,83.3333,,8.93333
5983,45.7382,,83,,9
5984,45.7459,,83.3333,,9.06667
5985,45.7536,,83.6667,,9.13333
5986,45.7614,,84,,9.2
5987,45.7691,,84.6667,,9.33333
5988,45.7768,,85.3333,,9.46667
5989,45.7844,,86,,9.6
5990,45.7921,,87,,9.66667
5991,45.7997,,88,,9.73333
5992,45.8073,,89,,9.8
5993,45.8147,,90,,10
5994,45.8221,,92,,10.2
5995,45.8294,,94,,10.4
5996,45.8365,,94.6667,,10.4667
5997,45.8436,,95.3333,,10.5333
5998,45.8508,,96,,10.6
5999,45.8578,,95.6667,,10.6
6000,45.8649,,95.3333,,10.6
6001,45.872,,95,,10.6
6002,45.8791,,95,,10.5333
6003,45.8863,,95,,10.4667
6004,45.8934,,95,,10.4
6005,45.9007,,95,,10.4667
6006,45.908,,95,,10.5333
6007,45.9153,,95,,10.6
6008,45.9228,,95,,10.6667
6009,45.9303,,95,,10.7333
6010,45.9378,,95,,10.8
6011,45.9454,,96.5,,10.7
6012,45.953,,98,,10.6
6013,45.9608,,99.5,,10.7
6014,45.9686,,101,,10.8
6015,45.9764,,101.333,,10.8
6016,45.9842,,101.667,,10.8
6017,45.992,,102,,10.8
6018,45.9999,,102.667,,10.8
6019,46.0078,,103.333,,10.8
6020,46.0157,,104,,10.8
6021,46.0238,,104,,10.8
6022,46.032,,104,,10.6667
6023,46.0401,,104,,10.5333
6024,46.0482,,104,,10.4
6025,46.0564,,104,,10.4
6026,46.0647,,104,,10.4
6027,46.0729,,104,,10.4
6028,46.081,,103.667,,10.4
6029,46.0892,,103.333,,10.4
6030,46.0973,,103,,10.4
6031,46.1055,,103.333,,10.4
6032,46.1136,,103.667,,10.4
6033,46.1217,,104,,10.4
6034,46.1298,,103.333,,10.4
6035,46.1379,,102.667,,10.4
6036,46.1461,,102,,10.4
6037,46.1541,,100.5,,10.4
6038,46.1621,,99,,10.4
6039,46.1703,,99.3333,,10.3333
6040,46.1785,,99.6667,,10.2667
6041,46.1866,,100,,10.2
6042,46.195,,100.667,,10.0667
6043,46.2034,,101.333,,9.93333
6044,46.2118,,102,,9.8
6045,46.2203,,102,,9.73333
6046,46.2288,,102,,9.66667
6047,46.2373,,102,,9.6
6048,46.2459,,102,,9.6
6049,46.2546,,102,,9.6
6050,46.2632,,102,,9.6
6051,46.2717,,102,,9.53333
6052,46.2802,,102,,9.46667
6053,46.2888,,102,,9.4
6054,46.2971,,102.333,,9.46667
6055,46.3054,,102.667,,9.53333
6056,46.3137,,103,,9.6
6057,46.3218,,103.333,,9.66667
6058,46.3299,,103.667,,9.73333
6059,46.3379,,104,,9.8
6060,46.3459,,105.5,,9.8
6061,46.3539,,107,,9.8
6062,46.3618,,107,,9.8
6063,46.3697,,107,,9.8
6064,46.3777,,107,,9.8
6065,46.3856,,106.333,,9.8
6066,46.3936,,105.667,,9.8
6067,46.4016,,105,,9.8
6068,46.4096,,103.667,,9.73333
6069,46.4176,,102.333,,9.66667
6070,46.4256,,101,,9.6
6071,46.4336,,99.5,,9.7
6072,46.4416,,98,,9.8
6073,46.4494,,97.6667,,9.8
6074,46.4573,,97.3333,,9.8
6075,46.4652,,97,,9.8
6076,46.473,,96.6667,,9.8
6077,46.4807,,96.3333,,9.8
6078,46.4885,,96,,9.8
6079,46.4962,,95.6667,,9.86667
6080,46.5039,,95.3333,,9.93333
6081,46.5115,,95,,10
6082,46.5193,,95.3333,,10
6083,46.527,,95.6667,,10
6084,46.5348,,96,,10
6085,46.5426,,96.6667,,10
6086,46.5504,,97.3333,,10
6087,46.5582,,98,,10
6088,46.5659,,98,,10
6089,46.5736,,98,,10
6090,46.5813,,98,,10
6091,46.5891,,99.3333,,10
6092,46.5969,,100.667,,10
6093,46.6046,,102,,10
6094,46.6125,,101.667,,9.93333
6095,46.6204,,101.333,,9.86667
6096,46.6282,,101,,9.8
6097,46.6362,,100.667,,9.8
6098,46.6442,,100.333,,9.8
6099,46.6522,,100,,9.8
6100,46.66,,99.3333,,9.8
6101,46.6679,,98.6667,,9.8
6102,46.6757,,98,,9.8
6103,46.6834,,97.6667,,9.8
6104,46.691,,97.3333,,9.8
6105,46.6987,,97,,9.8
6106,46.7063,,96.6667,,9.8
6107,46.714,,96.3333,,9.8
6108,46.7216,,96,,9.8
6109,46.7293,,95.3333,,9.8
6110,46.7369,,94.6667,,9.8
6111,46.7446,,94,,9.8
6112,46.7522,,94,,9.8
6113,46.7598,,93.6667,,9.86667
6114,46.7674,,93.3333,,9.93333
6115,46.775,,93,,10
6116,46.7825,,93,,10
6117,46.79,,93,,10
6118,46.7975,,93,,10
6119,46.8049,,93.6667,,10
6120,46.8123,,94.3333,,10
6121,46.8197,,95,,10
6122,46.827,,94.3333,,10.0667
6123,46.8342,,93.6667,,10.1333
6124,46.8415,,93,,10.2
6125,46.8488,,93.6667,,10.2667
6126,46.8561,,94.3333,,10.3333
6127,46.8634,,95,,10.4
6128,46.8708,,94.6667,,10.3333
6129,46.8782,,94.3333,,10.2667
6130,46.8856,,94,,10.2
6131,46.8929,,94.3333,,10.2
6132,46.9003,,94.6667,,10.2
6133,46.9077,,95,,10.2
6134,46.9149,,95,,10.2667
6135,46.9221,,95,,10.3333
6136,46.9294,,95,,10.4
6137,46.9367,,94.6667,,10.3333
6138,46.9439,,94.3333,,10.2667
6139,46.9512,,94,,10.2
6140,46.9587,,94,,10.1333
6141,46.9662,,94,,10.0667
6142,46.9737,,94,,10
6143,46.9812,,94.3333,,10
6144,46.9887,,94.6667,,10
6145,46.9962,,95,,10
6146,47.0038,,95.3333,,10.0667
6147,47.0114,,95.6667,,10.1333
6148,47.0189,,96,,10.2
6149,47.0264,,96,,10.3333
6150,47.034,,96,,10.4667
6151,47.0415,,96,,10.6
6152,47.0488,,96,,10.6667
6153,47.0562,,96,,10.7333
6154,47.0635,,96,,10.8
6155,47.0712,,96,,10.7333
6156,47.0788,,96,,10.6667
6157,47.0865,,96,,10.6
6158,47.0944,,96,,10.6
6159,47.1023,,96,,10.6
6160,47.1102,,96,,10.6
6161,47.1181,,96,,10.5333
6162,47.126,,96,,10.4667
6163,47.134,,96,,10.4
6164,47.1419,,96,,10.4
6165,47.1498,,96,,10.4
6166,47.1577,,96,,10.4
6167,47.1655,,96,,10.4
6168,47.1732,,96,,10.4
6169,47.1809,,96,,10.4
6170,47.1886,,96.6667,,10.3333
6171,47.1963,,97.3333,,10.2667
6172,47.204,,98,,10.2
6173,47.2116,,100,,10.3
6174,47.2193,,102,,10.4
6175,47.2268,,102.333,,10.4667
6176,47.2343,,102.667,,10.5333
6177,47.2418,,103,,10.6
6178,47.2494,,103.667,,10.6
6179,47.257,,104.333,,10.6
6180,47.2646,,105,,10.6
6181,47.2725,,104.333,,10.5333
6182,47.2804,,103.667,,10.4667
6183,47.2883,,103,,10.4
6184,47.2965,,103,,10.3333
6185,47.3046,,103,,10.2667
6186,47.3128,,103,,10.2
6187,47.3213,,102.667,,10.1333
6188,47.3298,,102.333,,10.0667
6189,47.3383,,102,,10
6190,47.347,,101.667,,9.93333
6191,47.3558,,101.333,,9.86667
6192,47.3645,,101,,9.8
6193,47.3735,,99.5,,9.7
6194,47.3824,,98,,9.6
6195,47.3916,,98,,9.46667
6196,47.4007,,98,,9.33333
6197,47.4099,,98,,9.2
6198,47.4192,,97.3333,,9.2
6199,47.4284,,96.6667,,9.2
6200,47.4377,,96,,9.2
6201,47.4472,,96.3333,,9.13333
6202,47.4566,,96.6667,,9.06667
6203,47.4661,,97,,9
6204,47.4753,,97.3333,,9.06667
6205,47.4845,,97.6667,,9.13333
6206,47.4937,,98,,9.2
6207,47.5026,,98,,9.2
6208,47.5116,,98,,9.2
6209,47.5205,,98,,9.2
6210,47.5292,,97.6667,,9.33333
6211,47.5379,,97.3333,,9.46667
6212,47.5466,,97,,9.6
6213,47.555,,94.5,,9.7
6214,47.5635,,92,,9.8
6215,47.5716,,90.6667,,9.93333
6216,47.5797,,89.3333,,10.0667
6217,47.5877,,88,,10.2
6218,47.5954,,87.6667,,10.3333
6219,47.603,,87.3333,,10.4667
6220,47.6106,,87,,10.6
6221,47.6182,,85.5,,10.7
6222,47.6258,,84,,10.8
6223,47.6333,,84,,10.8
6224,47.6408,,84,,10.8
6225,47.6483,,84,,10.8
6226,47.6558,,82,,11
6227,47.6627,,82,,11.2
6228,47.6695,,82,,11.4
6229,47.6763,,82,,11.6
6230,47.6828,,82,,11.8
6231,47.6892,,82,,12
6232,47.6956,,82,,12.2
6233,47.702,,82,,12.4
6234,47.7081,,81.75,,12.45
6235,47.7142,,81.5,,12.5
6236,47.7202,,81.25,,12.55
6237,47.7263,,81,,12.6
6238,47.7322,,80.25,,12.6
6239,47.7381,,79.5,,12.6
6240,47.744,,78.75,,12.6
6241,47.75,,78,,12.6
6242,47.7563,,77.75,,12.65
6243,47.7626,,77.5,,12.7
6244,47.7689,,77.25,,12.75
6245,47.7752,,77,,12.8
6246,47.7816,,77.25,,12.7
6247,47.7881,,77.5,,12.6
6248,47.7946,,77.75,,12.5
6249,47.801,,78,,12.4
6250,47.8075,,77.5,,12.5
6251,47.8139,,77,,12.6
6252,47.8206,,77.3333,,12.7333
6253,47.8273,,77.6667,,12.8667
6254,47.834,,78,,13
6255,47.8408,,78,,13.0667
6256,47.8477,,78,,13.1333
6257,47.8546,,78,,13.2
6258,47.8615,,78,,13.2667
6259,47.8684,,78,,13.3333
6260,47.8753,,78,,13.4
6261,47.8825,,78.3333,,13.2
6262,47.8896,,78.6667,,13
6263,47.8968,,79,,12.8
6264,47.9044,,79,,12.6667
6265,47.9119,,79,,12.5333
6266,47.9194,,79,,12.4
6267,47.9272,,79,,12.2667
6268,47.935,,79,,12.1333
6269,47.9428,,79,,12
6270,47.9509,,79,,11.8
6271,47.9589,,79,,11.6
6272,47.9669,,79,,11.4
6273,47.9751,,78.6667,,11.1333
6274,47.9832,,78.3333,,10.8667
6275,47.9914,,78,,10.6
6276,47.9994,,77.6667,,10.2667
6277,48.0075,,77.3333,,9.93333
6278,48.0155,,77,,9.6
6279,48.0237,,74,,9.5
6280,48.0319,,71,,9.4
6281,48.0401,,71,,9.2
6282,48.0485,,71,,8.93333
6283,48.0569,,71,,8.66667
6284,48.0653,,71,,8.4
6285,48.0739,,71.3333,,8.33333
6286,48.0825,,71.6667,,8.26667
6287,48.0912,,72,,8.2
6288,48.1002,,73,,7.86667
6289,48.1093,,74,,7.53333
6290,48.1183,,75,,7.2
6291,48.127,,75.6667,,7.2
6292,48.1356,,76.3333,,7.2
6293,48.1442,,77,,7.2
6294,48.1527,,76.6667,,7
6295,48.1611,,76.3333,,6.8
6296,48.1695,,76,,6.6
6297,48.1786,,75.6667,,6.13333
6298,48.1876,,75.3333,,5.66667
6299,48.1967,,75,,5.2
6300,48.2055,,75,,4.93333
6301,48.2143,,75,,4.66667
6302,48.2231,,75,,4.4
6303,48.2318,,75,,4.33333
6304,48.2405,,75,,4.26667
6305,48.2491,,75,,4.2
6306,48.2577,,74.6667,,4.13333
6307,48.2663,,74.3333,,4.06667
6308,48.2749,,74,,4
6309,48.2834,,75.5,,3.8
6310,48.292,,77,,3.6
6311,48.3003,,78.6667,,3.73333
6312,48.3086,,80.3333,,3.86667
6313,48.3169,,82,,4
6314,48.3251,,86,,4.2
6315,48.3331,,86.6667,,4.2
6316,48.3412,,87.3333,,4.2
6317,48.3492,,88,,4.2
6318,48.3571,,89.5,,4.2
6319,48.365,,91,,4.2
6320,48.3728,,91.3333,,4.26667
6321,48.3806,,91.6667,,4.33333
6322,48.3884,,92,,4.4
6323,48.3961,,91.6667,,4.4
6324,48.4039,,91.3333,,4.4
6325,48.4116,,91,,4.4
6326,48.4193,,90.6667,,4.4
6327,48.4269,,90.3333,,4.4
6328,48.4345,,90,,4.4
6329,48.4421,,89.3333,,4.53333
6330,48.4496,,88.6667,,4.66667
6331,48.4572,,88,,4.8
6332,48.4647,,87,,4.93333
6333,48.4721,,86,,5.06667
6334,48.4796,,85,,5.2
6335,48.487,,85,,5.26667
6336,48.4944,,85,,5.33333
6337,48.5018,,85,,5.4
6338,48.5093,,84.3333,,5.46667
6339,48.5168,,83.6667,,5.53333
6340,48.5243,,83,,5.6
6341,48.5318,,83,,5.8
6342,48.5393,,83,,6
6343,48.5467,,83,,6.2
6344,48.5542,,82.6667,,6.13333
6345,48.5616,,82.3333,,6.06667
6346,48.569,,82,,6
6347,48.5765,,81.3333,,6.06667
6348,48.584,,80.6667,,6.13333
6349,48.5914,,80,,6.2
6350,48.599,,80.3333,,6.26667
6351,48.6066,,80.6667,,6.33333
6352,48.6142,,81,,6.4
6353,48.622,,81.3333,,6.4
6354,48.6297,,81.6667,,6.4
6355,48.6375,,82,,6.4
6356,48.6453,,82,,6.46667
6357,48.6532,,82,,6.53333
6358,48.6611,,82,,6.6
6359,48.669,,81.6667,,6.73333
6360,48.677,,81.3333,,6.86667
6361,48.685,,81,,7
6362,48.693,,81,,7.13333
6363,48.7009,,81,,7.26667
6364,48.7089,,81,,7.4
6365,48.7169,,81.3333,,7.46667
6366,48.7249,,81.6667,,7.53333
6367,48.7329,,82,,7.6
6368,48.7409,,82.6667,,7.73333
6369,48.7489,,83.3333,,7.86667
6370,48.757,,84,,8
6371,48.7653,,83.3333,,8
6372,48.7736,,82.6667,,8
6373,48.782,,82,,8
6374,48.7905,,82,,8
6375,48.7991,,82,,8
6376,48.8077,,82,,8
6377,48.8163,,81,,8
6378,48.8249,,79.5,,8.1
6379,48.8336,,78,,8.2
6380,48.8423,,77.3333,,8.26667
6381,48.8511,,76.6667,,8.33333
6382,48.8598,,76,,8.4
6383,48.8686,,76.6667,,8.4
6384,48.8773,,77.3333,,8.4
6385,48.8861,,78,,8.4
6386,48.8948,,78,,8.4
6387,48.9035,,78,,8.4
6388,48.9122,,78,,8.4
6389,48.9208,,81,,8.4
6390,48.9294,,81,,8.4
6391,48.938,,81,,8.4
6392,48.9465,,81,,8.4
6393,48.9551,,81,,8.4
6394,48.9636,,81,,8.4
6395,48.9721,,81,,8.4
6396,48.9807,,80.6667,,8.46667
6397,48.9893,,80.3333,,8.53333
6398,48.9978,,80,,8.6
6399,49.0063,,78.5,,8.6
6400,49.0147,,77,,8.6
6401,49.0232,,77.3333,,8.66667
6402,49.0316,,77.6667,,8.73333
6403,49.0401,,78,,8.8
6404,49.0484,,78,,8.86667
6405,49.0568,,78,,8.93333
6406,49.0652,,78,,9
6407,49.0736,,78.6667,,9
6408,49.0819,,79.3333,,9
6409,49.0903,,80,,9
6410,49.0987,,80,,9
6411,49.107,,80,,9
6412,49.1154,,80,,9
6413,49.1238,,80.6667,,9.06667
6414,49.1323,,81.3333,,9.13333
6415,49.1407,,82,,9.2
6416,49.149,,82,,9.26667
6417,49.1572,,82,,9.33333
6418,49.1655,,82,,9.4
6419,49.1738,,82,,9.4
6420,49.182,,82,,9.4
6421,49.1902,,82,,9.4
6422,49.1986,,83.3333,,9.46667
6423,49.2069,,84.6667,,9.53333
6424,49.2152,,86,,9.6
6425,49.2235,,88.5,,9.6
6426,49.2317,,91,,9.6
6427,49.24,,91.6667,,9.6
6428,49.2482,,92.3333,,9.6
6429,49.2565,,93,,9.6
6430,49.2647,,94.5,,9.7
6431,49.273,,96,,9.8
6432,49.2813,,96.6667,,9.86667
6433,49.2896,,97.3333,,9.93333
6434,49.2978,,98,,10
6435,49.306,,98.6667,,10
6436,49.3142,,99.3333,,10
6437,49.3223,,100,,10
6438,49.3306,,101,,10
6439,49.3389,,102,,10
6440,49.3471,,103,,10
6441,49.3555,,103,,9.93333
6442,49.3638,,103,,9.86667
6443,49.3721,,103,,9.8
6444,49.3802,,103.333,,9.73333
6445,49.3883,,103.667,,9.66667
6446,49.3963,,104,,9.6
6447,49.4045,,104,,9.66667
6448,49.4127,,104,,9.73333
6449,49.4209,,104,,9.8
6450,49.429,,103.667,,9.73333
6451,49.4372,,103.333,,9.66667
6452,49.4454,,103,,9.6
6453,49.4537,,101.5,,9.6
6454,49.462,,100,,9.6
6455,49.4703,,100,,9.53333
6456,49.4785,,100,,9.46667
6457,49.4868,,100,,9.4
6458,49.495,,100,,9.4
6459,49.5033,,100,,9.4
6460,49.5115,,100,,9.4
6461,49.5197,,102.5,,9.3
6462,49.5279,,105,,9.2
6463,49.5361,,105,,9.2
6464,49.5443,,105,,9.2
6465,49.5526,,105,,9.2
6466,49.5608,,105,,9.2
6467,49.5692,,104.333,,9.26667
6468,49.5775,,103.667,,9.33333
6469,49.5858,,103,,9.4
6470,49.5941,,103.333,,9.4
6471,49.6024,,103.667,,9.4
6472,49.6106,,104,,9.4
6473,49.6188,,104.667,,9.4
6474,49.6271,,105.333,,9.4
6475,49.6353,,106,,9.4
6476,49.6435,,109,,9.4
6477,49.6517,,109.667,,9.46667
6478,49.6598,,110.333,,9.53333
6479,49.668,,111,,9.6
6480,49.6762,,111.333,,9.6
6481,49.6845,,111.667,,9.6
6482,49.6928,,112,,9.6
6483,49.7012,,112,,9.6
6484,49.7095,,112,,9.6
6485,49.7179,,112,,9.6
6486,49.7262,,112.667,,9.6
6487,49.7346,,113.333,,9.6
6488,49.7429,,114,,9.6
6489,49.7511,,114.333,,9.66667
6490,49.7592,,114.667,,9.73333
6491,49.7674,,115,,9.8
6492,49.7755,,115,,9.8
6493,49.7836,,115,,9.8
6494,49.7917,,115,,9.8
6495,49.7998,,114.333,,9.8
6496,49.8079,,113.667,,9.8
6497,49.816,,113,,9.8
6498,49.824,,112.333,,9.8
6499,49.832,,111.667,,9.8
6500,49.84,,111,,9.8
6501,49.8478,,111,,9.86667
6502,49.8556,,111,,9.93333
6503,49.8635,,111,,10
6504,49.8713,,110.333,,10
6505,49.8791,,109.667,,10
6506,49.887,,109,,10
6507,49.8949,,108.333,,10
6508,49.9028,,107.667,,10
6509,49.9106,,107,,10
6510,49.9187,,107.333,,10
6511,49.9268,,107.667,,10
6512,49.9349,,108,,10
6513,49.943,,108,,10
6514,49.9512,,108,,10
6515,49.9593,,108,,10
6516,49.9673,,108,,10.0667
6517,49.9753,,108,,10.1333
6518,49.9833,,108,,10.2
6519,49.9912,,108.333,,10.1333
6520,49.9992,,108.667,,10.0667
6521,50.0071,,109,,10
6522,50.0153,,109,,10
6523,50.0235,,109,,10
6524,50.0317,,109,,10
6525,50.0399,,109.333,,9.73333
6526,50.0481,,109.667,,9.46667
6527,50.0563,,110,,9.2
6528,50.0648,,109.667,,9.2
6529,50.0733,,109.333,,9.2
6530,50.0817,,109,,9.2
6531,50.0904,,108.333,,9.13333
6532,50.0991,,107.667,,9.06667
6533,50.1077,,107,,9
6534,50.1164,,108.5,,8.9
6535,50.125,,110,,8.8
6536,50.1337,,110.333,,8.73333
6537,50.1424,,110.667,,8.66667
6538,50.151,,111,,8.6
6539,50.1598,,111.333,,8.46667
6540,50.1686,,111.667,,8.33333
6541,50.1774,,112,,8.2
6542,50.1861,,112,,8.13333
6543,50.1947,,112,,8.06667
6544,50.2034,,112,,8
6545,50.2119,,112.667,,7.93333
6546,50.2205,,113.333,,7.86667
6547,50.229,,114,,7.8
6548,50.2374,,114.667,,7.8
6549,50.2458,,115.333,,7.8
6550,50.2543,,116,,7.8
6551,50.2626,,116,,7.8
6552,50.2709,,116,,7.8
6553,50.2792,,116,,7.8
6554,50.2875,,116,,7.8
6555,50.2957,,116,,7.8
6556,50.3039,,116,,7.8
6557,50.312,,115.667,,7.8
6558,50.3201,,115.333,,7.8
6559,50.3282,,115,,7.8
6560,50.3361,,115,,7.8
6561,50.344,,115,,7.8
6562,50.352,,115,,7.8
6563,50.3598,,115.667,,7.73333
6564,50.3676,,116.333,,7.66667
6565,50.3754,,117,,7.6
6566,50.3833,,117.333,,7.6
6567,50.3913,,117.667,,7.6
6568,50.3992,,118,,7.6
6569,50.4073,,118.333,,7.66667
6570,50.4154,,118.667,,7.73333
6571,50.4235,,119,,7.8
6572,50.4316,,119.5,,7.8
6573,50.4396,,120,,7.8
6574,50.4476,,120,,7.8
6575,50.4555,,120,,7.8
6576,50.4635,,120,,7.8
6577,50.4711,,120,,7.8
6578,50.4788,,120,,7.8
6579,50.4864,,120,,7.8
6580,50.4944,,119.5,,7.8
6581,50.5024,,119,,7.8
6582,50.5105,,119,,7.8
6583,50.5189,,117.667,,7.73333
6584,50.5274,,116.333,,7.66667
6585,50.5358,,115,,7.6
6586,50.5445,,115,,7.66667
6587,50.5531,,115,,7.73333
6588,50.5618,,115,,7.8
6589,50.5703,,114.667,,7.8
6590,50.5788,,114.333,,7.8
6591,50.5873,,114,,7.8
6592,50.5958,,112.5,,7.9
6593,50.6043,,111,,8
6594,50.6129,,105,,7.93333
6595,50.6216,,99,,7.86667
6596,50.6303,,93,,7.8
6597,50.6385,,92.6667,,7.73333
6598,50.6467,,92.3333,,7.66667
6599,50.6549,,92,,7.6
6600,50.6633,,91.3333,,7.53333
6601,50.6716,,90.6667,,7.46667
6602,50.68,,90,,7.4
6603,50.6885,,89.6667,,7.33333
6604,50.6969,,89.3333,,7.26667
6605,50.7054,,89,,7.2
6606,50.7139,,88.3333,,7.13333
6607,50.7224,,87.6667,,7.06667
6608,50.7308,,87,,7
6609,50.7393,,86.3333,,6.93333
6610,50.7477,,85.6667,,6.86667
6611,50.7562,,85,,6.8
6612,50.7648,,84.6667,,6.66667
6613,50.7734,,84.3333,,6.53333
6614,50.782,,84,,6.4
6615,50.7907,,83.3333,,6.46667
6616,50.7995,,82.6667,,6.53333
6617,50.8083,,82,,6.6
6618,50.8171,,82,,6.6
6619,50.8258,,82,,6.66667
6620,50.8346,,82,,6.73333
6621,50.8434,,82,,6.8
6622,50.8523,,82,,6.86667
6623,50.8611,,82,,6.93333
6624,50.87,,82,,7
6625,50.8788,,82.6667,,7
6626,50.8877,,83.3333,,7
6627,50.8965,,84,,7
6628,50.9054,,84.6667,,7.13333
6629,50.9143,,85.3333,,7.26667
6630,50.9233,,86,,7.4
6631,50.9322,,86.6667,,7.4
6632,50.9411,,87.3333,,7.4
6633,50.95,,88,,7.4
6634,50.959,,88,,7.4
6635,50.9681,,88,,7.4
6636,50.9771,,88,,7.4
6637,50.9862,,88.3333,,7.46667
6638,50.9952,,88.6667,,7.53333
6639,51.0043,,89,,7.6
6640,51.0134,,89,,7.66667
6641,51.0225,,89,,7.73333
6642,51.0317,,89,,7.8
6643,51.0409,,89,,7.8
6644,51.05,,89,,7.8
6645,51.0592,,89,,7.8
6646,51.0683,,90.3333,,7.93333
6647,51.0774,,91.6667,,8.06667
6648,51.0866,,93,,8.2
6649,51.0956,,93.6667,,8.2
6650,51.1046,,94.3333,,8.2
6651,51.1136,,95,,8.2
6652,51.1226,,95.3333,,8.4
6653,51.1316,,95.6667,,8.6
6654,51.1406,,96,,8.8
6655,51.1496,,96.6667,,8.8
6656,51.1586,,97.3333,,8.8
6657,51.1676,,98,,8.8
6658,51.1763,,98.3333,,8.86667
6659,51.185,,98.6667,,8.93333
6660,51.1936,,99,,9
6661,51.2022,,101.5,,9
6662,51.2108,,104,,9
6663,51.2193,,113,,9
6664,51.2279,,114,,9.1
6665,51.2364,,115,,9.2
6666,51.245,,115,,9.2
6667,51.2536,,115,,9.2
6668,51.2622,,115,,9.2
6669,51.2708,,115,,9.2
6670,51.2794,,115,,9.2
6671,51.288,,115,,9.2
6672,51.2967,,115,,9.06667
6673,51.3053,,115,,8.93333
6674,51.314,,115,,8.8
6675,51.3226,,115,,8.73333
6676,51.3312,,115,,8.66667
6677,51.3398,,115,,8.6
6678,51.3485,,114.667,,8.66667
6679,51.3573,,114.333,,8.73333
6680,51.366,,114,,8.8
6681,51.3747,,114.333,,8.86667
6682,51.3834,,114.667,,8.93333
6683,51.3921,,115,,9
6684,51.4007,,115,,8.93333
6685,51.4093,,115,,8.86667
6686,51.4179,,115,,8.8
6687,51.4266,,115,,8.8
6688,51.4352,,115,,8.8
6689,51.4439,,115,,8.8
6690,51.4524,,115,,8.8
6691,51.4609,,115,,8.8
6692,51.4695,,115,,8.8
6693,51.4779,,114.333,,8.86667
6694,51.4864,,113.667,,8.93333
6695,51.4949,,113,,9
6696,51.5033,,112.667,,9
6697,51.5117,,112.333,,9
6698,51.5201,,112,,9
6699,51.5286,,111.667,,9
6700,51.5371,,111.333,,9
6701,51.5456,,111,,9
6702,51.5541,,110.667,,9
6703,51.5626,,110.333,,9
6704,51.5712,,110,,9
6705,51.5797,,110.333,,9
6706,51.5881,,110.667,,9
6707,51.5966,,111,,9
6708,51.6052,,112,,9.06667
6709,51.6137,,113,,9.13333
6710,51.6223,,114,,9.2
6711,51.631,,114,,9.2
6712,51.6396,,114,,9.2
6713,51.6483,,114,,9.2
6714,51.6571,,113.667,,9.06667
6715,51.6658,,113.333,,8.93333
6716,51.6746,,113,,8.8
6717,51.6835,,112,,8.73333
6718,51.6923,,111,,8.66667
6719,51.7012,,110,,8.6
6720,51.71,,107,,8.5
6721,51.7188,,104,,8.4
6722,51.7274,,100,,8.2
6723,51.7362,,98.5,,8.1
6724,51.7449,,97,,8
6725,51.7531,,96.6667,,7.66667
6726,51.7613,,96.3333,,7.33333
6727,51.7696,,96,,7
6728,51.7782,,96.5,,6.8
6729,51.7868,,97,,6.6
6730,51.7953,,97,,6.6
6731,51.8039,,97,,6.6
6732,51.8124,,97,,6.6
6733,51.8209,,97,,6.2
6734,51.8296,,97,,6
6735,51.8383,,97,,5.8
6736,51.847,,97,,5.6
6737,51.8558,,98,,5.53333
6738,51.8645,,99,,5.46667
6739,51.8732,,100,,5.4
6740,51.8822,,101.5,,5.3
6741,51.8911,,103,,5.2
6742,51.9002,,103.667,,5.26667
6743,51.9093,,104.333,,5.33333
6744,51.9183,,105,,5.4
6745,51.9276,,106.5,,5.4
6746,51.9369,,108,,5.4
6747,51.9462,,108.333,,5.33333
6748,51.9556,,108.667,,5.26667
6749,51.965,,109,,5.2
6750,51.9744,,108.667,,5.13333
6751,51.9838,,108.333,,5.06667
6752,51.9933,,108,,5
6753,52.0027,,107.667,,4.8
6754,52.0122,,107.333,,4.6
6755,52.0216,,107,,4.4
6756,52.0313,,106.667,,4.4
6757,52.0409,,106.333,,4.4
6758,52.0506,,106,,4.4
6759,52.0602,,106,,4.33333
6760,52.0699,,106,,4.26667
6761,52.0796,,106,,4.2
6762,52.0892,,106.333,,4.2
6763,52.0989,,106.667,,4.2
6764,52.1085,,107,,4.2
6765,52.1182,,106.333,,4
6766,52.1279,,105.667,,3.8
6767,52.1377,,105,,3.6
6768,52.1475,,105,,3.53333
6769,52.1573,,105,,3.46667
6770,52.1671,,105,,3.4
6771,52.177,,105,,3.53333
6772,52.1868,,105,,3.66667
6773,52.1966,,105,,3.8
6774,52.2064,,103,,3.8
6775,52.2162,,101,,3.8
6776,52.226,,100.667,,3.73333
6777,52.2359,,100.333,,3.66667
6778,52.2457,,100,,3.6
6779,52.2555,,100,,3.53333
6780,52.2653,,100,,3.46667
6781,52.2751,,100,,3.4
6782,52.2848,,100,,3.33333
6783,52.2945,,100,,3.26667
6784,52.3042,,100,,3.2
6785,52.314,,100,,3.13333
6786,52.3238,,100,,3.06667
6787,52.3336,,100,,3
6788,52.3435,,99,,3
6789,52.3533,,98,,3
6790,52.3632,,97,,3
6791,52.3731,,95.5,,2.9
6792,52.383,,94,,2.8
6793,52.3929,,93,,2.73333
6794,52.4028,,92,,2.66667
6795,52.4128,,91,,2.6
6796,52.4228,,91,,2.5
6797,52.4328,,91,,2.4
6798,52.443,,91,,2.4
6799,52.4532,,91,,2.4
6800,52.4634,,91,,2.6
6801,52.4736,,91,,2.8
6802,52.4838,,90.5,,2.8
6803,52.494,,90,,2.8
6804,52.5041,,89.5,,2.8
6805,52.5143,,89,,2.8
6806,52.5244,,88.5,,2.6
6807,52.5345,,88,,2.4
6808,52.5447,,87,,2.3
6809,52.5548,,86,,2.2
6810,52.5651,,85.5,,1.8
6811,52.5755,,85,,1.4
6812,52.5858,,85,,1
6813,52.5962,,85,,0.6
6814,52.6067,,84.5,,0.4
6815,52.6172,,84,,0.2
6816,52.6275,,83.5,,-0.3
6817,52.6378,,83,,-0.8
6818,52.6483,,83,,-1.2
6819,52.6589,,83,,-1.6
6820,52.6696,,84,,-2
6821,52.6802,,85,,-2.4
6822,52.6911,,85,,-2.7
6823,52.702,,85,,-3
6824,52.713,,85.5,,-3.2
6825,52.724,,86,,-3.4
6826,52.7349,,88.5,,-3.9
6827,52.7459,,91,,-4.4
6828,52.7571,,92.5,,-4.5
6829,52.7682,,94,,-4.6
6830,52.7792,,97,,-4.8
6831,52.7901,,99,,-4.9
6832,52.8011,,101,,-5
6833,52.8121,,101.5,,-5.1
6834,52.8231,,102,,-5.2
6835,52.834,,102,,-5.4
6836,52.845,,102,,-5.6
6837,52.856,,102,,-5.7
6838,52.8671,,102,,-5.8
6839,52.878,,102,,-6
6840,52.889,,102,,-6.2
6841,52.8999,,101,,-6.3
6842,52.9107,,100,,-6.4
6843,52.9216,,100,,-6.5
6844,52.9325,,100,,-6.6
6845,52.9434,,100,,-6.8
6846,52.9542,,100,,-7
6847,52.9651,,99.5,,-7.2
6848,52.9759,,99,,-7.4
6849,52.9867,,97.5,,-7.5
6850,52.9975,,96,,-7.6
6851,53.008,,95.5,,-7.7
6852,53.0186,,95,,-7.8
6853,53.0291,,94,,-7.8
6854,53.0395,,93,,-7.8
6855,53.0497,,92,,-7.9
6856,53.06,,91,,-8
6857,53.0701,,89.5,,-8
6858,53.0802,,88,,-8
6859,53.09,,87.3333,,-8
6860,53.0998,,86.6667,,-8
6861,53.1096,,86,,-8
6862,53.1193,,85.3333,,-8
6863,53.1289,,84.6667,,-8
6864,53.1385,,84,,-8
6865,53.1481,,82.5,,-8
6866,53.1576,,81,,-8
6867,53.1669,,80.6667,,-8
6868,53.1762,,80.3333,,-8
6869,53.1855,,80,,-8
6870,53.1946,,79.3333,,-7.93333
6871,53.2037,,78.6667,,-7.86667
6872,53.2128,,78,,-7.8
6873,53.2219,,77,,-7.73333
6874,53.2309,,76,,-7.66667
6875,53.2399,,75,,-7.6
6876,53.2487,,74,,-7.6
6877,53.2575,,73,,-7.6
6878,53.2663,,72,,-7.6
6879,53.275,,72,,-7.6
6880,53.2837,,72,,-7.6
6881,53.2923,,72,,-7.6
6882,53.3009,,72.3333,,-7.53333
6883,53.3094,,72.6667,,-7.46667
6884,53.318,,73,,-7.4
6885,53.3264,,73.6667,,-7.33333
6886,53.3349,,74.3333,,-7.26667
6887,53.3433,,75,,-7.2
6888,53.3517,,75,,-7.2
6889,53.3601,,75,,-7.2
6890,53.3685,,75,,-7.2
6891,53.3767,,75,,-7.2
6892,53.3849,,75,,-7.2
6893,53.3931,,75,,-7.2
6894,53.4009,,75,,-7.06667
6895,53.4086,,75,,-6.93333
6896,53.4163,,75,,-6.8
6897,53.4239,,74.3333,,-6.8
6898,53.4314,,73.6667,,-6.8
6899,53.439,,73,,-6.8
6900,53.4469,,72,,-6.73333
6901,53.4547,,71,,-6.66667
6902,53.4626,,70,,-6.6
6903,53.4706,,69,,-6.6
6904,53.4787,,65,,-6.6
6905,53.4869,,64.6667,,-6.6
6906,53.4951,,64.3333,,-6.6
6907,53.5032,,64,,-6.6
6908,53.5114,,64,,-6.6
6909,53.5195,,64,,-6.6
6910,53.5277,,64,,-6.6
6911,53.5358,,64.3333,,-6.6
6912,53.5439,,64.6667,,-6.6
6913,53.552,,65,,-6.6
6914,53.5601,,65.6667,,-6.53333
6915,53.5682,,66.3333,,-6.46667
6916,53.5764,,67,,-6.4
6917,53.5844,,67.3333,,-6.33333
6918,53.5923,,67.6667,,-6.26667
6919,53.6003,,68,,-6.2
6920,53.6082,,68,,-6.2
6921,53.6161,,68,,-6.2
6922,53.624,,68,,-6.2
6923,53.6319,,68,,-6.13333
6924,53.6398,,68,,-6.06667
6925,53.6477,,68,,-6
6926,53.6555,,67.3333,,-5.93333
6927,53.6632,,66.6667,,-5.86667
6928,53.671,,66,,-5.8
6929,53.6787,,66,,-5.73333
6930,53.6864,,66,,-5.66667
6931,53.6941,,66,,-5.6
6932,53.7017,,66.3333,,-5.6
6933,53.7093,,66.6667,,-5.6
6934,53.717,,67,,-5.6
6935,53.7247,,67.5,,-5.6
6936,53.7324,,68,,-5.6
6937,53.7403,,68,,-5.6
6938,53.7481,,68,,-5.6
6939,53.756,,68,,-5.6
6940,53.7641,,68.6667,,-5.53333
6941,53.7722,,69.3333,,-5.46667
6942,53.7803,,70,,-5.4
6943,53.7876,,70.3333,,-5.4
6944,53.795,,70.6667,,-5.4
6945,53.8023,,71,,-5.4
6946,53.8078,,71,,-5.4
6947,53.8133,,71,,-5.4
6948,53.8195,,70.75,,-5.4
6949,53.8257,,70.5,,-5.4
6950,53.8319,,70.25,,-5.4
6951,53.8381,,70,,-5.4
6952,53.8451,,70.6667,,-5.4
6953,53.8521,,71.3333,,-5.4
6954,53.8591,,72,,-5.4
6955,53.8663,,72,,-5.4
6956,53.8735,,72,,-5.4
6957,53.8807,,72,,-5.4
6958,53.888,,72,,-5.33333
6959,53.8952,,72,,-5.26667
6960,53.9025,,72,,-5.2
6961,53.9099,,72.3333,,-5.2
6962,53.9174,,72.6667,,-5.2
6963,53.9248,,73,,-5.2
6964,53.9324,,73,,-5.13333
6965,53.94,,73,,-5.06667
6966,53.9476,,73,,-5
6967,53.9552,,73,,-5
6968,53.9628,,73,,-5
6969,53.9704,,73,,-5
6970,53.9779,,74.5,,-4.9
6971,53.9855,,76,,-4.8
6972,53.993,,80,,-4.8
6973,54.0005,,80,,-4.8
6974,54.008,,80.6667,,-4.73333
6975,54.0154,,81.3333,,-4.66667
6976,54.0229,,82,,-4.6
6977,54.0302,,83,,-4.53333
6978,54.0376,,84,,-4.46667
6979,54.045,,85,,-4.4
6980,54.0523,,86.5,,-4.3
6981,54.0597,,88,,-4.2
6982,54.0672,,88.3333,,-4.2
6983,54.0748,,88.6667,,-4.2
6984,54.0824,,89,,-4.2
6985,54.09,,90,,-4.13333
6986,54.0976,,91,,-4.06667
6987,54.1053,,92,,-4
6988,54.1131,,92.3333,,-4
6989,54.121,,92.6667,,-4
6990,54.1288,,93,,-4
6991,54.1372,,93.3333,,-3.93333
6992,54.1455,,93.6667,,-3.86667
6993,54.1538,,94,,-3.8
6994,54.1622,,94,,-3.86667
6995,54.1705,,94,,-3.93333
6996,54.1788,,94,,-4
6997,54.1874,,94,,-4
6998,54.196,,94,,-4
6999,54.2046,,94,,-4
7000,54.2131,,92.5,,-4.1
7001,54.2216,,91,,-4.2
7002,54.23,,90.6667,,-4.26667
7003,54.2384,,90.3333,,-4.33333
7004,54.2468,,90,,-4.4
7005,54.255,,90.6667,,-4.26667
7006,54.2631,,91.3333,,-4.13333
7007,54.2713,,92,,-4
7008,54.2794,,95,,-4.2
7009,54.2876,,104,,-4
7010,54.2958,,108,,-4.2
7011,54.3038,,108.667,,-4.2
7012,54.3118,,109.333,,-4.2
7013,54.3199,,110,,-4.2
7014,54.3279,,110,,-4.2
7015,54.3359,,110,,-4.2
7016,54.3439,,110,,-4.2
7017,54.3519,,110.333,,-4.13333
7018,54.3599,,110.667,,-4.06667
7019,54.368,,111,,-4
7020,54.3763,,111,,-3.93333
7021,54.3846,,111,,-3.86667
7022,54.3929,,111,,-3.8
7023,54.4012,,110.667,,-3.8
7024,54.4095,,110.333,,-3.8
7025,54.4178,,110,,-3.8
7026,54.4262,,110,,-4
7027,54.4345,,110,,-4.2
7028,54.4429,,110,,-4.4
7029,54.4513,,110.333,,-4.4
7030,54.4596,,110.667,,-4.4
7031,54.468,,111,,-4.4
7032,54.4763,,114,,-4.4
7033,54.4846,,115,,-4.53333
7034,54.493,,116,,-4.66667
7035,54.5013,,117,,-4.8
7036,54.5097,,117,,-4.8
7037,54.5181,,117,,-4.8
7038,54.5265,,117,,-4.8
7039,54.535,,117,,-4.73333
7040,54.5435,,117,,-4.66667
7041,54.552,,117,,-4.6
7042,54.5603,,116.667,,-4.53333
7043,54.5686,,116.333,,-4.46667
7044,54.577,,116,,-4.4
7045,54.5852,,115,,-4.4
7046,54.5935,,114,,-4.4
7047,54.6017,,113,,-4.4
7048,54.6099,,112.333,,-4.33333
7049,54.6181,,111.667,,-4.26667
7050,54.6263,,111,,-4.2
7051,54.6346,,111.333,,-4.33333
7052,54.6428,,111.667,,-4.46667
7053,54.6511,,112,,-4.6
7054,54.6596,,112.333,,-4.66667
7055,54.6681,,112.667,,-4.73333
7056,54.6766,,113,,-4.8
7057,54.6852,,113,,-4.86667
7058,54.6939,,113,,-4.93333
7059,54.7025,,113,,-5
7060,54.7112,,113,,-5.06667
7061,54.7199,,113,,-5.13333
7062,54.7287,,113,,-5.2
7063,54.7373,,113,,-5.33333
7064,54.746,,113,,-5.46667
7065,54.7547,,113,,-5.6
7066,54.763,,112,,-5.66667
7067,54.7713,,111,,-5.73333
7068,54.7797,,110,,-5.8
7069,54.787,,109.5,,-5.8
7070,54.7942,,109,,-5.8
7071,54.7993,,108.5,,-5.85
7072,54.8044,,108,,-5.9
7073,54.8095,,107.5,,-5.95
7074,54.8146,,107,,-6
7075,54.8186,,105.333,,-6.06667
7076,54.8226,,103.667,,-6.13333
7077,54.8266,,102,,-6.2
7078,54.8318,,101,,-6.2
7079,54.837,,100,,-6.2
7080,54.8422,,99,,-6.2
7081,54.8484,,99,,-6.15
7082,54.8546,,99,,-6.1
7083,54.8608,,99,,-6.05
7084,54.867,,99,,-6
7085,54.8727,,99.75,,-6.05
7086,54.8785,,100.5,,-6.1
7087,54.8843,,101.25,,-6.15
7088,54.8901,,102,,-6.2
7089,54.8969,,102.333,,-6.2
7090,54.9038,,102.667,,-6.2
7091,54.9106,,103,,-6.2
7092,54.9177,,103.333,,-6.13333
7093,54.9248,,103.667,,-6.06667
7094,54.9319,,104,,-6
7095,54.9393,,104.333,,-6.06667
7096,54.9466,,104.667,,-6.13333
7097,54.954,,105,,-6.2
7098,54.9614,,103.5,,-6.3
7099,54.9688,,102,,-6.4
7100,54.9764,,101.333,,-6.46667
7101,54.9839,,100.667,,-6.53333
7102,54.9915,,100,,-6.6
7103,54.9995,,99.6667,,-6.6
7104,55.0074,,99.3333,,-6.6
7105,55.0154,,99,,-6.6
7106,55.0235,,99,,-6.53333
7107,55.0315,,99,,-6.46667
7108,55.0395,,99,,-6.4
7109,55.0475,,97,,-6.4
7110,55.0556,,95,,-6.4
7111,55.0636,,93.5,,-6.3
7112,55.0717,,92,,-6.2
7113,55.0798,,91.3333,,-6.13333
7114,55.0878,,90.6667,,-6.06667
7115,55.0959,,90,,-6
7116,55.1038,,90,,-6.06667
7117,55.1117,,90,,-6.13333
7118,55.1196,,90,,-6.2
7119,55.1275,,89.6667,,-6.2
7120,55.1353,,89.3333,,-6.2
7121,55.1432,,89,,-6.2
7122,55.1512,,89,,-6.06667
7123,55.1592,,89,,-5.93333
7124,55.1671,,89,,-5.8
7125,55.1753,,89,,-5.66667
7126,55.1834,,89,,-5.53333
7127,55.1915,,89,,-5.4
7128,55.1996,,89.3333,,-5.46667
7129,55.2077,,89.6667,,-5.53333
7130,55.2159,,90,,-5.6
7131,55.2241,,89.6667,,-5.46667
7132,55.2324,,89.3333,,-5.33333
7133,55.2407,,89,,-5.2
7134,55.2489,,88.3333,,-5.26667
7135,55.2571,,87.6667,,-5.33333
7136,55.2653,,87,,-5.4
7137,55.2737,,86.6667,,-5.06667
7138,55.2821,,86.3333,,-4.73333
7139,55.2905,,86,,-4.4
7140,55.2987,,85.3333,,-4.33333
7141,55.307,,84.6667,,-4.26667
7142,55.3153,,84,,-4.2
7143,55.3236,,84,,-4.2
7144,55.3318,,84,,-4.2
7145,55.3401,,84,,-4.2
7146,55.3485,,82,,-4.3
7147,55.3569,,80,,-4.4
7148,55.3656,,78.6667,,-4.2
7149,55.3743,,77.3333,,-4
7150,55.383,,76,,-3.8
7151,55.3917,,74,,-3.8
7152,55.4004,,72,,-3.8
7153,55.4091,,72,,-4
7154,55.4179,,72,,-4.2
7155,55.4267,,72,,-4.4
7156,55.4356,,72,,-4.33333
7157,55.4445,,72,,-4.26667
7158,55.4533,,72,,-4.2
7159,55.4622,,72,,-4.33333
7160,55.4712,,72,,-4.46667
7161,55.4801,,72,,-4.6
7162,55.489,,70.5,,-4.6
7163,55.4979,,69,,-4.6
7164,55.5068,,68.6667,,-4.6
7165,55.5157,,68.3333,,-4.6
7166,55.5247,,68,,-4.6
7167,55.5336,,68.3333,,-4.6
7168,55.5425,,68.6667,,-4.6
7169,55.5514,,69,,-4.6
7170,55.5603,,69.6667,,-4.6
7171,55.5692,,70.3333,,-4.6
7172,55.578,,71,,-4.6
7173,55.5869,,72.5,,-4.3
7174,55.5957,,74,,-4
7175,55.6048,,74.3333,,-3.93333
7176,55.6138,,74.6667,,-3.86667
7177,55.6228,,75,,-3.8
7178,55.632,,75.3333,,-3.8
7179,55.6411,,75.6667,,-3.8
7180,55.6503,,76,,-3.8
7181,55.6594,,76.3333,,-3.73333
7182,55.6686,,76.6667,,-3.66667
7183,55.6777,,77,,-3.6
7184,55.687,,78.5,,-3.7
7185,55.6963,,80,,-3.8
7186,55.7055,,80.3333,,-3.8
7187,55.7148,,80.6667,,-3.8
7188,55.724,,81,,-3.8
7189,55.7328,,81,,-3.8
7190,55.7417,,81,,-3.8
7191,55.7505,,81,,-3.8
7192,55.7591,,81.3333,,-3.86667
7193,55.7676,,81.6667,,-3.93333
7194,55.7762,,82,,-4
7195,55.7846,,82.3333,,-4.06667
7196,55.793,,82.6667,,-4.13333
7197,55.8014,,83,,-4.2
7198,55.8097,,84,,-4.2
7199,55.818,,85,,-4.2
7200,55.8262,,85.6667,,-4.2
7201,55.8344,,86.3333,,-4.2
7202,55.8426,,87,,-4.2
7203,55.8505,,87.3333,,-4.2
7204,55.8585,,87.6667,,-4.2
7205,55.8665,,88,,-4.2
7206,55.8743,,87.6667,,-4.2
7207,55.8821,,87.3333,,-4.2
7208,55.8899,,87,,-4.2
7209,55.8975,,87,,-4.26667
7210,55.9052,,87,,-4.33333
7211,55.9129,,87,,-4.4
7212,55.9206,,87,,-4.4
7213,55.9283,,87,,-4.4
7214,55.936,,87,,-4.4
7215,55.9437,,87.6667,,-4.4
7216,55.9514,,88.3333,,-4.4
7217,55.959,,89,,-4.4
7218,55.9666,,89,,-4.4
7219,55.9742,,89,,-4.4
7220,55.9817,,89.6667,,-4.06667
7221,55.9892,,90.3333,,-3.73333
7222,55.9967,,91,,-3.4
7223,56.0044,,91,,-3.26667
7224,56.0122,,91,,-3.13333
7225,56.0199,,91,,-3
7226,56.0279,,91,,-3
7227,56.0358,,91,,-3
7228,56.0438,,91,,-3
7229,56.052,,91,,-3
7230,56.0602,,91,,-3
7231,56.0684,,91,,-3
7232,56.0765,,91,,-3.33333
7233,56.0846,,91,,-3.66667
7234,56.0928,,91,,-4
7235,56.1008,,91,,-3.86667
7236,56.1087,,91,,-3.73333
7237,56.1167,,91,,-3.6
7238,56.1246,,91,,-3.4
7239,56.1323,,91.3333,,-3.46667
7240,56.14,,91.6667,,-3.53333
7241,56.1477,,92,,-3.6
7242,56.1553,,92,,-3.46667
7243,56.163,,92,,-3.33333
7244,56.1706,,92,,-3.2
7245,56.1784,,92.3333,,-3.13333
7246,56.1861,,92.6667,,-3.06667
7247,56.1938,,93,,-3
7248,56.2014,,93.6667,,-3
7249,56.2091,,94.3333,,-3
7250,56.2167,,95,,-3
7251,56.2242,,97.5,,-2.8
7252,56.2316,,100,,-2.6
7253,56.2391,,102,,-2.2
7254,56.2465,,104,,-2
7255,56.2539,,106,,-1.8
7256,56.2613,,107.5,,-1.7
7257,56.2687,,109,,-1.6
7258,56.2761,,109.333,,-1.53333
7259,56.2835,,109.667,,-1.46667
7260,56.2909,,110,,-1.4
7261,56.2983,,109.667,,-1.33333
7262,56.3057,,109.333,,-1.26667
7263,56.3132,,109,,-1.2
7264,56.3205,,107.5,,-0.8
7265,56.3279,,106,,-0.4
7266,56.3352,,105.667,,-0.4
7267,56.3425,,105.333,,-0.4
7268,56.3498,,105,,-0.4
7269,56.3571,,104.333,,-0.466667
7270,56.3644,,103.667,,-0.533333
7271,56.3716,,103,,-0.6
7272,56.3788,,102.667,,-0.466667
7273,56.386,,102.333,,-0.333333
7274,56.3932,,102,,-0.2
7275,56.3996,,100.667,,-0.4
7276,56.406,,99.3333,,-0.6
7277,56.4124,,98,,-0.8
7278,56.4171,,97.5,,-0.7
7279,56.4219,,97,,-0.6
7280,56.4271,,97,,-0.333333
7281,56.4324,,97,,-0.0666667
7282,56.4376,,97,,0.2
7283,56.444,,96.75,,0.35
7284,56.4505,,96.5,,0.5
7285,56.4569,,96.25,,0.65
7286,56.4633,,96,,0.8
7287,56.4698,,96,,0.7
7288,56.4763,,96,,0.6
7289,56.4817,,96,,0.6
7290,56.487,,96,,0.6
7291,56.4924,,96,,0.6
7292,56.4977,,96,,0.6
7293,56.5019,,96.3333,,0.6
7294,56.5062,,96.6667,,0.6
7295,56.5104,,97,,0.6
7296,56.5145,,96.5,,0.7
7297,56.5186,,96,,0.8
7298,56.5245,,95,,1.26667
7299,56.5305,,94,,1.73333
7300,56.5364,,93,,2.2
7301,56.5432,,93,,2.26667
7302,56.5499,,93,,2.33333
7303,56.5567,,93,,2.4
7304,56.5636,,93,,2.2
7305,56.5706,,93,,2
7306,56.5775,,93,,1.8
7307,56.5849,,92.6667,,1.8
7308,56.5924,,92.3333,,1.8
7309,56.5998,,92,,1.8
7310,56.6075,,91.6667,,2.2
7311,56.6152,,91.3333,,2.6
7312,56.6229,,91,,3
7313,56.6309,,93,,3.2
7314,56.6388,,93.6667,,3.26667
7315,56.6467,,94.3333,,3.33333
7316,56.6546,,95,,3.4
7317,56.6625,,95.3333,,3.6
7318,56.6704,,95.6667,,3.8
7319,56.6783,,96,,4
7320,56.6863,,96,,3.9
7321,56.6942,,96,,3.8
7322,56.7023,,96.6667,,4.06667
7323,56.7105,,97.3333,,4.33333
7324,56.7186,,98,,4.6
7325,56.7269,,100,,4.2
7326,56.7352,,102,,3.8
7327,56.7435,,106,,3.8
7328,56.7517,,110,,3.8
7329,56.7601,,113,,4
7330,56.7685,,114.5,,3.7
7331,56.7768,,116,,3.4
7332,56.7851,,116.333,,3.26667
7333,56.7933,,116.667,,3.13333
7334,56.8016,,117,,3
7335,56.8098,,117,,2.8
7336,56.818,,117,,2.6
7337,56.8264,,115.5,,2.5
7338,56.8347,,114,,2.4
7339,56.8432,,114,,2.33333
7340,56.8517,,114,,2.26667
7341,56.8601,,114,,2.2
7342,56.8686,,112,,2.13333
7343,56.8771,,110,,2.06667
7344,56.8856,,108,,2
7345,56.894,,106.5,,2
7346,56.9024,,105,,2
7347,56.9108,,103.5,,1.9
7348,56.9192,,102,,1.8
7349,56.9279,,101.667,,1.93333
7350,56.9365,,101.333,,2.06667
7351,56.9452,,101,,2.2
7352,56.9543,,101,,2.06667
7353,56.9633,,101,,1.93333
7354,56.9724,,101,,1.8
7355,56.9817,,102.333,,1.66667
7356,56.9911,,103.667,,1.53333
7357,57.0004,,105,,1.4
7358,57.0097,,105.333,,1.46667
7359,57.0189,,105.667,,1.53333
7360,57.0282,,106,,1.6
7361,57.0372,,106,,1.8
7362,57.0459,,105.667,,1.93333
7363,57.0545,,105.333,,2.06667
7364,57.0631,,105,,2.2
7365,57.0711,,104.667,,2.33333
7366,57.0791,,104.333,,2.46667
7367,57.0871,,104,,2.6
7368,57.0947,,104,,2.73333
7369,57.1024,,104,,2.86667
7370,57.11,,104,,3
7371,57.1179,,103.333,,3
7372,57.1258,,102.667,,3
7373,57.1338,,102,,3
7374,57.1418,,102,,3.1
7375,57.1498,,102,,3.2
7376,57.1578,,101.333,,3.13333
7377,57.1659,,100.667,,3.06667
7378,57.174,,100,,3
7379,57.1821,,99.3333,,3
7380,57.1902,,98.6667,,3
7381,57.1983,,98,,3
7382,57.2067,,97.3333,,3.33333
7383,57.215,,96.6667,,3.66667
7384,57.2234,,96,,4
7385,57.2314,,95.3333,,4.26667
7386,57.2394,,94.6667,,4.53333
7387,57.2474,,94,,4.8
7388,57.2553,,93,,4.93333
7389,57.2633,,92,,5.06667
7390,57.2712,,91,,5.2
7391,57.2789,,90.6667,,5.13333
7392,57.2866,,90.3333,,5.06667
7393,57.2943,,90,,5
7394,57.3019,,89.6667,,5.2
7395,57.3095,,89.3333,,5.4
7396,57.3171,,89,,5.6
7397,57.3245,,88.3333,,5.53333
7398,57.3318,,87.6667,,5.46667
7399,57.3391,,87,,5.4
7400,57.3465,,87,,5.8
7401,57.3539,,87,,6.2
7402,57.3612,,87,,6.6
7403,57.3687,,87.6667,,6.93333
7404,57.3761,,88.3333,,7.26667
7405,57.3836,,89,,7.6
7406,57.391,,89.3333,,7.6
7407,57.3984,,89.6667,,7.6
7408,57.4059,,90,,7.6
7409,57.4134,,90.3333,,7.26667
7410,57.4209,,90.6667,,6.93333
7411,57.4284,,91,,6.6
7412,57.4358,,90,,6.6
7413,57.4421,,89.75,,6.4
7414,57.4485,,89.5,,6.2
7415,57.4549,,89.25,,6
7416,57.4612,,89,,5.8
7417,57.4665,,89,,5.6
7418,57.4726,,88.75,,5.4
7419,57.4788,,88.5,,5.2
7420,57.485,,88.25,,5
7421,57.4912,,88,,4.8
7422,57.4982,,88,,4.8
7423,57.5053,,88,,4.8
7424,57.5124,,88,,4.8
7425,57.5197,,88,,4.73333
7426,57.527,,88,,4.66667
7427,57.5343,,88,,4.6
7428,57.5416,,87,,5
7429,57.5489,,89.5,,5.3
7430,57.5562,,92,,5.6
7431,57.5637,,96,,6
7432,57.5714,,96,,6.2
7433,57.579,,96,,6.4
7434,57.5866,,96,,6.6
7435,57.5945,,95.6667,,6.66667
7436,57.6025,,95.3333,,6.73333
7437,57.6104,,95,,6.8
7438,57.6186,,95,,6.73333
7439,57.6268,,95,,6.66667
7440,57.635,,95,,6.6
7441,57.6433,,94.3333,,6.8
7442,57.6516,,93.6667,,7
7443,57.6599,,93,,7.2
7444,57.6681,,90,,7
7445,57.6763,,89,,6.8
7446,57.6845,,88,,6.6
7447,57.6926,,87,,6.4
7448,57.7007,,86.3333,,6.2
7449,57.7088,,85.6667,,6
7450,57.7169,,85,,5.8
7451,57.7248,,84,,5.6
7452,57.7327,,83,,5.4
7453,57.7405,,82.3333,,5.26667
7454,57.7484,,81.6667,,5.13333
7455,57.7562,,81,,5
7456,57.764,,81,,4.8
7457,57.7717,,82,,4.73333
7458,57.7793,,83,,4.66667
7459,57.787,,84,,4.6
7460,57.7934,,85,,4.53333
7461,57.7998,,86,,4.46667
7462,57.8063,,87,,4.4
7463,57.8104,,87,,4.4
7464,57.8145,,87,,4.4
7465,57.8171,,88.5,,4.3
7466,57.8198,,90,,4.2
7467,57.8236,,90.5,,4.15
7468,57.8273,,91,,4.1
7469,57.8311,,91.5,,4.05
7470,57.8348,,92,,4
7471,57.8401,,92,,4.1
7472,57.8454,,92,,4.2
7473,57.8516,,92.25,,4.2
7474,57.8578,,92.5,,4.2
7475,57.8641,,92.75,,4.2
7476,57.8703,,93,,4.2
7477,57.8772,,93.6667,,4.4
7478,57.8842,,94.3333,,4.6
7479,57.8911,,95,,4.8
7480,57.8984,,95.3333,,5.06667
7481,57.9057,,95.6667,,5.33333
7482,57.9129,,96,,5.6
7483,57.9203,,96.6667,,5.6
7484,57.9277,,97.3333,,5.6
7485,57.935,,98,,5.6
7486,57.9425,,98,,5.73333
7487,57.95,,98,,5.86667
7488,57.9575,,98,,6
7489,57.9649,,94.5,,6
7490,57.9724,,91,,6
7491,57.98,,90.3333,,6.06667
7492,57.9876,,89.6667,,6.13333
7493,57.9952,,89,,6.2
7494,58.0029,,89,,6.13333
7495,58.0107,,89,,6.06667
7496,58.0185,,89,,6
7497,58.0264,,87,,6
7498,58.0342,,85,,6
7499,58.0422,,85.3333,,5.93333
7500,58.0501,,85.6667,,5.86667
7501,58.0581,,86,,5.8
7502,58.066,,86.3333,,5.66667
7503,58.0739,,86.6667,,5.53333
7504,58.0819,,87,,5.4
7505,58.0899,,87.3333,,5.4
7506,58.0978,,87.6667,,5.4
7507,58.1058,,88,,5.4
7508,58.1139,,88.6667,,5.46667
7509,58.1221,,89.3333,,5.53333
7510,58.1302,,90,,5.6
7511,58.1385,,89.6667,,5.6
7512,58.1469,,89.3333,,5.6
7513,58.1552,,89,,5.6
7514,58.1637,,88.3333,,5.53333
7515,58.1721,,87.6667,,5.46667
7516,58.1806,,87,,5.4
7517,58.1891,,86,,5.4
7518,58.1976,,85,,5.4
7519,58.2061,,84,,5.4
7520,58.2149,,83.6667,,5.4
7521,58.2236,,83.3333,,5.4
7522,58.2323,,83,,5.4
7523,58.2411,,83,,5.4
7524,58.2498,,83,,5.4
7525,58.2585,,83,,5.4
7526,58.2673,,83.6667,,5.46667
7527,58.2761,,84.3333,,5.53333
7528,58.2848,,85,,5.6
7529,58.2937,,85,,5.4
7530,58.3025,,85.3333,,5.4
7531,58.3113,,85.6667,,5.4
7532,58.3201,,86,,5.4
7533,58.329,,87.3333,,5.4
7534,58.3379,,88.6667,,5.4
7535,58.3468,,90,,5.4
7536,58.3557,,90.6667,,5.46667
7537,58.3646,,91.3333,,5.53333
7538,58.3735,,92,,5.6
7539,58.3823,,92.3333,,5.8
7540,58.3912,,92.6667,,6
7541,58.4001,,93,,6.2
7542,58.4087,,92.3333,,6.33333
7543,58.4174,,91.6667,,6.46667
7544,58.4261,,91,,6.6
7545,58.4339,,90.3333,,6.73333
7546,58.4417,,89.6667,,6.86667
7547,58.4495,,89,,7
7548,58.456,,88,,6.8
7549,58.4627,,87.5,,6.8
7550,58.4694,,87,,6.8
7551,58.4761,,86.5,,6.8
7552,58.4828,,86,,6.8
7553,58.4904,,86,,6.6
7554,58.4983,,86,,6.33333
7555,58.5063,,86,,6.06667
7556,58.5142,,86,,5.8
7557,58.5227,,86,,5.73333
7558,58.5311,,86,,5.66667
7559,58.5395,,86,,5.6
7560,58.5479,,86,,5.4
7561,58.5564,,86,,5.2
7562,58.5648,,86,,5
7563,58.5731,,86,,4.9
7564,58.5814,,86,,4.8
7565,58.5899,,86,,4.73333
7566,58.5984,,86,,4.66667
7567,58.6069,,86,,4.6
7568,58.6154,,85.6667,,4.4
7569,58.624,,85.3333,,4.2
7570,58.6325,,85,,4
7571,58.6409,,85.6667,,3.93333
7572,58.6493,,86.3333,,3.86667
7573,58.6577,,87,,3.8
7574,58.666,,91,,4.2
7575,58.6742,,95,,4.2
7576,58.6827,,95,,4.4
7577,58.6912,,98,,4.6
7578,58.6997,,101.333,,4.66667
7579,58.7082,,104.667,,4.73333
7580,58.7167,,108,,4.8
7581,58.7253,,108.333,,4.8
7582,58.7339,,108.667,,4.8
7583,58.7425,,109,,4.8
7584,58.7509,,109.333,,5
7585,58.7592,,109.667,,5.2
7586,58.7676,,110,,5.4
7587,58.7761,,110.667,,5.33333
7588,58.7846,,111.333,,5.26667
7589,58.7931,,112,,5.2
7590,58.8015,,112,,5.2
7591,58.8099,,112,,5.2
7592,58.8186,,111,,5
7593,58.8271,,111,,4.6
7594,58.8356,,111,,4.2
7595,58.8441,,111,,3.8
7596,58.8527,,110.667,,3.46667
7597,58.8612,,110.333,,3.13333
7598,58.8698,,110,,2.8
7599,58.878,,112,,2.6
7600,58.8862,,114,,2.4
7601,58.8944,,118,,2.2
7602,58.9027,,118,,2
7603,58.9111,,118,,2.13333
7604,58.9195,,118,,2.26667
7605,58.9279,,118,,2.4
7606,58.9361,,118,,1.93333
7607,58.9443,,118,,1.46667
7608,58.9525,,118,,1
7609,58.9609,,117,,1.2
7610,58.9691,,116.5,,1.1
7611,58.9773,,116,,1
7612,58.9852,,116,,0.933333
7613,58.9931,,116,,0.866667
7614,59.001,,116,,0.8
7615,59.0089,,116,,0.6
7616,59.0169,,116,,0.4
7617,59.0252,,115.667,,-0.0666667
7618,59.0335,,115.333,,-0.533333
7619,59.0417,,115,,-1
7620,59.0502,,114.333,,-1.13333
7621,59.0587,,113.667,,-1.26667
7622,59.0673,,113,,-1.4
7623,59.0756,,113,,-1.26667
7624,59.084,,113,,-1.13333
7625,59.0923,,113,,-1
7626,59.0997,,113,,-0.8
7627,59.1072,,113,,-0.6
7628,59.1146,,113,,-0.4
7629,59.1223,,113,,-0.4
7630,59.13,,113,,-0.2
7631,59.1374,,112.333,,-0.0666667
7632,59.1448,,111.667,,0.0666667
7633,59.1522,,111,,0.2
7634,59.1598,,110.333,,0.133333
7635,59.1674,,109.667,,0.0666667
7636,59.175,,109,,0
7637,59.1832,,109,,0.4
7638,59.1914,,109.333,,0.133333
7639,59.1997,,109.667,,-0.133333
7640,59.2079,,110,,-0.4
7641,59.2161,,110,,-0.6
7642,59.2245,,109.667,,-0.6
7643,59.2328,,109.333,,-0.6
7644,59.2411,,109,,-0.6
7645,59.2494,,109,,-0.533333
7646,59.2577,,109,,-0.466667
7647,59.266,,109,,-0.4
7648,59.2744,,109,,-0.4
7649,59.2828,,109,,-0.4
7650,59.2912,,109,,-0.4
7651,59.2996,,108.333,,-0.4
7652,59.308,,107.667,,-0.4
7653,59.3165,,107,,-0.4
7654,59.325,,107,,-0.5
7655,59.3336,,107,,-0.6
7656,59.3425,,107.333,,-0.666667
7657,59.3513,,107.667,,-0.733333
7658,59.3602,,108,,-0.8
7659,59.3693,,107.667,,-0.866667
7660,59.3783,,107.333,,-0.933333
7661,59.3874,,107,,-1
7662,59.3968,,107.333,,-1.06667
7663,59.4061,,107.667,,-1.13333
7664,59.4155,,108,,-1.2
7665,59.4251,,108.333,,-1.26667
7666,59.4348,,108.667,,-1.33333
7667,59.4445,,109,,-1.4
7668,59.4543,,109,,-1.46667
7669,59.4642,,109,,-1.53333
7670,59.4741,,109,,-1.6
7671,59.484,,109,,-1.53333
7672,59.494,,109,,-1.46667
7673,59.504,,109,,-1.4
7674,59.5139,,109.333,,-1.46667
7675,59.5238,,109.667,,-1.53333
7676,59.5337,,110,,-1.6
7677,59.5435,,111.5,,-1.5
7678,59.5533,,113,,-1.4
7679,59.5628,,111,,-1.5
7680,59.5723,,109,,-1.6
7681,59.5816,,105,,-1.6
7682,59.5908,,101,,-1.6
7683,59.6,,97,,-1.4
7684,59.609,,95.5,,-1.2
7685,59.6179,,94,,-1
7686,59.6264,,93.3333,,-0.8
7687,59.6349,,92.6667,,-0.6
7688,59.6434,,92,,-0.4
7689,59.6511,,91,,-0.133333
7690,59.6588,,90,,0.133333
7691,59.6665,,89,,0.4
7692,59.674,,88.5,,0.6
7693,59.6816,,88,,0.8
7694,59.689,,88,,0.733333
7695,59.6965,,88,,0.666667
7696,59.7039,,88,,0.6
7697,59.7114,,88,,0.8
7698,59.7188,,88,,1
7699,59.7263,,88,,1.2
7700,59.7336,,88.3333,,1.33333
7701,59.741,,88.6667,,1.46667
7702,59.7484,,89,,1.6
7703,59.7557,,90,,1.8
7704,59.7631,,91,,2
7705,59.7704,,92,,2.2
7706,59.7777,,92.6667,,2.33333
7707,59.785,,93.3333,,2.46667
7708,59.7924,,94,,2.6
7709,59.8,,95,,3
7710,59.8076,,96,,3.4
7711,59.8152,,97,,3.8
7712,59.8231,,97.3333,,4
7713,59.8309,,97.6667,,4.2
7714,59.8387,,98,,4.4
7715,59.8465,,97.6667,,4.53333
7716,59.8544,,97.3333,,4.66667
7717,59.8622,,97,,4.8
7718,59.8702,,97.6667,,4.73333
7719,59.8783,,98.3333,,4.66667
7720,59.8863,,99,,4.6
7721,59.8944,,99.3333,,4.73333
7722,59.9024,,99.6667,,4.86667
7723,59.9105,,100,,5
7724,59.9184,,100.333,,5.06667
7725,59.9264,,100.667,,5.13333
7726,59.9343,,101,,5.2
7727,59.9421,,102,,5.26667
7728,59.9499,,103,,5.33333
7729,59.9577,,104,,5.4
7730,59.9654,,108,,5.4
7731,59.9731,,111,,5.4
7732,59.9807,,112,,5.33333
7733,59.9883,,113,,5.26667
7734,59.9959,,114,,5.2
7735,60.0036,,114,,5.06667
7736,60.0112,,114,,4.93333
7737,60.0189,,114,,4.8
7738,60.0266,,114,,4.93333
7739,60.0343,,114,,5.06667
7740,60.042,,114,,5.2
7741,60.0498,,114.333,,5.26667
7742,60.0575,,114.667,,5.33333
7743,60.0653,,115,,5.4
7744,60.073,,115,,5.6
7745,60.0808,,115,,5.8
7746,60.0885,,115,,6
7747,60.0963,,114.667,,6.13333
7748,60.104,,114.333,,6.26667
7749,60.1117,,114,,6.4
7750,60.1193,,113.333,,6.26667
7751,60.1269,,112.667,,6.13333
7752,60.1344,,112,,6
7753,60.142,,112.333,,6.2
7754,60.1497,,112.667,,6.4
7755,60.1573,,113,,6.6
7756,60.1648,,113,,6.66667
7757,60.1723,,113,,6.73333
7758,60.1798,,113,,6.8
7759,60.1873,,113,,6.73333
7760,60.1949,,113,,6.66667
7761,60.2024,,113,,6.6
7762,60.2098,,113,,6.6
7763,60.2171,,112.667,,6.53333
7764,60.2244,,112.333,,6.46667
7765,60.2316,,112,,6.4
7766,60.2388,,111.667,,6.26667
7767,60.2459,,111.333,,6.13333
7768,60.253,,111,,6
7769,60.2603,,110.667,,5.93333
7770,60.2677,,110.333,,5.86667
7771,60.275,,110,,5.8
7772,60.2826,,110.333,,5.8
7773,60.2901,,110.667,,5.8
7774,60.2977,,111,,5.8
7775,60.3053,,111,,5.8
7776,60.3128,,111,,5.86667
7777,60.3204,,111,,5.93333
7778,60.3279,,111,,6
7779,60.3355,,111.333,,6
7780,60.3431,,111.667,,6
7781,60.3507,,112,,6
7782,60.3583,,111.667,,6
7783,60.3659,,111.333,,6
7784,60.3736,,111,,6
7785,60.3815,,111,,6.13333
7786,60.3894,,111,,6.26667
7787,60.3973,,111,,6.4
7788,60.4051,,111,,6.4
7789,60.413,,111,,6.4
7790,60.4208,,111,,6.4
7791,60.4284,,110.333,,6.46667
7792,60.436,,109.667,,6.53333
7793,60.4435,,109,,6.6
7794,60.451,,108,,6.66667
7795,60.4584,,107,,6.73333
7796,60.4658,,106,,6.8
7797,60.4731,,104,,7
7798,60.4806,,99,,7.4
7799,60.4879,,98.6667,,7.33333
7800,60.4952,,98.3333,,7.26667
7801,60.5025,,98,,7.2
7802,60.5099,,98,,7.26667
7803,60.5173,,98,,7.33333
7804,60.5247,,98,,7.4
7805,60.532,,98.6667,,7.2
7806,60.5392,,99.3333,,7
7807,60.5465,,100,,6.8
7808,60.554,,100.333,,6.73333
7809,60.5616,,100.667,,6.66667
7810,60.5692,,101,,6.6
7811,60.5767,,101,,6.6
7812,60.5842,,101,,6.53333
7813,60.5917,,101,,6.46667
7814,60.5992,,101,,6.4
7815,60.6066,,100.667,,6.4
7816,60.6141,,100.333,,6.4
7817,60.6215,,100,,6.4
7818,60.6291,,100,,6.6
7819,60.6367,,100,,6.8
7820,60.6443,,100,,7
7821,60.6517,,99,,7.2
7822,60.6592,,98,,7.4
7823,60.6666,,97,,7.6
7824,60.6741,,97.3333,,7.66667
7825,60.6817,,97.6667,,7.73333
7826,60.6892,,98,,7.8
7827,60.6969,,97.6667,,7.73333
7828,60.7047,,97.3333,,7.66667
7829,60.7124,,97,,7.6
7830,60.7197,,95.5,,7
7831,60.727,,94,,6.4
7832,60.7347,,93.3333,,6.13333
7833,60.7425,,92.6667,,5.86667
7834,60.7503,,92,,5.6
7835,60.7582,,91.6667,,5.46667
7836,60.7661,,91.3333,,5.33333
7837,60.774,,91,,5.2
7838,60.7818,,90,,5.33333
7839,60.7896,,89,,5.46667
7840,60.7974,,88,,5.6
7841,60.8053,,88.5,,5.8
7842,60.8131,,89,,6
7843,60.8212,,88.6667,,6.13333
7844,60.8293,,88.3333,,6.26667
7845,60.8374,,88,,6.4
7846,60.8457,,88.3333,,6.46667
7847,60.854,,88.6667,,6.53333
7848,60.8623,,89,,6.6
7849,60.8704,,89.5,,6.6
7850,60.8784,,90,,6.6
7851,60.8865,,91.5,,6.7
7852,60.8946,,93,,6.8
7853,60.9028,,92.6667,,6.66667
7854,60.911,,92.3333,,6.53333
7855,60.9192,,92,,6.4
7856,60.928,,92,,6.2
7857,60.9369,,92,,6
7858,60.9457,,92,,5.8
7859,60.9547,,91.6667,,6.13333
7860,60.9638,,91.3333,,6.46667
7861,60.9728,,91,,6.8
7862,60.9817,,90.6667,,6.8
7863,60.9906,,90.3333,,6.8
7864,60.9995,,90,,6.8
7865,61.0083,,90,,6.86667
7866,61.0171,,90,,6.93333
7867,61.026,,90,,7
7868,61.0346,,91,,7
7869,61.0432,,92,,7
7870,61.0518,,93,,7
7871,61.0604,,93,,7
7872,61.0691,,93,,7
7873,61.0778,,93,,7
7874,61.0863,,92.3333,,6.86667
7875,61.0948,,91.6667,,6.73333
7876,61.1033,,91,,6.6
7877,61.1119,,91,,6.46667
7878,61.1204,,91,,6.33333
7879,61.1289,,91,,6.2
7880,61.1374,,90.3333,,6.06667
7881,61.1458,,89.6667,,5.93333
7882,61.1543,,89,,5.8
7883,61.1628,,87.5,,5.6
7884,61.1712,,86,,5.4
7885,61.1796,,85.3333,,5.4
7886,61.188,,84.6667,,5.4
7887,61.1964,,84,,5.4
7888,61.2048,,84,,5.2
7889,61.2132,,84,,5
7890,61.2216,,84,,4.8
7891,61.2303,,84,,4.73333
7892,61.2389,,84,,4.66667
7893,61.2476,,84,,4.6
7894,61.2564,,84,,4.46667
7895,61.2652,,84,,4.33333
7896,61.274,,84,,4.2
7897,61.2829,,83.3333,,4.06667
7898,61.2919,,82.6667,,3.93333
7899,61.3008,,82,,3.8
7900,61.31,,81.6667,,3.73333
7901,61.3193,,81.3333,,3.66667
7902,61.3285,,81,,3.6
7903,61.3381,,81,,3.46667
7904,61.3476,,81,,3.33333
7905,61.3571,,81,,3.2
7906,61.3667,,81.3333,,3
7907,61.3763,,81.6667,,2.8
7908,61.3858,,82,,2.6
7909,61.3952,,84.3333,,2.13333
7910,61.4046,,86.6667,,1.66667
7911,61.414,,89,,1.2
7912,61.4234,,89.3333,,0.933333
7913,61.4328,,89.6667,,0.666667
7914,61.4421,,90,,0.4
7915,61.4515,,90,,0.4
7916,61.4609,,90,,0.4
7917,61.4702,,90,,0.4
7918,61.4797,,91.3333,,0.4
7919,61.4891,,92.6667,,0.4
7920,61.4985,,94,,0.4
7921,61.5079,,94,,0.6
7922,61.5173,,94,,0.8
7923,61.5266,,94,,1
7924,61.5359,,94,,1.26667
7925,61.5452,,94,,1.53333
7926,61.5544,,94,,1.8
7927,61.5636,,99,,2
7928,61.5726,,99,,1.8
7929,61.5817,,98.6667,,1.66667
7930,61.5908,,98.3333,,1.53333
7931,61.5998,,98,,1.4
7932,61.6088,,97.3333,,1.26667
7933,61.6178,,96.6667,,1.13333
7934,61.6267,,96,,1
7935,61.6356,,95.6667,,1.13333
7936,61.6445,,95.3333,,1.26667
7937,61.6533,,95,,1.4
7938,61.6621,,95,,1.53333
7939,61.6708,,95,,1.66667
7940,61.6795,,95,,1.8
7941,61.6883,,94.6667,,1.86667
7942,61.6971,,94.3333,,1.93333
7943,61.7058,,94,,2
7944,61.7146,,92.5,,2
7945,61.7234,,91,,2
7946,61.7322,,90.3333,,2
7947,61.741,,89.6667,,2
7948,61.7499,,89,,2
7949,61.7588,,89.6667,,2
7950,61.7677,,90.3333,,2
7951,61.7766,,91,,2
7952,61.7856,,92.5,,2
7953,61.7946,,94,,2
7954,61.8037,,94.3333,,1.93333
7955,61.8127,,94.6667,,1.86667
7956,61.8218,,95,,1.8
7957,61.8312,,96,,1.6
7958,61.8406,,97,,1.4
7959,61.85,,98,,1.2
7960,61.8599,,98.6667,,1.13333
7961,61.8697,,99.3333,,1.06667
7962,61.8796,,100,,1
7963,61.8897,,100.5,,0.9
7964,61.8999,,101,,0.8
7965,61.9103,,102,,0.8
7966,61.9206,,103,,0.8
7967,61.9313,,103,,0.8
7968,61.9419,,103,,0.8
7969,61.9526,,103,,0.7
7970,61.9633,,103,,0.6
7971,61.9741,,103,,0.6
7972,61.9848,,103,,0.6
7973,61.9956,,103,,0.7
7974,62.0063,,103,,0.8
7975,62.0171,,104.5,,0.8
7976,62.0278,,106,,0.8
7977,62.0385,,107.5,,0.7
7978,62.0493,,109,,0.6
7979,62.0599,,112,,0.6
7980,62.0705,,113.5,,0.6
7981,62.0811,,115,,0.6
7982,62.0916,,115.5,,0.6
7983,62.1021,,116,,0.6
7984,62.1124,,117,,0.6
7985,62.1227,,118,,0.6
7986,62.1329,,118,,0.5
7987,62.143,,118,,0.4
7988,62.1531,,118,,0.4
7989,62.1632,,118,,0.4
7990,62.1733,,117,,0.2
7991,62.1833,,116,,0
7992,62.1934,,113,,0.2
7993,62.2034,,111.5,,0.2
7994,62.2133,,110,,0.2
7995,62.2234,,109,,0.2
7996,62.2335,,108,,0.2
7997,62.2434,,107,,0.2
7998,62.2533,,106,,0.2
7999,62.2632,,105,,0.2
8000,62.2731,,105,,-0.0666667
8001,62.2829,,105,,-0.333333
8002,62.2928,,105,,-0.6
8003,62.3026,,103,,-0.8
8004,62.3124,,101,,-1
8005,62.3223,,100.333,,-1.2
8006,62.3322,,99.6667,,-1.4
8007,62.342,,99,,-1.6
8008,62.3521,,98.3333,,-2
8009,62.3621,,97.6667,,-2.4
8010,62.3721,,97,,-2.8
8011,62.3826,,96.5,,-3.2
8012,62.3931,,96,,-3.6
8013,62.4037,,96,,-4
8014,62.4144,,96,,-4.4
8015,62.4251,,95.5,,-4.7
8016,62.4359,,95,,-5
8017,62.4466,,94.5,,-5.1
8018,62.4573,,94,,-5.2
8019,62.4678,,93.5,,-5.2
8020,62.4783,,93,,-5.2
8021,62.4886,,93,,-4.8
8022,62.4988,,93,,-4.4
8023,62.5085,,92.3333,,-4.13333
8024,62.5181,,91.6667,,-3.86667
8025,62.5277,,91,,-3.6
8026,62.5371,,91,,-3.46667
8027,62.5465,,91,,-3.33333
8028,62.5558,,91,,-3.2
8029,62.5647,,90.3333,,-3
8030,62.5737,,89.6667,,-2.8
8031,62.5826,,89,,-2.6
8032,62.591,,87.5,,-2.4
8033,62.5995,,86,,-2.2
8034,62.6077,,85.3333,,-2.06667
8035,62.6158,,84.6667,,-1.93333
8036,62.6239,,84,,-1.8
8037,62.6321,,84,,-1.8
8038,62.6402,,84,,-1.8
8039,62.6483,,84,,-1.8
8040,62.6568,,84.3333,,-1.66667
8041,62.6652,,84.6667,,-1.53333
8042,62.6736,,85,,-1.4
8043,62.6822,,85,,-1.46667
8044,62.6907,,85,,-1.53333
8045,62.6992,,85,,-1.6
8046,62.7078,,88,,-1.6
8047,62.7164,,88.3333,,-1.53333
8048,62.725,,88.6667,,-1.46667
8049,62.7336,,89,,-1.4
8050,62.7422,,92,,-1.6
8051,62.7509,,92,,-1.46667
8052,62.7597,,92,,-1.33333
8053,62.7684,,92,,-1.2
8054,62.7772,,91,,-1.26667
8055,62.7859,,90,,-1.33333
8056,62.7947,,89,,-1.4
8057,62.8035,,88.6667,,-1.46667
8058,62.8122,,88.3333,,-1.53333
8059,62.821,,88,,-1.6
8060,62.8298,,88,,-1.46667
8061,62.8385,,88,,-1.33333
8062,62.8472,,88,,-1.2
8063,62.8562,,87.6667,,-1.2
8064,62.8652,,87.3333,,-1.2
8065,62.8742,,87,,-1.2
8066,62.8832,,86.3333,,-1.33333
8067,62.8923,,85.6667,,-1.46667
8068,62.9013,,85,,-1.6
8069,62.9105,,84.6667,,-1.53333
8070,62.9197,,84.3333,,-1.46667
8071,62.929,,84,,-1.4
8072,62.9381,,84,,-1.33333
8073,62.9473,,84,,-1.26667
8074,62.9565,,84,,-1.2
8075,62.9657,,84.3333,,-1.33333
8076,62.9748,,84.6667,,-1.46667
8077,62.984,,85,,-1.6
8078,62.9932,,85.3333,,-1.53333
8079,63.0025,,85.6667,,-1.46667
8080,63.0117,,86,,-1.4
8081,63.021,,85.6667,,-1.66667
8082,63.0303,,85.3333,,-1.93333
8083,63.0397,,85,,-2.2
8084,63.0494,,85,,-2.2
8085,63.0592,,85,,-2.2
8086,63.0689,,85,,-2.2
8087,63.0788,,84,,-2.4
8088,63.0886,,83,,-2.6
8089,63.0984,,82,,-2.8
8090,63.1085,,85,,-2.8
8091,63.1188,,85,,-2.9
8092,63.1291,,85,,-3
8093,63.1394,,84.5,,-3.2
8094,63.1496,,84,,-3.4
8095,63.16,,84,,-2.8
8096,63.1703,,84,,-2.2
8097,63.1805,,78,,-2
8098,63.1906,,78,,-2.4
8099,63.2004,,78,,-2.33333
8100,63.2103,,78,,-2.26667
8101,63.2201,,78,,-2.2
8102,63.2295,,78,,-2.2
8103,63.2389,,78,,-2.2
8104,63.2484,,78,,-2.2
8105,63.2576,,78,,-2.2
8106,63.2669,,78,,-2.2
8107,63.2761,,78,,-2.2
8108,63.285,,78.3333,,-2.13333
8109,63.2939,,78.6667,,-2.06667
8110,63.3028,,79,,-2
8111,63.3115,,79.3333,,-1.93333
8112,63.3202,,79.6667,,-1.86667
8113,63.3289,,80,,-1.8
8114,63.3376,,80,,-1.8
8115,63.3463,,80,,-1.8
8116,63.3549,,80,,-1.8
8117,63.3636,,80,,-1.86667
8118,63.3723,,80,,-1.93333
8119,63.381,,80,,-2
8120,63.3897,,79.6667,,-2.13333
8121,63.3985,,79.3333,,-2.26667
8122,63.4072,,79,,-2.4
8123,63.4161,,78.3333,,-2.53333
8124,63.425,,77.6667,,-2.66667
8125,63.434,,77,,-2.8
8126,63.4431,,77,,-2.86667
8127,63.4523,,77,,-2.93333
8128,63.4614,,77,,-3
8129,63.4706,,77,,-3.13333
8130,63.4797,,77,,-3.26667
8131,63.4889,,77,,-3.4
8132,63.4979,,77.3333,,-3.33333
8133,63.507,,77.6667,,-3.26667
8134,63.516,,78,,-3.2
8135,63.5252,,77.3333,,-3.2
8136,63.5343,,76.6667,,-3.2
8137,63.5435,,76,,-3.2
8138,63.5525,,77.5,,-3.1
8139,63.5615,,79,,-3
8140,63.5707,,79,,-2.86667
8141,63.5799,,79,,-2.73333
8142,63.589,,79,,-2.6
8143,63.598,,78.6667,,-2.53333
8144,63.607,,78.3333,,-2.46667
8145,63.6161,,78,,-2.4
8146,63.6251,,78.3333,,-2.4
8147,63.6342,,78.6667,,-2.4
8148,63.6432,,79,,-2.4
8149,63.6523,,79.6667,,-2.6
8150,63.6614,,80.3333,,-2.8
8151,63.6705,,81,,-3
8152,63.6796,,81.3333,,-3.2
8153,63.6887,,81.6667,,-3.4
8154,63.6978,,82,,-3.6
8155,63.7068,,81.3333,,-3.73333
8156,63.7157,,80.6667,,-3.86667
8157,63.7247,,80,,-4
8158,63.7339,,79.3333,,-4.2
8159,63.7431,,78.6667,,-4.4
8160,63.7524,,78,,-4.6
8161,63.7617,,77.6667,,-4.6
8162,63.7711,,77.3333,,-4.6
8163,63.7805,,77,,-4.6
8164,63.7897,,77,,-4.86667
8165,63.7989,,77,,-5.13333
8166,63.8081,,77,,-5.4
8167,63.8173,,77,,-5.4
8168,63.8264,,80,,-5.6
8169,63.8355,,80.6667,,-5.66667
8170,63.8445,,81.3333,,-5.73333
8171,63.8536,,82,,-5.8
8172,63.8627,,82,,-5.93333
8173,63.8718,,82,,-6.06667
8174,63.8809,,82,,-6.2
8175,63.8899,,82.6667,,-6.2
8176,63.899,,83.3333,,-6.2
8177,63.908,,84,,-6.2
8178,63.9171,,83.6667,,-6.13333
8179,63.9262,,83.3333,,-6.06667
8180,63.9353,,83,,-6
8181,63.9444,,85,,-6
8182,63.9536,,87,,-6
8183,63.9628,,87.6667,,-6.13333
8184,63.972,,88.3333,,-6.26667
8185,63.9813,,89,,-6.4
8186,63.9905,,89.6667,,-6.33333
8187,63.9998,,90.3333,,-6.26667
8188,64.0091,,91,,-6.2
8189,64.0186,,91.6667,,-6.2
8190,64.0281,,92.3333,,-6.2
8191,64.0376,,93,,-6.2
8192,64.0471,,94.5,,-6.2
8193,64.0565,,96,,-6.2
8194,64.0659,,96,,-6.13333
8195,64.0753,,96,,-6.06667
8196,64.0847,,96,,-6
8197,64.094,,96.6667,,-6.06667
8198,64.1034,,97.3333,,-6.13333
8199,64.1127,,98,,-6.2
8200,64.1221,,98,,-6.06667
8201,64.1314,,98,,-5.93333
8202,64.1407,,98,,-5.8
8203,64.1498,,99.5,,-5.8
8204,64.1589,,101,,-5.8
8205,64.1677,,101.333,,-5.66667
8206,64.1766,,101.667,,-5.53333
8207,64.1854,,102,,-5.4
8208,64.1939,,102,,-5.26667
8209,64.2023,,102,,-5.13333
8210,64.2107,,102,,-5
8211,64.2187,,101.667,,-4.86667
8212,64.2267,,101.333,,-4.73333
8213,64.2348,,101,,-4.6
8214,64.2427,,100.667,,-4.46667
8215,64.2507,,100.333,,-4.33333
8216,64.2586,,100,,-4.2
8217,64.2665,,99.6667,,-4.2
8218,64.2743,,99.3333,,-4.2
8219,64.2822,,99,,-4.2
8220,64.2903,,98,,-4.1
8221,64.2985,,97,,-4
8222,64.3069,,95.6667,,-3.8
8223,64.3154,,94.3333,,-3.6
8224,64.3238,,93,,-3.4
8225,64.3327,,93,,-3.6
8226,64.3417,,92,,-3.8
8227,64.3506,,92,,-3.66667
8228,64.3596,,92,,-3.53333
8229,64.3686,,92,,-3.4
8230,64.3768,,91.6667,,-3.4
8231,64.385,,91.3333,,-3.4
8232,64.3932,,91,,-3.4
8233,64.3987,,90.5,,-3.35
8234,64.4041,,90,,-3.3
8235,64.4096,,89.5,,-3.25
8236,64.415,,89,,-3.2
8237,64.4194,,89,,-3.2
8238,64.4238,,89,,-3.2
8239,64.4282,,89,,-3.2
8240,64.4326,,89,,-3.2
8241,64.437,,89,,-3.2
8242,64.4393,,89.3333,,-3.33333
8243,64.4416,,89.6667,,-3.46667
8244,64.4439,,90,,-3.6
8245,64.447,,90,,-3.8
8246,64.451,,88.5,,-3.7
8247,64.455,,87,,-3.6
8248,64.4598,,85,,-4
8249,64.4653,,84.6667,,-4.06667
8250,64.4708,,84.3333,,-4.13333
8251,64.4764,,84,,-4.2
8252,64.4814,,84,,-4.2
8253,64.4864,,84,,-4.2
8254,64.4915,,84,,-4.2
8255,64.4965,,84,,-4.2
8256,64.5008,,83.6667,,-4.2
8257,64.5052,,83.3333,,-4.2
8258,64.5096,,83,,-4.2
8259,64.5138,,82,,-4
8260,64.5181,,81.25,,-4.05
8261,64.5224,,80.5,,-4.1
8262,64.5267,,79.75,,-4.15
8263,64.531,,79,,-4.2
8264,64.5366,,79,,-4.15
8265,64.5421,,79,,-4.1
8266,64.5477,,79,,-4.05
8267,64.5532,,79,,-4
8268,64.5596,,80,,-4.2
8269,64.5663,,80,,-4.13333
8270,64.573,,80,,-4.06667
8271,64.5798,,80,,-4
8272,64.587,,80.3333,,-4
8273,64.5943,,80.6667,,-4
8274,64.6016,,81,,-4
8275,64.6092,,81.3333,,-4.06667
8276,64.6168,,81.6667,,-4.13333
8277,64.6243,,82,,-4.2
8278,64.6321,,81.3333,,-4.26667
8279,64.6399,,80.6667,,-4.33333
8280,64.6477,,80,,-4.4
8281,64.6556,,78.6667,,-4.33333
8282,64.6635,,77.3333,,-4.26667
8283,64.6714,,76,,-4.2
8284,64.6793,,77.3333,,-4.2
8285,64.6873,,78.6667,,-4.2
8286,64.6952,,80,,-4.2
8287,64.7031,,80.6667,,-4.26667
8288,64.711,,81.3333,,-4.33333
8289,64.7189,,82,,-4.4
8290,64.7267,,82,,-4.46667
8291,64.7345,,82,,-4.53333
8292,64.7422,,82,,-4.6
8293,64.7501,,82,,-4.73333
8294,64.7581,,82,,-4.86667
8295,64.766,,82,,-5
8296,64.7739,,82.3333,,-5.13333
8297,64.7819,,82.6667,,-5.26667
8298,64.7899,,83,,-5.4
8299,64.798,,82.6667,,-5.66667
8300,64.8062,,82.3333,,-5.93333
8301,64.8144,,82,,-6.2
8302,64.8226,,83,,-6.33333
8303,64.8308,,84,,-6.46667
8304,64.839,,85,,-6.6
8305,64.8473,,85.3333,,-6.46667
8306,64.8557,,85.6667,,-6.33333
8307,64.864,,86,,-6.2
8308,64.8723,,86.3333,,-6.13333
8309,64.8806,,86.6667,,-6.06667
8310,64.8889,,87,,-6
8311,64.8974,,86.6667,,-6
8312,64.9058,,86.3333,,-6
8313,64.9142,,86,,-6
8314,64.9225,,85.6667,,-6.2
8315,64.9308,,85.3333,,-6.4
8316,64.9391,,85,,-6.6
8317,64.9475,,84.6667,,-6.4
8318,64.9558,,84.3333,,-6.2
8319,64.9641,,84,,-6
8320,64.9726,,84,,-5.73333
8321,64.9811,,84,,-5.46667
8322,64.9896,,84,,-5.2
8323,64.9982,,92,,-5.2
8324,65.007,,92.6667,,-4.86667
8325,65.0157,,93.3333,,-4.53333
8326,65.0244,,94,,-4.2
8327,65.0329,,94.6667,,-4.26667
8328,65.0414,,95.3333,,-4.33333
8329,65.0499,,96,,-4.4
8330,65.0586,,96.3333,,-4.33333
8331,65.0673,,96.6667,,-4.26667
8332,65.0761,,97,,-4.2
8333,65.0845,,98.5,,-4.3
8334,65.093,,100,,-4.4
8335,65.1015,,100,,-4.46667
8336,65.11,,100,,-4.53333
8337,65.1185,,100,,-4.6
8338,65.127,,99.6667,,-4.53333
8339,65.1354,,99.3333,,-4.46667
8340,65.1439,,99,,-4.4
8341,65.1523,,96,,-4.4
8342,65.161,,94.5,,-4.3
8343,65.1696,,93,,-4.2
8344,65.1782,,91.5,,-4.1
8345,65.1868,,90,,-4
8346,65.1954,,89.6667,,-4.06667
8347,65.204,,89.3333,,-4.13333
8348,65.2126,,89,,-4.2
8349,65.2212,,89,,-4.33333
8350,65.2299,,89,,-4.46667
8351,65.2386,,89,,-4.6
8352,65.2473,,88,,-4.66667
8353,65.2559,,87,,-4.73333
8354,65.2646,,86,,-4.8
8355,65.2733,,84.5,,-4.9
8356,65.2821,,83,,-5
8357,65.2908,,83,,-5.06667
8358,65.2995,,83,,-5.13333
8359,65.3081,,83,,-5.2
8360,65.3168,,82.6667,,-5.2
8361,65.3255,,82.3333,,-5.2
8362,65.3341,,82,,-5.2
8363,65.3428,,82.5,,-5.3
8364,65.3515,,83,,-5.4
8365,65.3603,,83,,-5.8
8366,65.369,,83,,-6.2
8367,65.3778,,83,,-6.6
8368,65.3869,,83.3333,,-6.53333
8369,65.3961,,83.6667,,-6.46667
8370,65.4052,,84,,-6.4
8371,65.4142,,84,,-6.53333
8372,65.4233,,84,,-6.66667
8373,65.4323,,84,,-6.8
8374,65.4415,,84.3333,,-6.73333
8375,65.4507,,84.6667,,-6.66667
8376,65.4599,,85,,-6.6
8377,65.4692,,83.6667,,-6.6
8378,65.4786,,82.3333,,-6.6
8379,65.4879,,81,,-6.6
8380,65.4969,,81,,-6.4
8381,65.5059,,81,,-6.46667
8382,65.5149,,81,,-6.53333
8383,65.5238,,81,,-6.6
8384,65.5327,,81.3333,,-6.66667
8385,65.5416,,81.6667,,-6.73333
8386,65.5505,,82,,-6.8
8387,65.5597,,81.6667,,-6.6
8388,65.569,,81.3333,,-6.4
8389,65.5782,,81,,-6.2
8390,65.5873,,80.3333,,-5.93333
8391,65.5965,,79.6667,,-5.66667
8392,65.6056,,79,,-5.4
8393,65.6145,,79.3333,,-5.33333
8394,65.6233,,79.6667,,-5.26667
8395,65.6322,,80,,-5.2
8396,65.6411,,81.5,,-4.9
8397,65.65,,83,,-4.6
8398,65.6586,,83.3333,,-4.46667
8399,65.6672,,83.6667,,-4.33333
8400,65.6758,,84,,-4.2
8401,65.6845,,84,,-3.93333
8402,65.6932,,84,,-3.66667
8403,65.7019,,84,,-3.4
8404,65.7103,,86,,-3.3
8405,65.7188,,88,,-3.2
8406,65.7272,,89,,-3.06667
8407,65.7357,,90,,-2.93333
8408,65.7441,,91,,-2.8
8409,65.7525,,91,,-2.86667
8410,65.7609,,91,,-2.93333
8411,65.7693,,91,,-3
8412,65.7776,,91.6667,,-3.26667
8413,65.7859,,92.3333,,-3.53333
8414,65.7942,,93,,-3.8
8415,65.8026,,93.3333,,-3.73333
8416,65.8111,,93.6667,,-3.66667
8417,65.8195,,94,,-3.6
8418,65.8277,,92.6667,,-3.6
8419,65.836,,91.3333,,-3.6
8420,65.8443,,90,,-3.6
8421,65.8524,,88.5,,-3.6
8422,65.8606,,87,,-3.6
8423,65.8685,,85,,-3.6
8424,65.8765,,83,,-3.6
8425,65.8844,,82.3333,,-3.73333
8426,65.8923,,81.6667,,-3.86667
8427,65.9002,,81,,-4
8428,65.9084,,80.3333,,-4.13333
8429,65.9165,,79.6667,,-4.26667
8430,65.9246,,79,,-4.4
8431,65.9328,,78,,-4.46667
8432,65.9409,,77,,-4.53333
8433,65.9491,,76,,-4.6
8434,65.9573,,76,,-4.93333
8435,65.9656,,76,,-5.26667
8436,65.9738,,76,,-5.6
8437,65.9823,,77,,-5.4
8438,65.9907,,78,,-5.2
8439,65.9991,,79,,-5
8440,66.0075,,79,,-5
8441,66.016,,79,,-5
8442,66.0244,,79,,-5
8443,66.0329,,79,,-5.2
8444,66.0414,,79,,-5.13333
8445,66.0499,,79,,-5.06667
8446,66.0584,,79,,-5
8447,66.0668,,78,,-5.2
8448,66.0755,,80,,-4.6
8449,66.0838,,80,,-4.53333
8450,66.0921,,80,,-4.46667
8451,66.1004,,80,,-4.4
8452,66.1089,,83.5,,-4.3
8453,66.1174,,87,,-4.2
8454,66.1259,,88.3333,,-4.06667
8455,66.1345,,89.6667,,-3.93333
8456,66.143,,91,,-3.8
8457,66.1515,,91.3333,,-3.86667
8458,66.1601,,91.6667,,-3.93333
8459,66.1687,,92,,-4
8460,66.1774,,93,,-3.93333
8461,66.1861,,94,,-3.86667
8462,66.1949,,95,,-3.8
8463,66.2035,,95,,-3.73333
8464,66.212,,95,,-3.66667
8465,66.2206,,95,,-3.6
8466,66.2289,,95,,-3.4
8467,66.2371,,95,,-3.2
8468,66.2454,,95,,-3
8469,66.2534,,104,,-3
8470,66.2615,,104.667,,-2.93333
8471,66.2697,,105.333,,-2.86667
8472,66.2779,,106,,-2.8
8473,66.2863,,106.333,,-2.66667
8474,66.2947,,106.667,,-2.53333
8475,66.303,,107,,-2.4
8476,66.3115,,107.667,,-2.33333
8477,66.3199,,108.333,,-2.26667
8478,66.3283,,109,,-2.2
8479,66.3369,,109,,-2.06667
8480,66.3454,,109,,-1.93333
8481,66.354,,109,,-1.8
8482,66.3626,,109.667,,-1.8
8483,66.3713,,110.333,,-1.8
8484,66.3799,,111,,-1.8
8485,66.3887,,111,,-1.86667
8486,66.3974,,111,,-1.93333
8487,66.4062,,111,,-2
8488,66.415,,111,,-1.93333
8489,66.4238,,111,,-1.86667
8490,66.4326,,111,,-1.8
8491,66.4415,,111.333,,-1.66667
8492,66.4503,,111.667,,-1.53333
8493,66.4591,,112,,-1.4
8494,66.468,,112,,-1.2
8495,66.4766,,112,,-1.2
8496,66.4853,,112,,-1.2
8497,66.494,,112,,-1.2
8498,66.5028,,114,,-1
8499,66.5116,,116,,-0.8
8500,66.5203,,116.333,,-0.666667
8501,66.529,,116.667,,-0.533333
8502,66.5377,,117,,-0.4
8503,66.5463,,117,,-0.533333
8504,66.5549,,117,,-0.666667
8505,66.5635,,117,,-0.8
8506,66.5721,,117,,-0.8
8507,66.5808,,117,,-0.8
8508,66.5894,,117,,-0.8
8509,66.5982,,116,,-0.866667
8510,66.6069,,115,,-0.933333
8511,66.6157,,114,,-1
8512,66.6244,,113.667,,-0.933333
8513,66.633,,113.333,,-0.866667
8514,66.6417,,113,,-0.8
8515,66.6503,,112.667,,-0.666667
8516,66.6589,,112.333,,-0.533333
8517,66.6675,,112,,-0.4
8518,66.6761,,109,,-0.4
8519,66.6847,,106,,-0.4
8520,66.6933,,104.5,,-0.5
8521,66.7019,,103,,-0.6
8522,66.7106,,101.333,,-0.466667
8523,66.7192,,99.6667,,-0.333333
8524,66.7279,,98,,-0.2
8525,66.7364,,97.6667,,-0.2
8526,66.7449,,97.3333,,-0.2
8527,66.7533,,97,,-0.2
8528,66.7616,,97,,-0.133333
8529,66.7699,,97,,-0.0666667
8530,66.7782,,97,,0
8531,66.7865,,96.6667,,0.0666667
8532,66.7947,,96.3333,,0.133333
8533,66.8029,,96,,0.2
8534,66.811,,96,,0.3
8535,66.8191,,96,,0.4
8536,66.8269,,96,,0.533333
8537,66.8348,,96,,0.666667
8538,66.8426,,96,,0.8
8539,66.8503,,94.5,,0.9
8540,66.858,,93,,1
8541,66.8657,,90,,1.2
8542,66.8733,,89.3333,,1.33333
8543,66.8809,,88.6667,,1.46667
8544,66.8885,,88,,1.6
8545,66.8963,,88,,1.73333
8546,66.9042,,88,,1.86667
8547,66.912,,88,,2
8548,66.9204,,87.6667,,1.86667
8549,66.9287,,87.3333,,1.73333
8550,66.9371,,87,,1.6
8551,66.9458,,81,,1.4
8552,66.9548,,80,,1.26667
8553,66.9637,,79,,1.13333
8554,66.9726,,78,,1
8555,66.9815,,76.6667,,1
8556,66.9904,,75.3333,,1
8557,66.9993,,74,,1
8558,67.0082,,73.3333,,1.06667
8559,67.0171,,72.6667,,1.13333
8560,67.026,,72,,1.2
8561,67.0349,,70.5,,1.2
8562,67.0438,,69,,1.2
8563,67.0526,,68.6667,,1.13333
8564,67.0614,,68.3333,,1.06667
8565,67.0702,,68,,1
8566,67.079,,68.3333,,1.13333
8567,67.0877,,68.6667,,1.26667
8568,67.0965,,69,,1.4
8569,67.1051,,69,,1.46667
8570,67.1138,,69,,1.53333
8571,67.1225,,69,,1.6
8572,67.1312,,69,,1.66667
8573,67.14,,69,,1.73333
8574,67.1487,,69,,1.8
8575,67.1574,,70,,1.73333
8576,67.1661,,71,,1.66667
8577,67.1748,,72,,1.6
8578,67.1834,,72,,1.66667
8579,67.192,,72,,1.73333
8580,67.2006,,72,,1.8
8581,67.2092,,73,,1.8
8582,67.2178,,74,,1.8
8583,67.2264,,75,,1.8
8584,67.2348,,74.3333,,1.8
8585,67.2433,,73.6667,,1.8
8586,67.2518,,73,,1.8
8587,67.2603,,73,,1.93333
8588,67.2687,,73,,2.06667
8589,67.2772,,73,,2.2
8590,67.2852,,73,,2.13333
8591,67.2931,,73,,2.06667
8592,67.301,,73,,2
8593,67.3084,,73,,2.2
8594,67.3153,,71,,2.3
8595,67.3223,,69,,2.4
8596,67.3264,,68.8,,2.36
8597,67.3305,,68.6,,2.32
8598,67.3346,,68.4,,2.28
8599,67.3387,,68.2,,2.24
8600,67.3428,,68,,2.2
8601,67.3443,,68,,2.2
8602,67.3458,,68,,2.2
8603,67.3473,,68,,2.2
8604,67.349,,68,,2.2
8605,67.3506,,68,,2.2
8606,67.3522,,68,,2.2
8607,67.3539,,68,,2.2
8608,67.3555,,68,,2.2
8609,67.3572,,68,,2.2
8610,67.3588,,68,,2.2
8611,67.3604,,68,,2.2
8612,67.3621,,68,,2.2
8613,67.3637,,68,,2.2
8614,67.3654,,68,,2.2
8615,67.367,,68,,2.2
8616,67.3686,,68,,2.2
8617,67.3703,,68,,2.2
8618,67.3753,,68,,2.2
8619,67.3811,,68.25,,2.2
8620,67.387,,68.5,,2.2
8621,67.3929,,68.75,,2.2
8622,67.3987,,69,,2.2
8623,67.4055,,68,,2.2
8624,67.4123,,67,,2.2
8625,67.4196,,67,,2.13333
8626,67.4269,,67,,2.06667
8627,67.4342,,67,,2
8628,67.4422,,67,,2.06667
8629,67.4502,,67,,2.13333
8630,67.4582,,67,,2.2
8631,67.4663,,67.3333,,2.13333
8632,67.4744,,67.6667,,2.06667
8633,67.4825,,68,,2
8634,67.4903,,69,,2
8635,67.4981,,70,,2
8636,67.506,,71,,2
8637,67.5138,,71.6667,,2.06667
8638,67.5217,,72.3333,,2.13333
8639,67.5296,,73,,2.2
8640,67.5374,,73.6667,,2.2
8641,67.5452,,74.3333,,2.2
8642,67.5531,,75,,2.2
8643,67.5608,,74.6667,,2.2
8644,67.5686,,74.3333,,2.2
8645,67.5764,,74,,2.2
8646,67.5845,,73.6667,,2.26667
8647,67.5927,,73.3333,,2.33333
8648,67.6009,,73,,2.4
8649,67.6096,,73,,2.4
8650,67.6182,,73,,2.4
8651,67.6269,,73,,2.4
8652,67.6357,,73,,2.6
8653,67.6445,,73,,2.8
8654,67.6534,,73,,3
8655,67.6626,,74.3333,,3
8656,67.6718,,75.6667,,3
8657,67.681,,77,,3
8658,67.6899,,77.6667,,3
8659,67.6989,,78.3333,,3
8660,67.7078,,79,,3
8661,67.7166,,79,,3
8662,67.7252,,78.3333,,3
8663,67.7339,,77.6667,,3
8664,67.7425,,77,,3
8665,67.7512,,76,,2.8
8666,67.7596,,75.6667,,2.8
8667,67.768,,75.3333,,2.8
8668,67.7764,,75,,2.8
8669,67.7843,,74.3333,,2.86667
8670,67.7921,,73.6667,,2.93333
8671,67.8,,73,,3
8672,67.8079,,71.5,,3
8673,67.8158,,70,,3
8674,67.824,,69.6667,,3.06667
8675,67.8323,,69.3333,,3.13333
8676,67.8405,,69,,3.2
8677,67.849,,68.3333,,3.2
8678,67.8574,,67.6667,,3.2
8679,67.8659,,67,,3.2
8680,67.8743,,67,,3.26667
8681,67.8828,,67,,3.33333
8682,67.8912,,67,,3.4
8683,67.8997,,67,,3.4
8684,67.9083,,67,,3.4
8685,67.9169,,67,,3.4
8686,67.9257,,67,,3.4
8687,67.9345,,67,,3.4
8688,67.9434,,67,,3.4
8689,67.9523,,67,,3.46667
8690,67.9613,,67,,3.53333
8691,67.9702,,67,,3.6
8692,67.9791,,66.6667,,3.73333
8693,67.988,,66.3333,,3.86667
8694,67.9969,,66,,4
8695,68.0057,,66,,4.06667
8696,68.0146,,66,,4.13333
8697,68.0234,,66,,4.2
8698,68.0321,,66,,4.2
8699,68.0408,,66,,4.2
8700,68.0495,,66,,4.2
8701,68.058,,66.6667,,4.2
8702,68.0666,,67.3333,,4.2
8703,68.0752,,68,,4.2
8704,68.0837,,72,,4.4
8705,68.0923,,72.6667,,4.4
8706,68.1008,,73.3333,,4.4
8707,68.1094,,74,,4.4
8708,68.1179,,79.5,,4.5
8709,68.1265,,85,,4.6
8710,68.135,,85,,4.6
8711,68.1434,,85,,4.66667
8712,68.1518,,85,,4.73333
8713,68.1602,,85,,4.8
8714,68.1687,,84.6667,,4.86667
8715,68.1772,,84.3333,,4.93333
8716,68.1857,,84,,5
8717,68.1942,,84,,5.06667
8718,68.2028,,84,,5.13333
8719,68.2113,,84,,5.2
8720,68.22,,84.3333,,5.33333
8721,68.2287,,84.6667,,5.46667
8722,68.2374,,85,,5.6
8723,68.2463,,85.6667,,5.73333
8724,68.2551,,86.3333,,5.86667
8725,68.264,,87,,6
8726,68.2729,,91,,6
8727,68.2818,,91,,6.2
8728,68.2909,,91,,6.2
8729,68.2999,,91,,6.2
8730,68.3089,,91,,6.2
8731,68.318,,91,,6.26667
8732,68.3271,,91,,6.33333
8733,68.3362,,91,,6.4
8734,68.3455,,91.3333,,6.4
8735,68.3548,,91.6667,,6.4
8736,68.3641,,92,,6.4
8737,68.3734,,93,,6.46667
8738,68.3826,,94,,6.53333
8739,68.3919,,95,,6.6
8740,68.4009,,95,,6.6
8741,68.4099,,95,,6.6
8742,68.4189,,95,,6.6
8743,68.4277,,94.6667,,6.6
8744,68.4366,,94.3333,,6.6
8745,68.4454,,94,,6.6
8746,68.4542,,93.3333,,6.73333
8747,68.4629,,92.6667,,6.86667
8748,68.4717,,92,,7
8749,68.4804,,91.6667,,7
8750,68.4892,,91.3333,,7
8751,68.4979,,91,,7
8752,68.5068,,90.3333,,7
8753,68.5157,,89.6667,,7
8754,68.5245,,89,,7
8755,68.5334,,89,,7
8756,68.5423,,89,,7
8757,68.5513,,88.3333,,7
8758,68.5604,,87.6667,,7
8759,68.5694,,87,,7
8760,68.5781,,87,,7
8761,68.5868,,87,,7
8762,68.5955,,87,,7
8763,68.604,,87,,7.06667
8764,68.6125,,87,,7.13333
8765,68.6211,,87,,7.2
8766,68.6295,,86.6667,,7.13333
8767,68.638,,86.3333,,7.06667
8768,68.6465,,86,,7
8769,68.655,,86.3333,,7
8770,68.6635,,86.6667,,7
8771,68.6719,,87,,7
8772,68.6803,,86.3333,,7
8773,68.6887,,85.6667,,7
8774,68.6971,,85,,7
8775,68.7055,,83,,6.9
8776,68.7138,,81,,6.8
8777,68.7222,,82,,6.86667
8778,68.7306,,83,,6.93333
8779,68.739,,84,,7
8780,68.7473,,84.3333,,6.93333
8781,68.7556,,84.6667,,6.86667
8782,68.764,,85,,6.8
8783,68.7722,,85.6667,,6.86667
8784,68.7804,,86.3333,,6.93333
8785,68.7886,,87,,7
8786,68.7966,,87.3333,,7
8787,68.8046,,87.6667,,7
8788,68.8126,,88,,7
8789,68.8204,,88,,7
8790,68.8278,,87.6667,,7
8791,68.8351,,87.3333,,7
8792,68.8425,,87,,7
8793,68.8488,,87,,7
8794,68.855,,87,,6.7
8795,68.8611,,87,,6.4
8796,68.8673,,87,,6.1
8797,68.8734,,87,,5.8
8798,68.8798,,86.5,,5.85
8799,68.8863,,86,,5.9
8800,68.8927,,85.5,,5.95
8801,68.8991,,85,,6
8802,68.9056,,84.6667,,5.93333
8803,68.9121,,84.3333,,5.86667
8804,68.9185,,84,,5.8
8805,68.925,,84.5,,5.8
8806,68.9314,,85,,5.8
8807,68.9378,,85.5,,5.8
8808,68.9442,,86,,5.8
8809,68.9505,,86.25,,5.85
8810,68.9568,,86.5,,5.9
8811,68.9631,,86.75,,5.95
8812,68.9694,,87,,6
8813,68.9755,,87,,6
8814,68.9814,,87.5,,6.1
8815,68.9874,,88,,6.2
8816,68.993,,89,,6.33333
8817,68.9987,,90,,6.46667
8818,69.0044,,91,,6.6
8819,69.0104,,91,,6.7
8820,69.0164,,91,,6.8
8821,69.0226,,91.25,,6.75
8822,69.0287,,91.5,,6.7
8823,69.0349,,91.75,,6.65
8824,69.0411,,92,,6.6
8825,69.0473,,93,,6.6
8826,69.0536,,94,,6.6
8827,69.0598,,95,,6.6
8828,69.066,,95.25,,6.65
8829,69.0722,,95.5,,6.7
8830,69.0783,,95.75,,6.75
8831,69.0845,,96,,6.8
8832,69.0908,,96.25,,6.85
8833,69.0972,,96.5,,6.9
8834,69.1035,,96.75,,6.95
8835,69.1098,,97,,7
8836,69.1159,,97.25,,6.95
8837,69.1221,,97.5,,6.9
8838,69.1282,,97.75,,6.85
8839,69.1343,,98,,6.8
8840,69.1402,,99,,6.7
8841,69.1461,,100,,6.6
8842,69.1519,,100,,6.6
8843,69.1578,,100,,6.6
8844,69.1636,,100,,6.6
8845,69.1695,,100,,6.6
8846,69.1751,,100.5,,6.7
8847,69.1807,,101,,6.8
8848,69.1866,,100.5,,6.7
8849,69.1925,,100,,6.6
8850,69.1984,,99.5,,6.5
8851,69.2043,,99,,6.4
8852,69.2102,,98.25,,6.55
8853,69.2161,,97.5,,6.7
8854,69.222,,96.75,,6.85
8855,69.228,,96,,7
8856,69.2337,,94.5,,7.1
8857,69.2395,,93,,7.2
8858,69.2451,,92,,7.4
8859,69.2484,,91.1667,,7.43333
8860,69.2518,,90.3333,,7.46667
8861,69.2552,,89.5,,7.5
8862,69.2585,,88.6667,,7.53333
8863,69.2619,,87.8333,,7.56667
8864,69.2652,,87,,7.6
8865,69.2708,,86.75,,7.3
8866,69.2763,,86.5,,7
8867,69.2818,,86.25,,6.7
8868,69.2873,,86,,6.4
8869,69.2935,,86.25,,6.3
8870,69.2996,,86.5,,6.2
8871,69.3057,,86.75,,6.1
8872,69.3118,,87,,6
8873,69.318,,87.3333,,6.06667
8874,69.3242,,87.6667,,6.13333
8875,69.3303,,88,,6.2
8876,69.3363,,88,,6.3
8877,69.3422,,88,,6.4
8878,69.3482,,88,,6.5
8879,69.3541,,88,,6.6
8880,69.3603,,88.5,,6.8
8881,69.3666,,89,,7
8882,69.3727,,89,,7
8883,69.3788,,89,,7
8884,69.385,,89,,7
8885,69.3911,,89,,7
8886,69.3969,,88.75,,7.1
8887,69.4027,,88.5,,7.2
8888,69.4085,,88.25,,7.3
8889,69.4143,,88,,7.4
8890,69.42,,88.6667,,7.46667
8891,69.4256,,89.3333,,7.53333
8892,69.4313,,90,,7.6
8893,69.4368,,90.25,,7.65
8894,69.4424,,90.5,,7.7
8895,69.4479,,90.75,,7.75
8896,69.4535,,91,,7.8
8897,69.4587,,90.75,,7.85
8898,69.4639,,90.5,,7.9
8899,69.4692,,90.25,,7.95
8900,69.4744,,90,,8
8901,69.4793,,89.5,,8
8902,69.4842,,89,,8
8903,69.4889,,88.8,,8.08
8904,69.4937,,88.6,,8.16
8905,69.4985,,88.4,,8.24
8906,69.5032,,88.2,,8.32
8907,69.508,,88,,8.4
8908,69.5127,,87.6,,8.4
8909,69.5174,,87.2,,8.4
8910,69.522,,86.8,,8.4
8911,69.5267,,86.4,,8.4
8912,69.5314,,86,,8.4
8913,69.536,,87,,8.4
8914,69.5406,,88,,8.4
8915,69.5452,,89,,8.4
8916,69.5496,,88.75,,8.5
8917,69.5539,,88.5,,8.6
8918,69.5583,,88.25,,8.7
8919,69.5627,,88,,8.8
8920,69.5671,,88,,9.04
8921,69.5715,,88,,9.28
8922,69.5759,,88,,9.52
8923,69.5804,,88,,9.76
8924,69.5848,,88,,10
8925,69.5891,,87.8,,10.12
8926,69.5933,,87.6,,10.24
8927,69.5976,,87.4,,10.36
8928,69.6019,,87.2,,10.48
8929,69.6061,,87,,10.6
8930,69.6105,,87,,10.6
8931,69.6118,,86.8571,,10.6
8932,69.6131,,86.7143,,10.6
8933,69.6144,,86.5714,,10.6
8934,69.6158,,86.4286,,10.6
8935,69.6171,,86.2857,,10.6
8936,69.6184,,86.1429,,10.6
8937,69.6197,,86,,10.6
8938,69.621,,85.8571,,10.6
8939,69.6223,,85.7143,,10.6
8940,69.6236,,85.5714,,10.6
8941,69.6249,,85.4286,,10.6
8942,69.6262,,85.2857,,10.6
8943,69.6275,,85.1429,,10.6
8944,69.6288,,85,,10.6
