secs,km,power,hr,cad,alt
0,0,,59,,75.4
1,0.00112,,60,,75.4667
2,0.00224,,61,,75.5333
3,0.00336,,62,,75.6
4,0.00476,,65,,75.6
5,0.007438,,65.8,,75.76
6,0.010116,,66.6,,75.92
7,0.012794,,67.4,,76.08
8,0.015472,,68.2,,76.24
9,0.01815,,69,,76.4
10,0.02123,,71,,76.5
11,0.02431,,73,,76.6
12,0.027305,,75,,76.7
13,0.0303,,77,,76.8
14,0.03331,,79,,77
15,0.03632,,81,,77.2
16,0.039265,,83,,77.4
17,0.04221,,85,,77.6
18,0.04528,,86,,77.6
19,0.048195,,87.5,,77.8
20,0.05111,,89,,78
21,0.05402,,89.6667,,78.2667
22,0.05693,,90.3333,,78.5333
23,0.05984,,91,,78.8
24,0.062446,,91.4,,79.04
25,0.065052,,91.8,,79.28
26,0.067658,,92.2,,79.52
27,0.070264,,92.6,,79.76
28,0.07287,,93,,80
29,0.0752575,,93.75,,80.15
30,0.077645,,94.5,,80.3
31,0.0800325,,95.25,,80.45
32,0.08242,,96,,80.6
33,0.0851867,,97,,80.6
34,0.0879533,,98,,80.6
35,0.09072,,99,,80.6
36,0.09372,,100,,80.6
37,0.09672,,101,,80.6
38,0.09972,,102,,80.6
39,0.102833,,102.75,,80.6
40,0.105945,,103.5,,80.6
41,0.109058,,104.25,,80.6
42,0.11217,,105,,80.6
43,0.115238,,105.5,,80.6333
44,0.118307,,106,,80.6667
45,0.121375,,106.5,,80.7
46,0.124443,,107,,80.7333
47,0.127512,,107.5,,80.7667
48,0.13058,,108,,80.8
49,0.133763,,108.25,,80.8
50,0.136945,,108.5,,80.8
51,0.140127,,108.75,,80.8
52,0.14331,,109,,80.8
53,0.146419,,109.286,,80.8286
54,0.149527,,109.571,,80.8571
55,0.152636,,109.857,,80.8857
56,0.155744,,110.143,,80.9143
57,0.158853,,110.429,,80.9429
58,0.161961,,110.714,,80.9714
59,0.16507,,111,,81
60,0.168687,,111.167,,81.0333
61,0.172303,,111.333,,81.0667
62,0.17592,,111.5,,81.1
63,0.179537,,111.667,,81.1333
64,0.183153,,111.833,,81.1667
65,0.18677,,112,,81.2
66,0.190207,,112.167,,81.2
67,0.193643,,112.333,,81.2
68,0.19708,,112.5,,81.2
69,0.200517,,112.667,,81.2
70,0.203953,,112.833,,81.2
71,0.20739,,113,,81.2
72,0.210686,,113,,81.2
73,0.213981,,113,,81.2
74,0.217277,,113,,81.2
75,0.220573,,113,,81.2
76,0.223869,,113,,81.2
77,0.227164,,113,,81.2
78,0.23046,,113,,81.2
79,0.23376,,112.857,,81.2286
80,0.23706,,112.714,,81.2571
81,0.24036,,112.571,,81.2857
82,0.24366,,112.429,,81.3143
83,0.24696,,112.286,,81.3429
84,0.25026,,112.143,,81.3714
85,0.25356,,112,,81.4
86,0.256776,,111.857,,81.4286
87,0.259991,,111.714,,81.4571
88,0.263207,,111.571,,81.4857
89,0.266423,,111.429,,81.5143
90,0.269639,,111.286,,81.5429
91,0.272854,,111.143,,81.5714
92,0.27607,,111,,81.6
93,0.279217,,111,,81.6286
94,0.282364,,111,,81.6571
95,0.285511,,111,,81.6857
96,0.288659,,111,,81.7143
97,0.291806,,111,,81.7429
98,0.294953,,111,,81.7714
99,0.2981,,111,,81.8
100,0.301193,,110.857,,81.7429
101,0.304286,,110.714,,81.6857
102,0.307379,,110.571,,81.6286
103,0.310471,,110.429,,81.5714
104,0.313564,,110.286,,81.5143
105,0.316657,,110.143,,81.4571
106,0.31975,,110,,81.4
107,0.322483,,109,,81.6
108,0.325217,,108,,81.8
109,0.32795,,107,,82
110,0.33076,,107,,82
111,0.334013,,106.857,,82.0857
112,0.337266,,106.714,,82.1714
113,0.340519,,106.571,,82.2571
114,0.343771,,106.429,,82.3429
115,0.347024,,106.286,,82.4286
116,0.350277,,106.143,,82.5143
117,0.35353,,106,,82.6
118,0.356776,,106.6,,82.64
119,0.360022,,107.2,,82.68
120,0.363268,,107.8,,82.72
121,0.366514,,108.4,,82.76
122,0.36976,,109,,82.8
123,0.372793,,109,,82.8667
124,0.375827,,109,,82.9333
125,0.37886,,109,,83
126,0.3817,,110,,83.2
127,0.384515,,110.25,,83.3
128,0.38733,,110.5,,83.4
129,0.390145,,110.75,,83.5
130,0.39296,,111,,83.6
131,0.395775,,111.25,,83.7
132,0.39859,,111.5,,83.8
133,0.401405,,111.75,,83.9
134,0.40422,,112,,84
135,0.407045,,112,,84.05
136,0.40987,,112,,84.1
137,0.412695,,112,,84.15
138,0.41552,,112,,84.2
139,0.418626,,112,,84.2571
140,0.421731,,112,,84.3143
141,0.424837,,112,,84.3714
142,0.427943,,112,,84.4286
143,0.431049,,112,,84.4857
144,0.434154,,112,,84.5429
145,0.43726,,112,,84.6
146,0.44029,,112.143,,84.6571
147,0.44332,,112.286,,84.7143
148,0.44635,,112.429,,84.7714
149,0.44938,,112.571,,84.8286
150,0.45241,,112.714,,84.8857
151,0.45544,,112.857,,84.9429
152,0.45847,,113,,85
153,0.46153,,113,,85
154,0.46459,,113,,85
155,0.46765,,113,,85
156,0.47071,,113,,85
157,0.47377,,113,,85
158,0.47683,,113,,85
159,0.479856,,113.143,,85.0571
160,0.482881,,113.286,,85.1143
161,0.485907,,113.429,,85.1714
162,0.488933,,113.571,,85.2286
163,0.491959,,113.714,,85.2857
164,0.494984,,113.857,,85.3429
165,0.49801,,114,,85.4
166,0.500613,,114,,85.45
167,0.503215,,114,,85.5
168,0.505818,,114,,85.55
169,0.50842,,114,,85.6
170,0.511023,,114,,85.65
171,0.513625,,114,,85.7
172,0.516228,,114,,85.75
173,0.51883,,114,,85.8
174,0.521956,,113.857,,85.8571
175,0.525081,,113.714,,85.9143
176,0.528207,,113.571,,85.9714
177,0.531333,,113.429,,86.0286
178,0.534459,,113.286,,86.0857
179,0.537584,,113.143,,86.1429
180,0.54071,,113,,86.2
181,0.543675,,113,,86.2
182,0.54664,,113,,86.2
183,0.549593,,113,,86.2571
184,0.552546,,113,,86.3143
185,0.555499,,113,,86.3714
186,0.558451,,113,,86.4286
187,0.561404,,113,,86.4857
188,0.564357,,113,,86.5429
189,0.56731,,113,,86.6
190,0.570479,,113,,86.6571
191,0.573647,,113,,86.7143
192,0.576816,,113,,86.7714
193,0.579984,,113,,86.8286
194,0.583153,,113,,86.8857
195,0.586321,,113,,86.9429
196,0.58949,,113,,87
197,0.593073,,113,,87.1
198,0.596655,,113,,87.2
199,0.600237,,113,,87.3
200,0.60382,,113,,87.4
201,0.607417,,112.833,,87.5
202,0.611013,,112.667,,87.6
203,0.61461,,112.5,,87.7
204,0.618207,,112.333,,87.8
205,0.621803,,112.167,,87.9
206,0.6254,,112,,88
207,0.62879,,112.2,,88.08
208,0.63218,,112.4,,88.16
209,0.63557,,112.6,,88.24
210,0.63896,,112.8,,88.32
211,0.64235,,113,,88.4
212,0.645591,,113.143,,88.4857
213,0.648833,,113.286,,88.5714
214,0.652074,,113.429,,88.6571
215,0.655316,,113.571,,88.7429
216,0.658557,,113.714,,88.8286
217,0.661799,,113.857,,88.9143
218,0.66504,,114,,89
219,0.668512,,114.2,,89.08
220,0.671984,,114.4,,89.16
221,0.675456,,114.6,,89.24
222,0.678928,,114.8,,89.32
223,0.6824,,115,,89.4
224,0.685893,,115.167,,89.5
225,0.689387,,115.333,,89.6
226,0.69288,,115.5,,89.7
227,0.696373,,115.667,,89.8
228,0.699867,,115.833,,89.9
229,0.70336,,116,,90
230,0.706967,,116.333,,90.1333
231,0.710573,,116.667,,90.2667
232,0.71418,,117,,90.4
233,0.71741,,117.143,,90.4857
234,0.72064,,117.286,,90.5714
235,0.72387,,117.429,,90.6571
236,0.7271,,117.571,,90.7429
237,0.73033,,117.714,,90.8286
238,0.73356,,117.857,,90.9143
239,0.73679,,118,,91
240,0.740066,,118,,91.0286
241,0.743341,,118,,91.0571
242,0.746617,,118,,91.0857
243,0.749893,,118,,91.1143
244,0.753169,,118,,91.1429
245,0.756444,,118,,91.1714
246,0.75972,,118,,91.2
247,0.763075,,117.833,,91.1667
248,0.76643,,117.667,,91.1333
249,0.769785,,117.5,,91.1
250,0.77314,,117.333,,91.0667
251,0.776495,,117.167,,91.0333
252,0.77985,,117,,91
253,0.783203,,116.833,,90.9667
254,0.786557,,116.667,,90.9333
255,0.78991,,116.5,,90.9
256,0.793263,,116.333,,90.8667
257,0.796617,,116.167,,90.8333
258,0.79997,,116,,90.8
259,0.803224,,115.714,,90.7429
260,0.806479,,115.429,,90.6857
261,0.809733,,115.143,,90.6286
262,0.812987,,114.857,,90.5714
263,0.816241,,114.571,,90.5143
264,0.819496,,114.286,,90.4571
265,0.82275,,114,,90.4
266,0.825823,,113.857,,90.2571
267,0.828896,,113.714,,90.1143
268,0.831969,,113.571,,89.9714
269,0.835041,,113.429,,89.8286
270,0.838114,,113.286,,89.6857
271,0.841187,,113.143,,89.5429
272,0.84426,,113,,89.4
273,0.847567,,113,,89.3333
274,0.850873,,113,,89.2667
275,0.85418,,113,,89.2
276,0.857555,,112.833,,89.1333
277,0.86093,,112.667,,89.0667
278,0.864305,,112.5,,89
279,0.86768,,112.333,,88.9333
280,0.871055,,112.167,,88.8667
281,0.87443,,112,,88.8
282,0.877828,,112.167,,88.8333
283,0.881227,,112.333,,88.8667
284,0.884625,,112.5,,88.9
285,0.888023,,112.667,,88.9333
286,0.891422,,112.833,,88.9667
287,0.89482,,113,,89
288,0.898084,,113,,89.0286
289,0.901349,,113,,89.0571
290,0.904613,,113,,89.0857
291,0.907877,,113,,89.1143
292,0.911141,,113,,89.1429
293,0.914406,,113,,89.1714
294,0.91767,,113,,89.2
295,0.920586,,113,,89.3143
296,0.923501,,113,,89.4286
297,0.926417,,113,,89.5429
298,0.929333,,113,,89.6571
299,0.932249,,113,,89.7714
300,0.935164,,113,,89.8857
301,0.93808,,113,,90
302,0.941213,,114.667,,90.1333
303,0.944347,,116.333,,90.2667
304,0.94748,,118,,90.4
305,0.95033,,118,,90.4
306,0.95318,,118,,90.4
307,0.956153,,118.5,,90.4667
308,0.959127,,119,,90.5333
309,0.9621,,119.5,,90.6
310,0.965073,,120,,90.6667
311,0.968047,,120.5,,90.7333
312,0.97102,,121,,90.8
313,0.9742,,120.857,,90.8857
314,0.97738,,120.714,,90.9714
315,0.98056,,120.571,,91.0571
316,0.98374,,120.429,,91.1429
317,0.98692,,120.286,,91.2286
318,0.9901,,120.143,,91.3143
319,0.99328,,120,,91.4
320,0.99634,,120,,91.6
321,0.999755,,120,,91.7
322,1.00317,,120,,91.8
323,1.00635,,121,,91.9
324,1.00954,,122,,92
325,1.01273,,123,,92.1
326,1.01591,,124,,92.2
327,1.01906,,124.5,,92.3
328,1.02221,,125,,92.4
329,1.02541,,126,,92.5333
330,1.02861,,127,,92.6667
331,1.03181,,128,,92.8
332,1.03494,,128.25,,93
333,1.03807,,128.5,,93.2
334,1.0412,,128.75,,93.4
335,1.04433,,129,,93.6
336,1.04759,,129,,93.7667
337,1.05085,,129,,93.9333
338,1.05411,,129,,94.1
339,1.05737,,129,,94.2667
340,1.06063,,129,,94.4333
341,1.06389,,129,,94.6
342,1.06714,,129.333,,94.7667
343,1.07039,,129.667,,94.9333
344,1.07363,,130,,95.1
345,1.07688,,130.333,,95.2667
346,1.08013,,130.667,,95.4333
347,1.08338,,131,,95.6
348,1.08645,,131,,95.7714
349,1.08952,,131,,95.9429
350,1.09259,,131,,96.1143
351,1.09565,,131,,96.2857
352,1.09872,,131,,96.4571
353,1.10179,,131,,96.6286
354,1.10486,,131,,96.8
355,1.10757,,131.286,,96.9714
356,1.11028,,131.571,,97.1429
357,1.11299,,131.857,,97.3143
358,1.11569,,132.143,,97.4857
359,1.1184,,132.429,,97.6571
360,1.12111,,132.714,,97.8286
361,1.12382,,133,,98
362,1.12659,,133.25,,98.1
363,1.12937,,133.5,,98.2
364,1.13214,,133.75,,98.3
365,1.13491,,134,,98.4
366,1.13769,,134.25,,98.5
367,1.14046,,134.5,,98.6
368,1.14324,,134.75,,98.7
369,1.14601,,135,,98.8
370,1.149,,134.667,,98.8667
371,1.15199,,134.333,,98.9333
372,1.15498,,134,,99
373,1.15792,,134.286,,99.0571
374,1.16086,,134.571,,99.1143
375,1.1638,,134.857,,99.1714
376,1.16674,,135.143,,99.2286
377,1.16968,,135.429,,99.2857
378,1.17262,,135.714,,99.3429
379,1.17556,,136,,99.4
380,1.17868,,135.857,,99.4571
381,1.1818,,135.714,,99.5143
382,1.18492,,135.571,,99.5714
383,1.18804,,135.429,,99.6286
384,1.19116,,135.286,,99.6857
385,1.19428,,135.143,,99.7429
386,1.1974,,135,,99.8
387,1.20056,,135.25,,99.85
388,1.20371,,135.5,,99.9
389,1.20687,,135.75,,99.95
390,1.21002,,136,,100
391,1.21333,,136,,99.9429
392,1.21665,,136,,99.8857
393,1.21996,,136,,99.8286
394,1.22328,,136,,99.7714
395,1.22659,,136,,99.7143
396,1.22991,,136,,99.6571
397,1.23322,,136,,99.6
398,1.23647,,135.857,,99.5714
399,1.23973,,135.714,,99.5429
400,1.24298,,135.571,,99.5143
401,1.24623,,135.429,,99.4857
402,1.24948,,135.286,,99.4571
403,1.25274,,135.143,,99.4286
404,1.25599,,135,,99.4
405,1.25933,,134.833,,99.3667
406,1.26268,,134.667,,99.3333
407,1.26602,,134.5,,99.3
408,1.26936,,134.333,,99.2667
409,1.27271,,134.167,,99.2333
410,1.27605,,134,,99.2
411,1.27937,,133,,99.1333
412,1.28268,,132,,99.0667
413,1.286,,131,,99
414,1.28912,,131,,98.8
415,1.29232,,130.714,,98.6857
416,1.29552,,130.429,,98.5714
417,1.29872,,130.143,,98.4571
418,1.30192,,129.857,,98.3429
419,1.30512,,129.571,,98.2286
420,1.30832,,129.286,,98.1143
421,1.31152,,129,,98
422,1.31487,,128.5,,97.9
423,1.31821,,128,,97.8
424,1.32167,,127.667,,97.6667
425,1.32513,,127.333,,97.5333
426,1.32859,,127,,97.4
427,1.33205,,126.667,,97.2667
428,1.33551,,126.333,,97.1333
429,1.33897,,126,,97
430,1.34225,,125.5,,96.9
431,1.34553,,125,,96.8
432,1.3488,,128,,96.6
433,1.35227,,128.333,,96.4667
434,1.35573,,128.667,,96.3333
435,1.3592,,129,,96.2
436,1.36266,,129.333,,96.0667
437,1.36613,,129.667,,95.9333
438,1.36959,,130,,95.8
439,1.37339,,130,,95.6
440,1.37705,,130.5,,95.4667
441,1.3807,,131,,95.3333
442,1.38436,,131.5,,95.2
443,1.38802,,132,,95.0667
444,1.39167,,132.5,,94.9333
445,1.39533,,133,,94.8
446,1.39894,,133,,94.8
447,1.40247,,132.833,,94.6333
448,1.406,,132.667,,94.4667
449,1.40953,,132.5,,94.3
450,1.41307,,132.333,,94.1333
451,1.4166,,132.167,,93.9667
452,1.42013,,132,,93.8
453,1.42348,,132,,93.6
454,1.42697,,131.667,,93.4667
455,1.43046,,131.333,,93.3333
456,1.43395,,131,,93.2
457,1.43744,,130.667,,93.0667
458,1.44093,,130.333,,92.9333
459,1.44442,,130,,92.8
460,1.44785,,130,,92.6
461,1.45128,,130,,92.4
462,1.45491,,129,,92.3333
463,1.45854,,128,,92.2667
464,1.46217,,127,,92.2
465,1.46594,,125.333,,92
466,1.46972,,123.667,,91.8
467,1.47349,,122,,91.6
468,1.47717,,120.5,,91.5
469,1.48086,,119,,91.4
470,1.48464,,119,,91.2
471,1.48833,,117.5,,91.1
472,1.49203,,116,,91
473,1.49571,,115.25,,90.95
474,1.4994,,114.5,,90.9
475,1.50308,,113.75,,90.85
476,1.50676,,113,,90.8
477,1.51014,,112.667,,90.7333
478,1.51351,,112.333,,90.6667
479,1.51689,,112,,90.6
480,1.52026,,111.667,,90.5333
481,1.52364,,111.333,,90.4667
482,1.52701,,111,,90.4
483,1.53059,,111,,90.4
484,1.53418,,111,,90.4
485,1.53776,,111,,90.4
486,1.54134,,111,,90.4
487,1.54493,,111,,90.4
488,1.54851,,111,,90.4
489,1.55208,,111.167,,90.4
490,1.55565,,111.333,,90.4
491,1.55922,,111.5,,90.4
492,1.56279,,111.667,,90.4
493,1.56636,,111.833,,90.4
494,1.56993,,112,,90.4
495,1.57348,,112.167,,90.4333
496,1.57702,,112.333,,90.4667
497,1.58057,,112.5,,90.5
498,1.58412,,112.667,,90.5333
499,1.58766,,112.833,,90.5667
500,1.59121,,113,,90.6
501,1.59485,,113.167,,90.5667
502,1.59849,,113.333,,90.5333
503,1.60213,,113.5,,90.5
504,1.60577,,113.667,,90.4667
505,1.60941,,113.833,,90.4333
506,1.61305,,114,,90.4
507,1.61671,,114.167,,90.4
508,1.62036,,114.333,,90.4
509,1.62402,,114.5,,90.4
510,1.62768,,114.667,,90.4
511,1.63133,,114.833,,90.4
512,1.63499,,115,,90.4
513,1.63859,,114.833,,90.4
514,1.64219,,114.667,,90.4
515,1.6458,,114.5,,90.4
516,1.6494,,114.333,,90.4
517,1.653,,114.167,,90.4
518,1.6566,,114,,90.4
519,1.66006,,114.333,,90.4
520,1.66352,,114.667,,90.4
521,1.66698,,115,,90.4
522,1.67044,,115.333,,90.4
523,1.6739,,115.667,,90.4
524,1.67736,,116,,90.4
525,1.68057,,116.143,,90.4571
526,1.68377,,116.286,,90.5143
527,1.68698,,116.429,,90.5714
528,1.69018,,116.571,,90.6286
529,1.69339,,116.714,,90.6857
530,1.69659,,116.857,,90.7429
531,1.6998,,117,,90.8
532,1.70303,,117.286,,90.8571
533,1.70627,,117.571,,90.9143
534,1.7095,,117.857,,90.9714
535,1.71274,,118.143,,91.0286
536,1.71597,,118.429,,91.0857
537,1.71921,,118.714,,91.1429
538,1.72244,,119,,91.2
539,1.72567,,119,,91.2286
540,1.72889,,119,,91.2571
541,1.73212,,119,,91.2857
542,1.73534,,119,,91.3143
543,1.73857,,119,,91.3429
544,1.74179,,119,,91.3714
545,1.74502,,119,,91.4
546,1.74823,,119,,91.4571
547,1.75144,,119,,91.5143
548,1.75465,,119,,91.5714
549,1.75787,,119,,91.6286
550,1.76108,,119,,91.6857
551,1.76429,,119,,91.7429
552,1.7675,,119,,91.8
553,1.77096,,119.167,,91.8
554,1.77441,,119.333,,91.8
555,1.77787,,119.5,,91.8
556,1.78132,,119.667,,91.8
557,1.78478,,119.833,,91.8
558,1.78823,,120,,91.8
559,1.79152,,120,,91.8857
560,1.7948,,120,,91.9714
561,1.79809,,120,,92.0571
562,1.80137,,120,,92.1429
563,1.80466,,120,,92.2286
564,1.80794,,120,,92.3143
565,1.81123,,120,,92.4
566,1.8142,,120,,92.4
567,1.81716,,120,,92.4286
568,1.82011,,120,,92.4571
569,1.82307,,120,,92.4857
570,1.82603,,120,,92.5143
571,1.82899,,120,,92.5429
572,1.83194,,120,,92.5714
573,1.8349,,120,,92.6
574,1.8382,,120,,92.6857
575,1.84151,,120,,92.7714
576,1.84481,,120,,92.8571
577,1.84811,,120,,92.9429
578,1.85141,,120,,93.0286
579,1.85472,,120,,93.1143
580,1.85802,,120,,93.2
581,1.86133,,120,,93.4
582,1.86465,,120,,93.6
583,1.86783,,120,,93.6857
584,1.87102,,120,,93.7714
585,1.8742,,120,,93.8571
586,1.87739,,120,,93.9429
587,1.88057,,120,,94.0286
588,1.88376,,120,,94.1143
589,1.88694,,120,,94.2
590,1.89,,120.143,,94.2571
591,1.89306,,120.286,,94.3143
592,1.89612,,120.429,,94.3714
593,1.89919,,120.571,,94.4286
594,1.90225,,120.714,,94.4857
595,1.90531,,120.857,,94.5429
596,1.90837,,121,,94.6
597,1.91153,,121,,94.6571
598,1.9147,,121,,94.7143
599,1.91786,,121,,94.7714
600,1.92103,,121,,94.8286
601,1.92419,,121,,94.8857
602,1.92736,,121,,94.9429
603,1.93052,,121,,95
604,1.93387,,121.167,,95.0333
605,1.93722,,121.333,,95.0667
606,1.94057,,121.5,,95.1
607,1.94393,,121.667,,95.1333
608,1.94728,,121.833,,95.1667
609,1.95063,,122,,95.2
610,1.95378,,121.857,,95.2286
611,1.95693,,121.714,,95.2571
612,1.96008,,121.571,,95.2857
613,1.96323,,121.429,,95.3143
614,1.96638,,121.286,,95.3429
615,1.96953,,121.143,,95.3714
616,1.97268,,121,,95.4
617,1.97557,,121,,95.4286
618,1.97846,,121,,95.4571
619,1.98135,,121,,95.4857
620,1.98423,,121,,95.5143
621,1.98712,,121,,95.5429
622,1.99001,,121,,95.5714
623,1.9929,,121,,95.6
624,1.99581,,121,,95.6
625,1.99871,,121,,95.6
626,2.00162,,121,,95.6
627,2.00481,,121,,95.4
628,2.00775,,120.857,,95.4286
629,2.01069,,120.714,,95.4571
630,2.01363,,120.571,,95.4857
631,2.01656,,120.429,,95.5143
632,2.0195,,120.286,,95.5429
633,2.02244,,120.143,,95.5714
634,2.02538,,120,,95.6
635,2.02874,,120.143,,95.6286
636,2.03211,,120.286,,95.6571
637,2.03547,,120.429,,95.6857
638,2.03883,,120.571,,95.7143
639,2.04219,,120.714,,95.7429
640,2.04556,,120.857,,95.7714
641,2.04892,,121,,95.8
642,2.05198,,120.857,,95.8
643,2.05503,,120.714,,95.8
644,2.05809,,120.571,,95.8
645,2.06115,,120.429,,95.8
646,2.06421,,120.286,,95.8
647,2.06726,,120.143,,95.8
648,2.07032,,120,,95.8
649,2.07366,,120,,95.8
650,2.077,,120,,95.8
651,2.08034,,120,,95.8
652,2.08368,,120,,95.8
653,2.08702,,120,,95.8
654,2.09036,,120,,95.8
655,2.09354,,119.857,,95.8571
656,2.09672,,119.714,,95.9143
657,2.0999,,119.571,,95.9714
658,2.10308,,119.429,,96.0286
659,2.10626,,119.286,,96.0857
660,2.10944,,119.143,,96.1429
661,2.11262,,119,,96.2
662,2.11576,,118.5,,96.2333
663,2.11889,,118,,96.2667
664,2.12203,,117.5,,96.3
665,2.12517,,117,,96.3333
666,2.1283,,116.5,,96.3667
667,2.13144,,116,,96.4
668,2.13449,,115.5,,96.45
669,2.13755,,115,,96.5
670,2.1406,,114.5,,96.55
671,2.14365,,114,,96.6
672,2.14724,,114,,96.6667
673,2.15083,,114,,96.7333
674,2.15442,,114,,96.8
675,2.15801,,114,,96.8667
676,2.1616,,114,,96.9333
677,2.16519,,114,,97
678,2.16835,,114.429,,97.0571
679,2.17151,,114.857,,97.1143
680,2.17467,,115.286,,97.1714
681,2.17783,,115.714,,97.2286
682,2.18099,,116.143,,97.2857
683,2.18415,,116.571,,97.3429
684,2.18731,,117,,97.4
685,2.19054,,117,,97.4667
686,2.19377,,117,,97.5333
687,2.197,,117,,97.6
688,2.20025,,117.286,,97.7429
689,2.20349,,117.571,,97.8857
690,2.20674,,117.857,,98.0286
691,2.20998,,118.143,,98.1714
692,2.21323,,118.429,,98.3143
693,2.21647,,118.714,,98.4571
694,2.21972,,119,,98.6
695,2.22255,,119,,98.6
696,2.22538,,119,,98.6
697,2.22844,,119.286,,98.7429
698,2.23149,,119.571,,98.8857
699,2.23455,,119.857,,99.0286
700,2.23761,,120.143,,99.1714
701,2.24067,,120.429,,99.3143
702,2.24372,,120.714,,99.4571
703,2.24678,,121,,99.6
704,2.24975,,121,,99.6
705,2.25252,,121.25,,99.725
706,2.25529,,121.5,,99.85
707,2.25806,,121.75,,99.975
708,2.26084,,122,,100.1
709,2.26361,,122.25,,100.225
710,2.26638,,122.5,,100.35
711,2.26915,,122.75,,100.475
712,2.27192,,123,,100.6
713,2.2747,,123.5,,100.8
714,2.27748,,124,,101
715,2.28072,,124,,101.086
716,2.28395,,124,,101.171
717,2.28719,,124,,101.257
718,2.29042,,124,,101.343
719,2.29366,,124,,101.429
720,2.29689,,124,,101.514
721,2.30013,,124,,101.6
722,2.30337,,124.25,,101.7
723,2.3066,,124.5,,101.8
724,2.30984,,124.75,,101.9
725,2.31308,,125,,102
726,2.31673,,124.833,,102.033
727,2.32038,,124.667,,102.067
728,2.32402,,124.5,,102.1
729,2.32767,,124.333,,102.133
730,2.33132,,124.167,,102.167
731,2.33497,,124,,102.2
732,2.33859,,124,,102.2
733,2.34221,,124,,102.2
734,2.34584,,124,,102.2
735,2.34946,,124,,102.2
736,2.35308,,124,,102.2
737,2.3567,,124,,102.2
738,2.36015,,124,,102.133
739,2.36361,,124,,102.067
740,2.36707,,124,,102
741,2.37052,,124,,101.933
742,2.37397,,124,,101.867
743,2.37743,,124,,101.8
744,2.3806,,123.857,,101.743
745,2.38378,,123.714,,101.686
746,2.38695,,123.571,,101.629
747,2.39013,,123.429,,101.571
748,2.3933,,123.286,,101.514
749,2.39648,,123.143,,101.457
750,2.39965,,123,,101.4
751,2.40274,,123,,101.28
752,2.40584,,123,,101.16
753,2.40893,,123,,101.04
754,2.41203,,123,,100.92
755,2.41512,,123,,100.8
756,2.41851,,122.667,,100.7
757,2.4219,,122.333,,100.6
758,2.4253,,122,,100.5
759,2.42869,,121.667,,100.4
760,2.43208,,121.333,,100.3
761,2.43547,,121,,100.2
762,2.43911,,121,,99.9
763,2.44274,,121,,99.6
764,2.44636,,120.667,,99.4667
765,2.44998,,120.333,,99.3333
766,2.45359,,120,,99.2
767,2.45721,,119.667,,99.0667
768,2.46083,,119.333,,98.9333
769,2.46445,,119,,98.8
770,2.46831,,119,,98.7
771,2.47218,,119,,98.6
772,2.47602,,118.833,,98.5
773,2.47986,,118.667,,98.4
774,2.4837,,118.5,,98.3
775,2.48754,,118.333,,98.2
776,2.49138,,118.167,,98.1
777,2.49522,,118,,98
778,2.49918,,117.8,,97.92
779,2.50315,,117.6,,97.84
780,2.50711,,117.4,,97.76
781,2.51108,,117.2,,97.68
782,2.51504,,117,,97.6
783,2.51876,,117,,97.6
784,2.52249,,117,,97.6
785,2.52621,,117,,97.6
786,2.52993,,117,,97.6
787,2.53366,,117,,97.6
788,2.53738,,117,,97.6
789,2.5411,,117,,97.6333
790,2.54482,,117,,97.6667
791,2.54854,,117,,97.7
792,2.55226,,117,,97.7333
793,2.55598,,117,,97.7667
794,2.5597,,117,,97.8
795,2.56315,,117.167,,97.8
796,2.5666,,117.333,,97.8
797,2.57004,,117.5,,97.8
798,2.57349,,117.667,,97.8
799,2.57694,,117.833,,97.8
800,2.58039,,118,,97.8
801,2.5839,,118.167,,97.8667
802,2.58742,,118.333,,97.9333
803,2.59093,,118.5,,98
804,2.59444,,118.667,,98.0667
805,2.59796,,118.833,,98.1333
806,2.60147,,119,,98.2
807,2.60478,,119,,98.2667
808,2.60808,,119,,98.3333
809,2.61139,,119,,98.4
810,2.6147,,119,,98.4667
811,2.618,,119,,98.5333
812,2.62131,,119,,98.6
813,2.62357,,119,,98.6667
814,2.62583,,119,,98.7333
815,2.62809,,119,,98.8
816,2.631,,118.875,,98.75
817,2.63391,,118.75,,98.7
818,2.63682,,118.625,,98.65
819,2.63973,,118.5,,98.6
820,2.64265,,118.375,,98.55
821,2.64556,,118.25,,98.5
822,2.64847,,118.125,,98.45
823,2.65138,,118,,98.4
824,2.65506,,118,,98.3
825,2.65873,,118,,98.2
826,2.66241,,118,,98.1
827,2.66609,,118,,98
828,2.66976,,118,,97.9
829,2.67344,,118,,97.8
830,2.67706,,118,,97.8333
831,2.68069,,118,,97.8667
832,2.68431,,118,,97.9
833,2.68794,,118,,97.9333
834,2.69157,,118,,97.9667
835,2.69519,,118,,98
836,2.6989,,118,,97.9333
837,2.7026,,118,,97.8667
838,2.70631,,118,,97.8
839,2.71002,,118,,97.7333
840,2.71372,,118,,97.6667
841,2.71743,,118,,97.6
842,2.72097,,117.833,,97.6333
843,2.7245,,117.667,,97.6667
844,2.72804,,117.5,,97.7
845,2.73158,,117.333,,97.7333
846,2.73511,,117.167,,97.7667
847,2.73865,,117,,97.8
848,2.74223,,117.167,,97.9
849,2.7458,,117.333,,98
850,2.74938,,117.5,,98.1
851,2.75296,,117.667,,98.2
852,2.75653,,117.833,,98.3
853,2.76011,,118,,98.4
854,2.76367,,118,,98.4667
855,2.76723,,118,,98.5333
856,2.77079,,118,,98.6
857,2.77435,,118,,98.6667
858,2.77791,,118,,98.7333
859,2.78147,,118,,98.8
860,2.78477,,118.167,,98.9667
861,2.78808,,118.333,,99.1333
862,2.79138,,118.5,,99.3
863,2.79468,,118.667,,99.4667
864,2.79799,,118.833,,99.6333
865,2.80129,,119,,99.8
866,2.80452,,119.143,,99.8857
867,2.80776,,119.286,,99.9714
868,2.81099,,119.429,,100.057
869,2.81423,,119.571,,100.143
870,2.81746,,119.714,,100.229
871,2.8207,,119.857,,100.314
872,2.82393,,120,,100.4
873,2.82641,,120,,100.6
874,2.8289,,120,,100.8
875,2.83183,,120.143,,100.914
876,2.83476,,120.286,,101.029
877,2.83769,,120.429,,101.143
878,2.84061,,120.571,,101.257
879,2.84354,,120.714,,101.371
880,2.84647,,120.857,,101.486
881,2.8494,,121,,101.6
882,2.85269,,121.2,,101.64
883,2.85598,,121.4,,101.68
884,2.85926,,121.6,,101.72
885,2.86255,,121.8,,101.76
886,2.86584,,122,,101.8
887,2.86912,,122,,101.857
888,2.8724,,122,,101.914
889,2.87568,,122,,101.971
890,2.87897,,122,,102.029
891,2.88225,,122,,102.086
892,2.88553,,122,,102.143
893,2.88881,,122,,102.2
894,2.89223,,122.167,,102.2
895,2.89564,,122.333,,102.2
896,2.89906,,122.5,,102.2
897,2.90248,,122.667,,102.2
898,2.90589,,122.833,,102.2
899,2.90931,,123,,102.2
900,2.91249,,122.857,,102.143
901,2.91568,,122.714,,102.086
902,2.91886,,122.571,,102.029
903,2.92204,,122.429,,101.971
904,2.92522,,122.286,,101.914
905,2.92841,,122.143,,101.857
906,2.93159,,122,,101.8
907,2.93494,,121.833,,101.7
908,2.93828,,121.667,,101.6
909,2.94163,,121.5,,101.5
910,2.94498,,121.333,,101.4
911,2.94832,,121.167,,101.3
912,2.95167,,121,,101.2
913,2.95503,,120.667,,101.1
914,2.95839,,120.333,,101
915,2.96175,,120,,100.9
916,2.9651,,119.667,,100.8
917,2.96846,,119.333,,100.7
918,2.97182,,119,,100.6
919,2.97539,,119,,100.433
920,2.97895,,119,,100.267
921,2.98252,,119,,100.1
922,2.98608,,119,,99.9333
923,2.98964,,119,,99.7667
924,2.99321,,119,,99.6
925,2.99695,,119,,99.6
926,3.00061,,119,,99.2
927,3.00439,,118.833,,99.1
928,3.00816,,118.667,,99
929,3.01194,,118.5,,98.9
930,3.01571,,118.333,,98.8
931,3.01948,,118.167,,98.7
932,3.02326,,118,,98.6
933,3.02691,,118,,98.4
934,3.03054,,117.833,,98.2667
935,3.03417,,117.667,,98.1333
936,3.0378,,117.5,,98
937,3.04143,,117.333,,97.8667
938,3.04506,,117.167,,97.7333
939,3.04869,,117,,97.6
940,3.05233,,117,,97.4667
941,3.05596,,117,,97.3333
942,3.0596,,117,,97.2
943,3.06325,,117,,97.1333
944,3.06689,,117,,97.0667
945,3.07054,,117,,97
946,3.07419,,117,,96.9333
947,3.07783,,117,,96.8667
948,3.08148,,117,,96.8
949,3.08508,,117,,96.7
950,3.08868,,117,,96.6
951,3.09227,,117,,96.5
952,3.09587,,117,,96.4
953,3.09947,,117,,96.3
954,3.10307,,117,,96.2
955,3.10629,,116.714,,96.1429
956,3.10951,,116.429,,96.0857
957,3.11273,,116.143,,96.0286
958,3.11594,,115.857,,95.9714
959,3.11916,,115.571,,95.9143
960,3.12238,,115.286,,95.8571
961,3.1256,,115,,95.8
962,3.1291,,115,,95.8
963,3.13261,,115,,95.8
964,3.13611,,115,,95.8
965,3.13961,,115,,95.8
966,3.14312,,115,,95.8
967,3.14662,,115,,95.8
968,3.14995,,114.714,,95.7714
969,3.15328,,114.429,,95.7429
970,3.15661,,114.143,,95.7143
971,3.15993,,113.857,,95.6857
972,3.16326,,113.571,,95.6571
973,3.16659,,113.286,,95.6286
974,3.16992,,113,,95.6
975,3.17321,,112.857,,95.5714
976,3.17651,,112.714,,95.5429
977,3.1798,,112.571,,95.5143
978,3.1831,,112.429,,95.4857
979,3.18639,,112.286,,95.4571
980,3.18969,,112.143,,95.4286
981,3.19298,,112,,95.4
982,3.19653,,112,,95.4
983,3.20009,,112,,95.4
984,3.20364,,112,,95.4
985,3.20698,,112.333,,95.4
986,3.21033,,112.667,,95.4
987,3.21367,,113,,95.4
988,3.21701,,113.333,,95.4
989,3.22036,,113.667,,95.4
990,3.2237,,114,,95.4
991,3.22705,,114,,95.3714
992,3.23039,,114,,95.3429
993,3.23374,,114,,95.3143
994,3.23709,,114,,95.2857
995,3.24044,,114,,95.2571
996,3.24378,,114,,95.2286
997,3.24713,,114,,95.2
998,3.25051,,114.167,,95.1667
999,3.25389,,114.333,,95.1333
1000,3.25726,,114.5,,95.1
1001,3.26064,,114.667,,95.0667
1002,3.26402,,114.833,,95.0333
1003,3.2674,,115,,95
1004,3.27087,,115,,94.9667
1005,3.27435,,115,,94.9333
1006,3.27782,,115,,94.9
1007,3.2813,,115,,94.8667
1008,3.28478,,115,,94.8333
1009,3.28825,,115,,94.8
1010,3.29169,,115,,94.7667
1011,3.29512,,115,,94.7333
1012,3.29856,,115,,94.7
1013,3.30199,,115,,94.6667
1014,3.30543,,115,,94.6333
1015,3.30886,,115,,94.6
1016,3.31227,,115.167,,94.5667
1017,3.31567,,115.333,,94.5333
1018,3.31908,,115.5,,94.5
1019,3.32249,,115.667,,94.4667
1020,3.32589,,115.833,,94.4333
1021,3.3293,,116,,94.4
1022,3.33284,,116,,94.2
1023,3.33632,,115.833,,94.1333
1024,3.33979,,115.667,,94.0667
1025,3.34327,,115.5,,94
1026,3.34675,,115.333,,93.9333
1027,3.35022,,115.167,,93.8667
1028,3.3537,,115,,93.8
1029,3.35736,,115.167,,93.7333
1030,3.36102,,115.333,,93.6667
1031,3.36468,,115.5,,93.6
1032,3.36834,,115.667,,93.5333
1033,3.372,,115.833,,93.4667
1034,3.37566,,116,,93.4
1035,3.37929,,116,,93.2
1036,3.38313,,116.167,,93.1
1037,3.38698,,116.333,,93
1038,3.39082,,116.5,,92.9
1039,3.39466,,116.667,,92.8
1040,3.39851,,116.833,,92.7
1041,3.40235,,117,,92.6
1042,3.40585,,117.167,,92.5667
1043,3.40936,,117.333,,92.5333
1044,3.41286,,117.5,,92.5
1045,3.41636,,117.667,,92.4667
1046,3.41987,,117.833,,92.4333
1047,3.42337,,118,,92.4
1048,3.42671,,118,,92.4
1049,3.43008,,118,,92.2667
1050,3.43345,,118,,92.1333
1051,3.43682,,118,,92
1052,3.4402,,118,,91.8667
1053,3.44357,,118,,91.7333
1054,3.44694,,118,,91.6
1055,3.45064,,118,,91.5333
1056,3.45435,,118,,91.4667
1057,3.45805,,118,,91.4
1058,3.46175,,118,,91.3333
1059,3.46546,,118,,91.2667
1060,3.46916,,118,,91.2
1061,3.47277,,117.833,,91.1667
1062,3.47637,,117.667,,91.1333
1063,3.47998,,117.5,,91.1
1064,3.48359,,117.333,,91.0667
1065,3.48719,,117.167,,91.0333
1066,3.4908,,117,,91
1067,3.49458,,116.833,,90.9
1068,3.49836,,116.667,,90.8
1069,3.50215,,116.5,,90.7
1070,3.50593,,116.333,,90.6
1071,3.50971,,116.167,,90.5
1072,3.51349,,116,,90.4
1073,3.51715,,116,,90.3667
1074,3.52081,,116,,90.3333
1075,3.52447,,116,,90.3
1076,3.52812,,116,,90.2667
1077,3.53178,,116,,90.2333
1078,3.53544,,116,,90.2
1079,3.53896,,116.5,,90.2
1080,3.54248,,117,,90.2
1081,3.54621,,117,,90.1333
1082,3.54994,,117,,90.0667
1083,3.55366,,117,,90
1084,3.55739,,117,,89.9333
1085,3.56112,,117,,89.8667
1086,3.56485,,117,,89.8
1087,3.56841,,117.167,,89.7667
1088,3.57197,,117.333,,89.7333
1089,3.57553,,117.5,,89.7
1090,3.57909,,117.667,,89.6667
1091,3.58265,,117.833,,89.6333
1092,3.58621,,118,,89.6
1093,3.5897,,118.167,,89.5667
1094,3.59319,,118.333,,89.5333
1095,3.59668,,118.5,,89.5
1096,3.60017,,118.667,,89.4667
1097,3.60366,,118.833,,89.4333
1098,3.60715,,119,,89.4
1099,3.61056,,119,,89.4
1100,3.61396,,119,,89.4
1101,3.61737,,119,,89.4
1102,3.62078,,119,,89.4
1103,3.62418,,119,,89.4
1104,3.62759,,119,,89.4
1105,3.63115,,118.833,,89.3667
1106,3.63471,,118.667,,89.3333
1107,3.63827,,118.5,,89.3
1108,3.64182,,118.333,,89.2667
1109,3.64538,,118.167,,89.2333
1110,3.64894,,118,,89.2
1111,3.65253,,118.2,,89.2
1112,3.65612,,118.4,,89.2
1113,3.65971,,118.6,,89.2
1114,3.6633,,118.8,,89.2
1115,3.66689,,119,,89.2
1116,3.67016,,119,,89.2
1117,3.67343,,119,,89.2
1118,3.6767,,119,,89.2
1119,3.67996,,119,,89.2
1120,3.68323,,119,,89.2
1121,3.6865,,119,,89.2
1122,3.68977,,119,,89.2
1123,3.69312,,119.143,,89.2
1124,3.69647,,119.286,,89.2
1125,3.69982,,119.429,,89.2
1126,3.70318,,119.571,,89.2
1127,3.70653,,119.714,,89.2
1128,3.70988,,119.857,,89.2
1129,3.71323,,120,,89.2
1130,3.71676,,120.167,,89.1667
1131,3.72029,,120.333,,89.1333
1132,3.72382,,120.5,,89.1
1133,3.72736,,120.667,,89.0667
1134,3.73089,,120.833,,89.0333
1135,3.73442,,121,,89
1136,3.73768,,121.143,,89.1429
1137,3.74093,,121.286,,89.2857
1138,3.74419,,121.429,,89.4286
1139,3.74745,,121.571,,89.5714
1140,3.75071,,121.714,,89.7143
1141,3.75396,,121.857,,89.8571
1142,3.75722,,122,,90
1143,3.76057,,122,,90.0333
1144,3.76392,,122,,90.0667
1145,3.76727,,122,,90.1
1146,3.77061,,122,,90.1333
1147,3.77396,,122,,90.1667
1148,3.77731,,122,,90.2
1149,3.7807,,122,,90.2667
1150,3.78409,,122,,90.3333
1151,3.78748,,122,,90.4
1152,3.79087,,122,,90.4667
1153,3.79426,,122,,90.5333
1154,3.79765,,122,,90.6
1155,3.80102,,122.25,,90.75
1156,3.80438,,122.5,,90.9
1157,3.80775,,122.75,,91.05
1158,3.81111,,123,,91.2
1159,3.81446,,123.167,,91.3333
1160,3.81781,,123.333,,91.4667
1161,3.82116,,123.5,,91.6
1162,3.8245,,123.667,,91.7333
1163,3.82785,,123.833,,91.8667
1164,3.8312,,124,,92
1165,3.83427,,124,,92.2
1166,3.83733,,124,,92.4
1167,3.84013,,124.125,,92.525
1168,3.84292,,124.25,,92.65
1169,3.84572,,124.375,,92.775
1170,3.84851,,124.5,,92.9
1171,3.8513,,124.625,,93.025
1172,3.8541,,124.75,,93.15
1173,3.8569,,124.875,,93.275
1174,3.85969,,125,,93.4
1175,3.86312,,125,,93.5333
1176,3.86655,,125,,93.6667
1177,3.86998,,125,,93.8
1178,3.87341,,125,,93.9333
1179,3.87684,,125,,94.0667
1180,3.88027,,125,,94.2
1181,3.88365,,125.333,,94.2
1182,3.88702,,125.667,,94.2
1183,3.8904,,126,,94.2
1184,3.89373,,126.143,,94.3429
1185,3.89707,,126.286,,94.4857
1186,3.9004,,126.429,,94.6286
1187,3.90374,,126.571,,94.7714
1188,3.90707,,126.714,,94.9143
1189,3.91041,,126.857,,95.0571
1190,3.91374,,127,,95.2
1191,3.91716,,127,,95.2667
1192,3.92058,,127,,95.3333
1193,3.924,,127,,95.4
1194,3.92723,,127.143,,95.5429
1195,3.93045,,127.286,,95.6857
1196,3.93368,,127.429,,95.8286
1197,3.9369,,127.571,,95.9714
1198,3.94013,,127.714,,96.1143
1199,3.94335,,127.857,,96.2571
1200,3.94658,,128,,96.4
1201,3.94989,,128,,96.5
1202,3.95319,,128,,96.6
1203,3.95647,,128,,96.6857
1204,3.95975,,128,,96.7714
1205,3.96303,,128,,96.8571
1206,3.96631,,128,,96.9429
1207,3.96959,,128,,97.0286
1208,3.97287,,128,,97.1143
1209,3.97615,,128,,97.2
1210,3.97962,,128.25,,97.3
1211,3.98308,,128.5,,97.4
1212,3.98655,,128.75,,97.5
1213,3.99002,,129,,97.6
1214,3.99342,,129,,97.6667
1215,3.99681,,129,,97.7333
1216,4.00021,,129,,97.8
1217,4.00347,,128.857,,97.8
1218,4.00673,,128.714,,97.8
1219,4.00999,,128.571,,97.8
1220,4.01325,,128.429,,97.8
1221,4.01651,,128.286,,97.8
1222,4.01977,,128.143,,97.8
1223,4.02303,,128,,97.8
1224,4.02623,,127.714,,97.8286
1225,4.02943,,127.429,,97.8571
1226,4.03263,,127.143,,97.8857
1227,4.03584,,126.857,,97.9143
1228,4.03904,,126.571,,97.9429
1229,4.04224,,126.286,,97.9714
1230,4.04544,,126,,98
1231,4.04858,,125.857,,97.9429
1232,4.05172,,125.714,,97.8857
1233,4.05486,,125.571,,97.8286
1234,4.058,,125.429,,97.7714
1235,4.06114,,125.286,,97.7143
1236,4.06428,,125.143,,97.6571
1237,4.06742,,125,,97.6
1238,4.07079,,124.667,,97.5
1239,4.07415,,124.333,,97.4
1240,4.07752,,124,,97.3
1241,4.08089,,123.667,,97.2
1242,4.08425,,123.333,,97.1
1243,4.08762,,123,,97
1244,4.09117,,122.833,,96.9
1245,4.09473,,122.667,,96.8
1246,4.09828,,122.5,,96.7
1247,4.10183,,122.333,,96.6
1248,4.10539,,122.167,,96.5
1249,4.10894,,122,,96.4
1250,4.11266,,122,,96.2
1251,4.11624,,121.833,,96.0667
1252,4.11982,,121.667,,95.9333
1253,4.1234,,121.5,,95.8
1254,4.12697,,121.333,,95.6667
1255,4.13055,,121.167,,95.5333
1256,4.13413,,121,,95.4
1257,4.13788,,120.5,,95.3
1258,4.14163,,120,,95.2
1259,4.14536,,119.833,,95.0333
1260,4.1491,,119.667,,94.8667
1261,4.15283,,119.5,,94.7
1262,4.15657,,119.333,,94.5333
1263,4.16031,,119.167,,94.3667
1264,4.16404,,119,,94.2
1265,4.16783,,119,,94
1266,4.17162,,119,,93.8
1267,4.17541,,119,,93.6
1268,4.1792,,119,,93.4
1269,4.18299,,119,,93.2
1270,4.18661,,118.8,,92.96
1271,4.19023,,118.6,,92.72
1272,4.19386,,118.4,,92.48
1273,4.19748,,118.2,,92.24
1274,4.2011,,118,,92
1275,4.20492,,117.833,,91.8
1276,4.20874,,117.667,,91.6
1277,4.21256,,117.5,,91.4
1278,4.21638,,117.333,,91.2
1279,4.2202,,117.167,,91
1280,4.22402,,117,,90.8
1281,4.22765,,117,,90.6333
1282,4.23128,,117,,90.4667
1283,4.23491,,117,,90.3
1284,4.23854,,117,,90.1333
1285,4.24217,,117,,89.9667
1286,4.2458,,117,,89.8
1287,4.24917,,116.833,,89.6333
1288,4.25253,,116.667,,89.4667
1289,4.2559,,116.5,,89.3
1290,4.25927,,116.333,,89.1333
1291,4.26263,,116.167,,88.9667
1292,4.266,,116,,88.8
1293,4.26924,,116,,88.7
1294,4.27249,,116,,88.6
1295,4.27583,,115.833,,88.5333
1296,4.27917,,115.667,,88.4667
1297,4.28251,,115.5,,88.4
1298,4.28584,,115.333,,88.3333
1299,4.28918,,115.167,,88.2667
1300,4.29252,,115,,88.2
1301,4.29599,,115,,88.1
1302,4.29946,,115,,88
1303,4.30293,,115,,87.9
1304,4.30639,,115,,87.8
1305,4.30986,,115,,87.7
1306,4.31333,,115,,87.6
1307,4.31684,,115,,87.4
1308,4.32047,,115.167,,87.2667
1309,4.32411,,115.333,,87.1333
1310,4.32774,,115.5,,87
1311,4.33137,,115.667,,86.8667
1312,4.33501,,115.833,,86.7333
1313,4.33864,,116,,86.6
1314,4.34216,,116,,86.5
1315,4.34569,,116,,86.4
1316,4.34909,,116,,86.4
1317,4.35248,,116,,86.4
1318,4.35588,,116,,86.4
1319,4.35928,,116,,86.4
1320,4.36267,,116,,86.4
1321,4.36607,,116,,86.4
1322,4.36965,,116,,86.4333
1323,4.37323,,116,,86.4667
1324,4.37681,,116,,86.5
1325,4.38039,,116,,86.5333
1326,4.38397,,116,,86.5667
1327,4.38755,,116,,86.6
1328,4.39094,,116.167,,86.6667
1329,4.39432,,116.333,,86.7333
1330,4.39771,,116.5,,86.8
1331,4.4011,,116.667,,86.8667
1332,4.40448,,116.833,,86.9333
1333,4.40787,,117,,87
1334,4.4112,,117.167,,87.1333
1335,4.41453,,117.333,,87.2667
1336,4.41786,,117.5,,87.4
1337,4.4212,,117.667,,87.5333
1338,4.42453,,117.833,,87.6667
1339,4.42786,,118,,87.8
1340,4.43133,,118.333,,87.8667
1341,4.4348,,118.667,,87.9333
1342,4.43827,,119,,88
1343,4.44174,,119.333,,88.0667
1344,4.44521,,119.667,,88.1333
1345,4.44868,,120,,88.2
1346,4.4522,,120.167,,88.2
1347,4.45571,,120.333,,88.2
1348,4.45923,,120.5,,88.2
1349,4.46275,,120.667,,88.2
1350,4.46626,,120.833,,88.2
1351,4.46978,,121,,88.2
1352,4.47318,,121.333,,88.2667
1353,4.47657,,121.667,,88.3333
1354,4.47996,,122,,88.4
1355,4.48336,,122.333,,88.4667
1356,4.48675,,122.667,,88.5333
1357,4.49015,,123,,88.6
1358,4.4936,,123,,88.5667
1359,4.49705,,123,,88.5333
1360,4.50051,,123,,88.5
1361,4.50396,,123,,88.4667
1362,4.50741,,123,,88.4333
1363,4.51086,,123,,88.4
1364,4.51412,,123.143,,88.3143
1365,4.51737,,123.286,,88.2286
1366,4.52063,,123.429,,88.1429
1367,4.52388,,123.571,,88.0571
1368,4.52714,,123.714,,87.9714
1369,4.53039,,123.857,,87.8857
1370,4.53365,,124,,87.8
1371,4.53677,,123.857,,87.6857
1372,4.53989,,123.714,,87.5714
1373,4.54301,,123.571,,87.4571
1374,4.54614,,123.429,,87.3429
1375,4.54926,,123.286,,87.2286
1376,4.55238,,123.143,,87.1143
1377,4.5555,,123,,87
1378,4.55887,,123.333,,86.9333
1379,4.56224,,123.667,,86.8667
1380,4.56561,,124,,86.8
1381,4.56931,,123.833,,86.6667
1382,4.573,,123.667,,86.5333
1383,4.5767,,123.5,,86.4
1384,4.5804,,123.333,,86.2667
1385,4.58409,,123.167,,86.1333
1386,4.58779,,123,,86
1387,4.59148,,122.75,,85.9
1388,4.59517,,122.5,,85.8
1389,4.59886,,122.25,,85.7
1390,4.60255,,122,,85.6
1391,4.60592,,121.833,,85.4667
1392,4.6093,,121.667,,85.3333
1393,4.61267,,121.5,,85.2
1394,4.61604,,121.333,,85.0667
1395,4.61942,,121.167,,84.9333
1396,4.62279,,121,,84.8
1397,4.62637,,120.75,,84.7
1398,4.62995,,120.5,,84.6
1399,4.63353,,120.25,,84.5
1400,4.63711,,120,,84.4
1401,4.64077,,120,,84.3
1402,4.64442,,120,,84.2
1403,4.64808,,120,,84.1
1404,4.65173,,120,,84
1405,4.65538,,120,,83.9
1406,4.65904,,120,,83.8
1407,4.66247,,119.857,,83.7429
1408,4.6659,,119.714,,83.6857
1409,4.66933,,119.571,,83.6286
1410,4.67275,,119.429,,83.5714
1411,4.67618,,119.286,,83.5143
1412,4.67961,,119.143,,83.4571
1413,4.68304,,119,,83.4
1414,4.68683,,119,,83.3667
1415,4.69062,,119,,83.3333
1416,4.6944,,119,,83.3
1417,4.69819,,119,,83.2667
1418,4.70198,,119,,83.2333
1419,4.70577,,119,,83.2
1420,4.70931,,119,,83.1667
1421,4.71284,,119,,83.1333
1422,4.71638,,119,,83.1
1423,4.71991,,119,,83.0667
1424,4.72344,,119,,83.0333
1425,4.72698,,119,,83
1426,4.73054,,119,,82.9667
1427,4.73411,,119,,82.9333
1428,4.73767,,119,,82.9
1429,4.74123,,119,,82.8667
1430,4.7448,,119,,82.8333
1431,4.74836,,119,,82.8
1432,4.75169,,119,,82.7143
1433,4.75502,,119,,82.6286
1434,4.75835,,119,,82.5429
1435,4.76167,,119,,82.4571
1436,4.765,,119,,82.3714
1437,4.76833,,119,,82.2857
1438,4.77166,,119,,82.2
1439,4.77542,,119,,82.1333
1440,4.77919,,119,,82.0667
1441,4.78295,,119,,82
1442,4.78671,,119,,81.9333
1443,4.79048,,119,,81.8667
1444,4.79424,,119,,81.8
1445,4.79785,,119,,81.8
1446,4.80146,,119,,81.8
1447,4.80508,,119,,81.8
1448,4.80869,,119,,81.8
1449,4.8123,,119,,81.8
1450,4.81591,,119,,81.8
1451,4.81927,,119.25,,81.65
1452,4.82264,,119.5,,81.5
1453,4.826,,119.75,,81.35
1454,4.82936,,120,,81.2
1455,4.83272,,119.4,,81.12
1456,4.83608,,118.8,,81.04
1457,4.83944,,118.2,,80.96
1458,4.8428,,117.6,,80.88
1459,4.84616,,117,,80.8
1460,4.84985,,116.667,,80.7667
1461,4.85355,,116.333,,80.7333
1462,4.85725,,116,,80.7
1463,4.86094,,115.667,,80.6667
1464,4.86463,,115.333,,80.6333
1465,4.86833,,115,,80.6
1466,4.87228,,115,,80.4
1467,4.87639,,115,,80.24
1468,4.8805,,115,,80.08
1469,4.8846,,115,,79.92
1470,4.88871,,115,,79.76
1471,4.89282,,115,,79.6
1472,4.89685,,115.4,,79.6
1473,4.90088,,115.8,,79.6
1474,4.90491,,116.2,,79.6
1475,4.90894,,116.6,,79.6
1476,4.91297,,117,,79.6
1477,4.9163,,117,,79.4667
1478,4.91962,,117,,79.3333
1479,4.92295,,117,,79.2
1480,4.92637,,117.167,,79.0667
1481,4.92979,,117.333,,78.9333
1482,4.93322,,117.5,,78.8
1483,4.93664,,117.667,,78.6667
1484,4.94006,,117.833,,78.5333
1485,4.94348,,118,,78.4
1486,4.94658,,118.333,,78.2667
1487,4.94967,,118.667,,78.1333
1488,4.95277,,119,,78
1489,4.9561,,119.143,,77.8571
1490,4.95943,,119.286,,77.7143
1491,4.96276,,119.429,,77.5714
1492,4.96608,,119.571,,77.4286
1493,4.96941,,119.714,,77.2857
1494,4.97274,,119.857,,77.1429
1495,4.97607,,120,,77
1496,4.97954,,119.833,,76.8667
1497,4.98302,,119.667,,76.7333
1498,4.98649,,119.5,,76.6
1499,4.98997,,119.333,,76.4667
1500,4.99345,,119.167,,76.3333
1501,4.99692,,119,,76.2
1502,5.00059,,119,,76
1503,5.00447,,119,,75.9
1504,5.00836,,119,,75.8
1505,5.01209,,118.833,,75.6333
1506,5.01582,,118.667,,75.4667
1507,5.01955,,118.5,,75.3
1508,5.02328,,118.333,,75.1333
1509,5.02701,,118.167,,74.9667
1510,5.03074,,118,,74.8
1511,5.03411,,119,,74.6
1512,5.03772,,118.8,,74.44
1513,5.04133,,118.6,,74.28
1514,5.04494,,118.4,,74.12
1515,5.04855,,118.2,,73.96
1516,5.05216,,118,,73.8
1517,5.05602,,118,,73.7
1518,5.05989,,118,,73.6
1519,5.06375,,118,,73.5
1520,5.06761,,118,,73.4
1521,5.07148,,118,,73.3
1522,5.07534,,118,,73.2
1523,5.0791,,118,,73.05
1524,5.08286,,118,,72.9
1525,5.08662,,118,,72.75
1526,5.09038,,118,,72.6
1527,5.09405,,117.667,,72.5
1528,5.09772,,117.333,,72.4
1529,5.1014,,117,,72.3
1530,5.10507,,116.667,,72.2
1531,5.10874,,116.333,,72.1
1532,5.11241,,116,,72
1533,5.11593,,116,,71.8667
1534,5.11944,,116,,71.7333
1535,5.12296,,116,,71.6
1536,5.12621,,116.143,,71.4571
1537,5.12946,,116.286,,71.3143
1538,5.13271,,116.429,,71.1714
1539,5.13597,,116.571,,71.0286
1540,5.13922,,116.714,,70.8857
1541,5.14247,,116.857,,70.7429
1542,5.14572,,117,,70.6
1543,5.1492,,117,,70.6
1544,5.15262,,117,,70.3667
1545,5.15603,,117,,70.1333
1546,5.15945,,117,,69.9
1547,5.16287,,117,,69.6667
1548,5.16628,,117,,69.4333
1549,5.1697,,117,,69.2
1550,5.17352,,116.8,,69
1551,5.17734,,116.6,,68.8
1552,5.18116,,116.4,,68.6
1553,5.18498,,116.2,,68.4
1554,5.1888,,116,,68.2
1555,5.19281,,116,,68.04
1556,5.19682,,116,,67.88
1557,5.20083,,116,,67.72
1558,5.20484,,116,,67.56
1559,5.20885,,116,,67.4
1560,5.21261,,115.8,,67.4
1561,5.21637,,115.6,,67.4
1562,5.22013,,115.4,,67.4
1563,5.22389,,115.2,,67.4
1564,5.22765,,115,,67.4
1565,5.23147,,115,,67.2667
1566,5.23529,,115,,67.1333
1567,5.23911,,115,,67
1568,5.24293,,115,,66.8667
1569,5.24675,,115,,66.7333
1570,5.25057,,115,,66.6
1571,5.25461,,115,,66.2
1572,5.25793,,115,,65.96
1573,5.26124,,115,,65.72
1574,5.26456,,115,,65.48
1575,5.26787,,115,,65.24
1576,5.27119,,115,,65
1577,5.274,,115.143,,64.8286
1578,5.2768,,115.286,,64.6571
1579,5.27961,,115.429,,64.4857
1580,5.28241,,115.571,,64.3143
1581,5.28522,,115.714,,64.1429
1582,5.28802,,115.857,,63.9714
1583,5.29083,,116,,63.8
1584,5.29373,,115.857,,63.9143
1585,5.29664,,115.714,,64.0286
1586,5.29954,,115.571,,64.1429
1587,5.30245,,115.429,,64.2571
1588,5.30535,,115.286,,64.3714
1589,5.30826,,115.143,,64.4857
1590,5.31116,,115,,64.6
1591,5.31419,,115,,64.8
1592,5.31721,,115,,65
1593,5.31985,,115.2,,65.24
1594,5.3225,,115.4,,65.48
1595,5.32514,,115.6,,65.72
1596,5.32779,,115.8,,65.96
1597,5.33043,,116,,66.2
1598,5.33378,,116.5,,66.1667
1599,5.33714,,117,,66.1333
1600,5.34049,,117.5,,66.1
1601,5.34385,,118,,66.0667
1602,5.3472,,118.5,,66.0333
1603,5.35056,,119,,66
1604,5.35419,,119.167,,65.9667
1605,5.35782,,119.333,,65.9333
1606,5.36145,,119.5,,65.9
1607,5.36509,,119.667,,65.8667
1608,5.36872,,119.833,,65.8333
1609,5.37235,,120,,65.8
1610,5.37569,,120,,65.8
1611,5.37903,,120,,65.8
1612,5.38237,,120,,65.8
1613,5.3857,,120,,65.8
1614,5.38904,,120,,65.8
1615,5.39238,,120,,65.8
1616,5.39589,,120,,65.7333
1617,5.3994,,120,,65.6667
1618,5.40291,,120,,65.6
1619,5.40641,,120,,65.5333
1620,5.40992,,120,,65.4667
1621,5.41343,,120,,65.4
1622,5.41686,,120,,65.3
1623,5.42028,,120,,65.2
1624,5.42371,,120,,65.1
1625,5.42714,,120,,65
1626,5.43056,,120,,64.9667
1627,5.43398,,120,,64.9333
1628,5.43741,,120,,64.9
1629,5.44083,,120,,64.8667
1630,5.44425,,120,,64.8333
1631,5.44767,,120,,64.8
1632,5.45074,,120,,64.7714
1633,5.45381,,120,,64.7429
1634,5.45688,,120,,64.7143
1635,5.45995,,120,,64.6857
1636,5.46302,,120,,64.6571
1637,5.46609,,120,,64.6286
1638,5.46916,,120,,64.6
1639,5.47242,,119.857,,64.5143
1640,5.47569,,119.714,,64.4286
1641,5.47895,,119.571,,64.3429
1642,5.48222,,119.429,,64.2571
1643,5.48548,,119.286,,64.1714
1644,5.48875,,119.143,,64.0857
1645,5.49201,,119,,64
1646,5.49524,,119,,63.9
1647,5.49848,,119,,63.8
1648,5.50168,,119.143,,63.7429
1649,5.50488,,119.286,,63.6857
1650,5.50808,,119.429,,63.6286
1651,5.51127,,119.571,,63.5714
1652,5.51447,,119.714,,63.5143
1653,5.51767,,119.857,,63.4571
1654,5.52087,,120,,63.4
1655,5.52382,,120.143,,63.3429
1656,5.52677,,120.286,,63.2857
1657,5.52972,,120.429,,63.2286
1658,5.53268,,120.571,,63.1714
1659,5.53563,,120.714,,63.1143
1660,5.53858,,120.857,,63.0571
1661,5.54153,,121,,63
1662,5.54543,,121,,63
1663,5.54934,,121,,63
1664,5.55324,,121,,63
1665,5.55714,,121,,63
1666,5.56105,,121,,63
1667,5.56495,,121,,63
1668,5.56894,,121,,63.0333
1669,5.57293,,121,,63.0667
1670,5.57692,,121,,63.1
1671,5.58091,,121,,63.1333
1672,5.5849,,121,,63.1667
1673,5.58889,,121,,63.2
1674,5.59285,,120.833,,63.2
1675,5.5968,,120.667,,63.2
1676,5.60075,,120.5,,63.2
1677,5.60471,,120.333,,63.2
1678,5.60867,,120.167,,63.2
1679,5.61262,,120,,63.2
1680,5.61649,,120,,63.1667
1681,5.62035,,120,,63.1333
1682,5.62422,,120,,63.1
1683,5.62809,,120,,63.0667
1684,5.63195,,120,,63.0333
1685,5.63582,,120,,63
1686,5.63913,,120,,63
1687,5.64244,,120,,63
1688,5.64575,,120,,63
1689,5.64907,,120,,63
1690,5.65238,,120,,63
1691,5.65569,,120,,63
1692,5.659,,120,,63
1693,5.66269,,120,,63.0333
1694,5.66637,,120,,63.0667
1695,5.67006,,120,,63.1
1696,5.67375,,120,,63.1333
1697,5.67743,,120,,63.1667
1698,5.68112,,120,,63.2
1699,5.68465,,120.167,,63.2
1700,5.68817,,120.333,,63.2
1701,5.6917,,120.5,,63.2
1702,5.69523,,120.667,,63.2
1703,5.69875,,120.833,,63.2
1704,5.70228,,121,,63.2
1705,5.70571,,121.167,,63.2
1706,5.70914,,121.333,,63.2
1707,5.71258,,121.5,,63.2
1708,5.71601,,121.667,,63.2
1709,5.71944,,121.833,,63.2
1710,5.72287,,122,,63.2
1711,5.72633,,122,,63.2333
1712,5.72978,,122,,63.2667
1713,5.73324,,122,,63.3
1714,5.7367,,122,,63.3333
1715,5.74015,,122,,63.3667
1716,5.74361,,122,,63.4
1717,5.7472,,122,,63.3667
1718,5.75078,,122,,63.3333
1719,5.75437,,122,,63.3
1720,5.75796,,122,,63.2667
1721,5.76154,,122,,63.2333
1722,5.76513,,122,,63.2
1723,5.76868,,122.25,,63.15
1724,5.77224,,122.5,,63.1
1725,5.7758,,122.75,,63.05
1726,5.77935,,123,,63
1727,5.78283,,122.8,,62.76
1728,5.78631,,122.6,,62.52
1729,5.78978,,122.4,,62.28
1730,5.79326,,122.2,,62.04
1731,5.79674,,122,,61.8
1732,5.80016,,121.833,,61.6333
1733,5.80357,,121.667,,61.4667
1734,5.80699,,121.5,,61.3
1735,5.81041,,121.333,,61.1333
1736,5.81382,,121.167,,60.9667
1737,5.81724,,121,,60.8
1738,5.82021,,121,,60.6
1739,5.82325,,120.5,,60.5333
1740,5.82628,,120,,60.4667
1741,5.82932,,119.5,,60.4
1742,5.83235,,119,,60.3333
1743,5.83539,,118.5,,60.2667
1744,5.83842,,118,,60.2
1745,5.84179,,118.167,,60.3667
1746,5.84515,,118.333,,60.5333
1747,5.84852,,118.5,,60.7
1748,5.85189,,118.667,,60.8667
1749,5.85525,,118.833,,61.0333
1750,5.85862,,119,,61.2
1751,5.86161,,119.25,,61.35
1752,5.86461,,119.5,,61.5
1753,5.8676,,119.75,,61.65
1754,5.87059,,120,,61.8
1755,5.87385,,120.143,,61.8571
1756,5.8771,,120.286,,61.9143
1757,5.88036,,120.429,,61.9714
1758,5.88361,,120.571,,62.0286
1759,5.88687,,120.714,,62.0857
1760,5.89012,,120.857,,62.1429
1761,5.89338,,121,,62.2
1762,5.89708,,121.167,,62.0667
1763,5.90078,,121.333,,61.9333
1764,5.90448,,121.5,,61.8
1765,5.90819,,121.667,,61.6667
1766,5.91189,,121.833,,61.5333
1767,5.91559,,122,,61.4
1768,5.91907,,122,,61.3333
1769,5.92255,,122,,61.2667
1770,5.92604,,122,,61.2
1771,5.92952,,122,,61.1333
1772,5.933,,122,,61.0667
1773,5.93648,,122,,61
1774,5.93969,,121.8,,60.92
1775,5.94291,,121.6,,60.84
1776,5.94612,,121.4,,60.76
1777,5.94934,,121.2,,60.68
1778,5.95255,,121,,60.6
1779,5.95587,,120.714,,60.6571
1780,5.9592,,120.429,,60.7143
1781,5.96252,,120.143,,60.7714
1782,5.96584,,119.857,,60.8286
1783,5.96916,,119.571,,60.8857
1784,5.97249,,119.286,,60.9429
1785,5.97581,,119,,61
1786,5.97956,,119.167,,60.9667
1787,5.9833,,119.333,,60.9333
1788,5.98705,,119.5,,60.9
1789,5.99079,,119.667,,60.8667
1790,5.99453,,119.833,,60.8333
1791,5.99828,,120,,60.8
1792,6.00198,,121,,60.8
1793,6.00573,,121,,60.6667
1794,6.00948,,121,,60.5333
1795,6.01323,,121,,60.4
1796,6.01698,,121,,60.2667
1797,6.02073,,121,,60.1333
1798,6.02448,,121,,60
1799,6.02799,,121,,60
1800,6.0315,,121,,60
1801,6.03501,,121,,60
1802,6.03852,,121,,60
1803,6.04203,,121,,60
1804,6.04554,,121,,60
1805,6.04867,,121.167,,59.9333
1806,6.05179,,121.333,,59.8667
1807,6.05492,,121.5,,59.8
1808,6.05805,,121.667,,59.7333
1809,6.06117,,121.833,,59.6667
1810,6.0643,,122,,59.6
1811,6.06767,,121.714,,59.6286
1812,6.07104,,121.429,,59.6571
1813,6.07441,,121.143,,59.6857
1814,6.07779,,120.857,,59.7143
1815,6.08116,,120.571,,59.7429
1816,6.08453,,120.286,,59.7714
1817,6.0879,,120,,59.8
1818,6.09159,,119.833,,59.8
1819,6.09529,,119.667,,59.8
1820,6.09898,,119.5,,59.8
1821,6.10267,,119.333,,59.8
1822,6.10637,,119.167,,59.8
1823,6.11006,,119,,59.8
1824,6.11323,,119,,59.8571
1825,6.11641,,119,,59.9143
1826,6.11958,,119,,59.9714
1827,6.12276,,119,,60.0286
1828,6.12593,,119,,60.0857
1829,6.12911,,119,,60.1429
1830,6.13228,,119,,60.2
1831,6.13568,,119,,60.2
1832,6.13909,,119,,60.2
1833,6.14249,,119,,60.2
1834,6.1459,,119,,60.2
1835,6.1493,,119,,60.2
1836,6.15271,,119,,60.2
1837,6.15611,,119,,60.2
1838,6.15968,,119.167,,60.1667
1839,6.16326,,119.333,,60.1333
1840,6.16683,,119.5,,60.1
1841,6.17041,,119.667,,60.0667
1842,6.17399,,119.833,,60.0333
1843,6.17756,,120,,60
1844,6.18091,,120,,59.9667
1845,6.18426,,120,,59.9333
1846,6.18761,,120,,59.9
1847,6.19097,,120,,59.8667
1848,6.19432,,120,,59.8333
1849,6.19767,,120,,59.8
1850,6.20079,,120.143,,59.8571
1851,6.20392,,120.286,,59.9143
1852,6.20704,,120.429,,59.9714
1853,6.21016,,120.571,,60.0286
1854,6.21328,,120.714,,60.0857
1855,6.21641,,120.857,,60.1429
1856,6.21953,,121,,60.2
1857,6.22289,,121,,60.1143
1858,6.22626,,121,,60.0286
1859,6.22962,,121,,59.9429
1860,6.23299,,121,,59.8571
1861,6.23635,,121,,59.7714
1862,6.23972,,121,,59.6857
1863,6.24308,,121,,59.6
1864,6.24691,,120.833,,59.5333
1865,6.25073,,120.667,,59.4667
1866,6.25456,,120.5,,59.4
1867,6.25839,,120.333,,59.3333
1868,6.26221,,120.167,,59.2667
1869,6.26604,,120,,59.2
1870,6.26968,,120.25,,59.05
1871,6.27333,,120.5,,58.9
1872,6.27698,,120.75,,58.75
1873,6.28062,,121,,58.6
1874,6.28435,,120.833,,58.5333
1875,6.28807,,120.667,,58.4667
1876,6.2918,,120.5,,58.4
1877,6.29553,,120.333,,58.3333
1878,6.29925,,120.167,,58.2667
1879,6.30298,,120,,58.2
1880,6.30608,,120,,58.2571
1881,6.30918,,120,,58.3143
1882,6.31228,,120,,58.3714
1883,6.31537,,120,,58.4286
1884,6.31847,,120,,58.4857
1885,6.32157,,120,,58.5429
1886,6.32467,,120,,58.6
1887,6.32685,,119.857,,58.6
1888,6.32903,,119.714,,58.6
1889,6.33121,,119.571,,58.6
1890,6.3334,,119.429,,58.6
1891,6.33558,,119.286,,58.6
1892,6.33776,,119.143,,58.6
1893,6.33994,,119,,58.6
1894,6.34031,,118.25,,58.45
1895,6.34068,,117.5,,58.3
1896,6.34105,,116.75,,58.15
1897,6.34142,,116,,58
1898,6.34147,,115,,58.2
1899,6.34151,,114,,58.4
1900,6.34156,,113,,58.6
1901,6.3416,,110.5,,58.6
1902,6.34164,,108,,58.6
1903,6.34168,,106,,58.4
1904,6.34171,,104,,58.2
1905,6.34177,,102.5,,58.1
1906,6.34183,,101,,58
1907,6.34185,,99.5,,58
1908,6.34188,,98,,58
1909,6.34193,,96.5,,58
1910,6.34198,,95,,58
1911,6.34198,,93.5,,58
1912,6.34198,,92,,58
1913,6.342,,91.4,,58
1914,6.34202,,90.8,,58
1915,6.34204,,90.2,,58
1916,6.34206,,89.6,,58
1917,6.34208,,89,,58
1918,6.34211,,88.3333,,58.1
1919,6.34215,,87.6667,,58.2
1920,6.34218,,87,,58.3
1921,6.34221,,86.3333,,58.4
1922,6.34225,,85.6667,,58.5
1923,6.34228,,85,,58.6
1924,6.34249,,86,,58.6
1925,6.34271,,87,,58.6
1926,6.34292,,88,,58.6
1927,6.34456,,89.6667,,58.6667
1928,6.34621,,91.3333,,58.7333
1929,6.34785,,93,,58.8
1930,6.35004,,95,,58.6
1931,6.35295,,96.3333,,58.6
1932,6.35587,,97.6667,,58.6
1933,6.35878,,99,,58.6
1934,6.36208,,100.5,,58.6
1935,6.36537,,102,,58.6
1936,6.36876,,102.75,,58.45
1937,6.37214,,103.5,,58.3
1938,6.37553,,104.25,,58.15
1939,6.37892,,105,,58
1940,6.3822,,105.143,,57.9429
1941,6.38548,,105.286,,57.8857
1942,6.38876,,105.429,,57.8286
1943,6.39205,,105.571,,57.7714
1944,6.39533,,105.714,,57.7143
1945,6.39861,,105.857,,57.6571
1946,6.40189,,106,,57.6
1947,6.4052,,106,,57.4
1948,6.40783,,106.125,,57.5
1949,6.41046,,106.25,,57.6
1950,6.41309,,106.375,,57.7
1951,6.41572,,106.5,,57.8
1952,6.41835,,106.625,,57.9
1953,6.42098,,106.75,,58
1954,6.42361,,106.875,,58.1
1955,6.42624,,107,,58.2
1956,6.42747,,107,,58.2
1957,6.42818,,106,,58.2
1958,6.4289,,105,,58.2
1959,6.42907,,104.4,,58.2
1960,6.42923,,103.8,,58.2
1961,6.4294,,103.2,,58.2
1962,6.42956,,102.6,,58.2
1963,6.42973,,102,,58.2
1964,6.42976,,101.429,,58.2286
1965,6.4298,,100.857,,58.2571
1966,6.42983,,100.286,,58.2857
1967,6.42987,,99.7143,,58.3143
1968,6.4299,,99.1429,,58.3429
1969,6.42994,,98.5714,,58.3714
1970,6.42997,,98,,58.4
1971,6.42999,,97,,58.3333
1972,6.43,,96,,58.2667
1973,6.43002,,95,,58.2
1974,6.43003,,93.5,,58.3
1975,6.43003,,92,,58.4
1976,6.43004,,90.5,,58.3
1977,6.43005,,89,,58.2
1978,6.43017,,87.6667,,58.2
1979,6.43028,,86.3333,,58.2
1980,6.4304,,85,,58.2
1981,6.43049,,84,,58.1333
1982,6.43059,,83,,58.0667
1983,6.43068,,82,,58
1984,6.43073,,81.75,,58.0167
1985,6.43078,,81.5,,58.0333
1986,6.43083,,81.25,,58.05
1987,6.43088,,81,,58.0667
1988,6.43093,,80.75,,58.0833
1989,6.43098,,80.5,,58.1
1990,6.43103,,80.25,,58.1167
1991,6.43108,,80,,58.1333
1992,6.43113,,79.75,,58.15
1993,6.43118,,79.5,,58.1667
1994,6.43123,,79.25,,58.1833
1995,6.43128,,79,,58.2
1996,6.43135,,78.7692,,58.2
1997,6.43142,,78.5385,,58.2
1998,6.43149,,78.3077,,58.2
1999,6.43157,,78.0769,,58.2
2000,6.43164,,77.8462,,58.2
2001,6.43171,,77.6154,,58.2
2002,6.43178,,77.3846,,58.2
2003,6.43185,,77.1538,,58.2
2004,6.43192,,76.9231,,58.2
2005,6.432,,76.6923,,58.2
2006,6.43207,,76.4615,,58.2
2007,6.43214,,76.2308,,58.2
2008,6.43221,,76,,58.2
2009,6.43224,,75.4,,58.2
2010,6.43228,,74.8,,58.2
2011,6.43231,,74.2,,58.2
2012,6.43235,,73.6,,58.2
2013,6.43238,,73,,58.2
2014,6.43247,,73.375,,58.225
2015,6.43255,,73.75,,58.25
2016,6.43264,,74.125,,58.275
2017,6.43272,,74.5,,58.3
2018,6.43281,,74.875,,58.325
2019,6.4329,,75.25,,58.35
2020,6.43298,,75.625,,58.375
2021,6.43307,,76,,58.4
2022,6.43327,,77,,58.4
2023,6.43347,,78,,58.4
2024,6.43367,,79,,58.4
2025,6.43381,,78.8182,,58.4091
2026,6.43395,,78.6364,,58.4182
2027,6.43409,,78.4545,,58.4273
2028,6.43423,,78.2727,,58.4364
2029,6.43437,,78.0909,,58.4455
2030,6.43451,,77.9091,,58.4545
2031,6.43465,,77.7273,,58.4636
2032,6.43479,,77.5455,,58.4727
2033,6.43493,,77.3636,,58.4818
2034,6.43507,,77.1818,,58.4909
2035,6.43521,,77,,58.5
2036,6.43536,,76.8182,,58.5091
2037,6.4355,,76.6364,,58.5182
2038,6.43564,,76.4545,,58.5273
2039,6.43578,,76.2727,,58.5364
2040,6.43592,,76.0909,,58.5455
2041,6.43606,,75.9091,,58.5545
2042,6.4362,,75.7273,,58.5636
2043,6.43634,,75.5455,,58.5727
2044,6.43648,,75.3636,,58.5818
2045,6.43662,,75.1818,,58.5909
2046,6.43676,,75,,58.6
2047,6.43696,,75.2308,,58.5538
2048,6.43715,,75.4615,,58.5077
2049,6.43735,,75.6923,,58.4615
2050,6.43754,,75.9231,,58.4154
2051,6.43774,,76.1538,,58.3692
2052,6.43793,,76.3846,,58.3231
2053,6.43813,,76.6154,,58.2769
2054,6.43832,,76.8462,,58.2308
2055,6.43852,,77.0769,,58.1846
2056,6.43871,,77.3077,,58.1385
2057,6.43891,,77.5385,,58.0923
2058,6.4391,,77.7692,,58.0462
2059,6.4393,,78,,58
2060,6.43946,,77.7692,,58
2061,6.43962,,77.5385,,58
2062,6.43977,,77.3077,,58
2063,6.43993,,77.0769,,58
2064,6.44009,,76.8462,,58
2065,6.44025,,76.6154,,58
2066,6.4404,,76.3846,,58
2067,6.44056,,76.1538,,58
2068,6.44072,,75.9231,,58
2069,6.44088,,75.6923,,58
2070,6.44103,,75.4615,,58
2071,6.44119,,75.2308,,58
2072,6.44135,,75,,58
2073,6.44158,,75.15,,57.99
2074,6.44182,,75.3,,57.98
2075,6.44205,,75.45,,57.97
2076,6.44229,,75.6,,57.96
2077,6.44252,,75.75,,57.95
2078,6.44275,,75.9,,57.94
2079,6.44299,,76.05,,57.93
2080,6.44322,,76.2,,57.92
2081,6.44346,,76.35,,57.91
2082,6.44369,,76.5,,57.9
2083,6.44392,,76.65,,57.89
2084,6.44416,,76.8,,57.88
2085,6.44439,,76.95,,57.87
2086,6.44463,,77.1,,57.86
2087,6.44486,,77.25,,57.85
2088,6.44509,,77.4,,57.84
2089,6.44533,,77.55,,57.83
2090,6.44556,,77.7,,57.82
2091,6.4458,,77.85,,57.81
2092,6.44603,,78,,57.8
2154,6.45165,,75,,57.8
2214,6.45571,,72,,58.4
2275,6.46055,,69,,57.8
2301,6.46206,,72,,58
2302,6.46216,,73,,58
2303,6.46226,,74,,58
2304,6.46236,,75,,58
2305,6.46242,,74.8,,57.9867
2306,6.46247,,74.6,,57.9733
2307,6.46253,,74.4,,57.96
2308,6.46259,,74.2,,57.9467
2309,6.46264,,74,,57.9333
2310,6.4627,,73.8,,57.92
2311,6.46276,,73.6,,57.9067
2312,6.46281,,73.4,,57.8933
2313,6.46287,,73.2,,57.88
2314,6.46293,,73,,57.8667
2315,6.46298,,72.8,,57.8533
2316,6.46304,,72.6,,57.84
2317,6.4631,,72.4,,57.8267
2318,6.46315,,72.2,,57.8133
2319,6.46321,,72,,57.8
2320,6.46322,,71.5,,57.8333
2321,6.46323,,71,,57.8667
2322,6.46324,,70.5,,57.9
2323,6.46324,,70,,57.9333
2324,6.46325,,69.5,,57.9667
2325,6.46326,,69,,58
2364,6.46526,,72,,58.4
2365,6.46535,,71.625,,58.375
2366,6.46544,,71.25,,58.35
2367,6.46554,,70.875,,58.325
2368,6.46563,,70.5,,58.3
2369,6.46572,,70.125,,58.275
2370,6.46582,,69.75,,58.25
2371,6.46591,,69.375,,58.225
2372,6.466,,69,,58.2
2373,6.46602,,68,,58.2
2374,6.46604,,67,,58.2
2375,6.46606,,66,,58.2
2402,6.46729,,69,,58
2403,6.46736,,68.8571,,58
2404,6.46742,,68.7143,,58
2405,6.46749,,68.5714,,58
2406,6.46755,,68.4286,,58
2407,6.46762,,68.2857,,58
2408,6.46768,,68.1429,,58
2409,6.46775,,68,,58
2410,6.46781,,67.8571,,58
2411,6.46788,,67.7143,,58
2412,6.46794,,67.5714,,58
2413,6.46801,,67.4286,,58
2414,6.46807,,67.2857,,58
2415,6.46814,,67.1429,,58
2416,6.4682,,67,,58
2417,6.46827,,66.8571,,58
2418,6.46833,,66.7143,,58
2419,6.4684,,66.5714,,58
2420,6.46846,,66.4286,,58
2421,6.46853,,66.2857,,58
2422,6.46859,,66.1429,,58
2423,6.46866,,66,,58
2424,6.46871,,65.875,,58.0417
2425,6.46875,,65.75,,58.0833
2426,6.4688,,65.625,,58.125
2427,6.46885,,65.5,,58.1667
2428,6.4689,,65.375,,58.2083
2429,6.46894,,65.25,,58.25
2430,6.46899,,65.125,,58.2917
2431,6.46904,,65,,58.3333
2432,6.46908,,64.875,,58.375
2433,6.46913,,64.75,,58.4167
2434,6.46918,,64.625,,58.4583
2435,6.46922,,64.5,,58.5
2436,6.46927,,64.375,,58.5417
2437,6.46932,,64.25,,58.5833
2438,6.46937,,64.125,,58.625
2439,6.46941,,64,,58.6667
2440,6.46946,,63.875,,58.7083
2441,6.46951,,63.75,,58.75
2442,6.46955,,63.625,,58.7917
2443,6.4696,,63.5,,58.8333
2444,6.46965,,63.375,,58.875
2445,6.4697,,63.25,,58.9167
2446,6.46974,,63.125,,58.9583
2447,6.46979,,63,,59
2448,6.46988,,63.2143,,59.0143
2449,6.46997,,63.4286,,59.0286
2450,6.47005,,63.6429,,59.0429
2451,6.47014,,63.8571,,59.0571
2452,6.47023,,64.0714,,59.0714
2453,6.47032,,64.2857,,59.0857
2454,6.4704,,64.5,,59.1
2455,6.47049,,64.7143,,59.1143
2456,6.47058,,64.9286,,59.1286
2457,6.47067,,65.1429,,59.1429
2458,6.47076,,65.3571,,59.1571
2459,6.47084,,65.5714,,59.1714
2460,6.47093,,65.7857,,59.1857
2461,6.47102,,66,,59.2
2462,6.47106,,66.125,,59.15
2463,6.4711,,66.25,,59.1
2464,6.47114,,66.375,,59.05
2465,6.47118,,66.5,,59
2466,6.47122,,66.625,,58.95
2467,6.47126,,66.75,,58.9
2468,6.4713,,66.875,,58.85
2469,6.47134,,67,,58.8
2470,6.47138,,67.125,,58.75
2471,6.47142,,67.25,,58.7
2472,6.47146,,67.375,,58.65
2473,6.47151,,67.5,,58.6
2474,6.47155,,67.625,,58.55
2475,6.47159,,67.75,,58.5
2476,6.47163,,67.875,,58.45
2477,6.47167,,68,,58.4
2478,6.47171,,68.125,,58.35
2479,6.47175,,68.25,,58.3
2480,6.47179,,68.375,,58.25
2481,6.47183,,68.5,,58.2
2482,6.47187,,68.625,,58.15
2483,6.47191,,68.75,,58.1
2484,6.47195,,68.875,,58.05
2485,6.47199,,69,,58
2513,6.47278,,72,,58
2514,6.47287,,71.75,,58
2515,6.47296,,71.5,,58
2516,6.47304,,71.25,,58
2517,6.47313,,71,,58
2518,6.47322,,70.75,,58
2519,6.4733,,70.5,,58
2520,6.47339,,70.25,,58
2521,6.47348,,70,,58
2522,6.47357,,69.75,,58
2523,6.47366,,69.5,,58
2524,6.47374,,69.25,,58
2525,6.47383,,69,,58
2526,6.47387,,68.6667,,58
2527,6.47392,,68.3333,,58
2528,6.47396,,68,,58
2529,6.47555,,68.75,,57.85
2530,6.47714,,69.5,,57.7
2531,6.47872,,70.25,,57.55
2532,6.48031,,71,,57.4
2533,6.48255,,75,,57
2534,6.48471,,75,,56.8
2535,6.4871,,75.5,,56.5
2536,6.48948,,76,,56.2
2537,6.49165,,77.5,,56
2538,6.49383,,79,,55.8
2539,6.4958,,80,,55.7333
2540,6.49777,,81,,55.6667
2541,6.49974,,82,,55.6
2542,6.503,,83.5,,55.8
2543,6.50627,,85,,56
2544,6.5088,,86,,56.2
2545,6.51132,,87,,56.4
2546,6.51385,,88,,56.6
2547,6.51568,,89.5,,56.7
2548,6.51752,,91,,56.8
2549,6.51944,,91.5,,57
2550,6.52136,,92,,57.2
2551,6.52369,,93,,57.3333
2552,6.52603,,94,,57.4667
2553,6.52836,,95,,57.6
2554,6.53141,,95.25,,57.75
2555,6.53446,,95.5,,57.9
2556,6.53752,,95.75,,58.05
2557,6.54057,,96,,58.2
2558,6.54376,,96.5,,58.4
2559,6.54695,,97,,58.6
2560,6.55015,,97.5,,58.8
2561,6.55334,,98,,59
2562,6.55653,,98.5,,59.2
2563,6.55972,,99,,59.4
2564,6.56241,,100,,59.6
2565,6.56518,,100.5,,59.7333
2566,6.56794,,101,,59.8667
2567,6.57071,,101.5,,60
2568,6.57348,,102,,60.1333
2569,6.57624,,102.5,,60.2667
2570,6.57901,,103,,60.4
2571,6.58183,,103.5,,60.6
2572,6.58464,,104,,60.8
2573,6.58746,,104.5,,61
2574,6.59027,,105,,61.2
2575,6.59309,,105.5,,61.4
2576,6.5959,,106,,61.6
2577,6.59851,,106.5,,61.7333
2578,6.60112,,107,,61.8667
2579,6.60373,,107.5,,62
2580,6.60634,,108,,62.1333
2581,6.60895,,108.5,,62.2667
2582,6.61156,,109,,62.4
2583,6.61234,,109.333,,62.4667
2584,6.61313,,109.667,,62.5333
2585,6.61391,,110,,62.6
2586,6.61437,,109.875,,62.65
2587,6.61484,,109.75,,62.7
2588,6.61531,,109.625,,62.75
2589,6.61577,,109.5,,62.8
2590,6.61623,,109.375,,62.85
2591,6.6167,,109.25,,62.9
2592,6.61716,,109.125,,62.95
2593,6.61763,,109,,63
2594,6.61987,,109.2,,63.2
2595,6.6221,,109.4,,63.4
2596,6.62434,,109.6,,63.6
2597,6.62657,,109.8,,63.8
2598,6.62881,,110,,64
2599,6.63144,,110,,64.1667
2600,6.63407,,110,,64.3333
2601,6.6367,,110,,64.5
2602,6.63933,,110,,64.6667
2603,6.64196,,110,,64.8333
2604,6.64459,,110,,65
2605,6.64816,,110,,65.2
2606,6.65174,,110,,65.4
2607,6.65531,,110,,65.6
2608,6.65889,,110,,65.8
2609,6.66247,,110,,66
2610,6.66604,,110,,66.2
2611,6.66831,,110.167,,66.3667
2612,6.67059,,110.333,,66.5333
2613,6.67286,,110.5,,66.7
2614,6.67513,,110.667,,66.8667
2615,6.67741,,110.833,,67.0333
2616,6.67968,,111,,67.2
2617,6.68241,,111.375,,67.35
2618,6.68513,,111.75,,67.5
2619,6.68785,,112.125,,67.65
2620,6.69058,,112.5,,67.8
2621,6.69331,,112.875,,67.95
2622,6.69603,,113.25,,68.1
2623,6.69876,,113.625,,68.25
2624,6.70148,,114,,68.4
2625,6.70459,,114.143,,68.4857
2626,6.70769,,114.286,,68.5714
2627,6.7108,,114.429,,68.6571
2628,6.71391,,114.571,,68.7429
2629,6.71702,,114.714,,68.8286
2630,6.72012,,114.857,,68.9143
2631,6.72323,,115,,69
2632,6.72671,,115,,69.12
2633,6.73019,,115,,69.24
2634,6.73368,,115,,69.36
2635,6.73716,,115,,69.48
2636,6.74064,,115,,69.6
2637,6.74319,,115.125,,69.725
2638,6.74573,,115.25,,69.85
2639,6.74828,,115.375,,69.975
2640,6.75082,,115.5,,70.1
2641,6.75337,,115.625,,70.225
2642,6.75592,,115.75,,70.35
2643,6.75846,,115.875,,70.475
2644,6.76101,,116,,70.6
2645,6.76316,,116,,70.7111
2646,6.7653,,116,,70.8222
2647,6.76745,,116,,70.9333
2648,6.76959,,116,,71.0444
2649,6.77174,,116,,71.1556
2650,6.77388,,116,,71.2667
2651,6.77603,,116,,71.3778
2652,6.77817,,116,,71.4889
2653,6.78032,,116,,71.6
2654,6.78291,,115.875,,71.675
2655,6.7855,,115.75,,71.75
2656,6.78808,,115.625,,71.825
2657,6.79067,,115.5,,71.9
2658,6.79326,,115.375,,71.975
2659,6.79584,,115.25,,72.05
2660,6.79843,,115.125,,72.125
2661,6.80102,,115,,72.2
2662,6.8038,,115,,72.4
2663,6.80657,,115,,72.6
2664,6.80935,,115,,72.8
2665,6.81212,,114.875,,72.85
2666,6.81489,,114.75,,72.9
2667,6.81766,,114.625,,72.95
2668,6.82043,,114.5,,73
2669,6.82321,,114.375,,73.05
2670,6.82598,,114.25,,73.1
2671,6.82875,,114.125,,73.15
2672,6.83152,,114,,73.2
2673,6.83395,,114,,73.25
2674,6.83637,,114,,73.3
2675,6.8388,,114,,73.35
2676,6.84122,,114,,73.4
2677,6.84365,,114,,73.45
2678,6.84608,,114,,73.5
2679,6.8485,,114,,73.55
2680,6.85093,,114,,73.6
2681,6.85334,,113.667,,73.6667
2682,6.85575,,113.333,,73.7333
2683,6.85815,,113,,73.8
2684,6.86056,,112.667,,73.8667
2685,6.86297,,112.333,,73.9333
2686,6.86538,,112,,74
2687,6.86778,,111.667,,74.0667
2688,6.87019,,111.333,,74.1333
2689,6.8726,,111,,74.2
2690,6.8755,,110.8,,74.32
2691,6.87839,,110.6,,74.44
2692,6.88129,,110.4,,74.56
2693,6.88418,,110.2,,74.68
2694,6.88708,,110,,74.8
2695,6.89024,,110.143,,74.8286
2696,6.8934,,110.286,,74.8571
2697,6.89656,,110.429,,74.8857
2698,6.89972,,110.571,,74.9143
2699,6.90288,,110.714,,74.9429
2700,6.90604,,110.857,,74.9714
2701,6.9092,,111,,75
2702,6.91209,,111,,74.9714
2703,6.91498,,111,,74.9429
2704,6.91787,,111,,74.9143
2705,6.92077,,111,,74.8857
2706,6.92366,,111,,74.8571
2707,6.92655,,111,,74.8286
2708,6.92944,,111,,74.8
2709,6.93326,,110.833,,74.7
2710,6.93707,,110.667,,74.6
2711,6.94089,,110.5,,74.5
2712,6.94471,,110.333,,74.4
2713,6.94852,,110.167,,74.3
2714,6.95234,,110,,74.2
2715,6.95583,,110,,74.1
2716,6.95931,,110,,74
2717,6.96279,,110,,73.9
2718,6.96628,,110,,73.8
2719,6.96977,,110,,73.7
2720,6.97325,,110,,73.6
2721,6.97641,,110,,73.8
2722,6.97979,,109.833,,73.7
2723,6.98317,,109.667,,73.6
2724,6.98655,,109.5,,73.5
2725,6.98993,,109.333,,73.4
2726,6.99331,,109.167,,73.3
2727,6.99669,,109,,73.2
2728,7.00053,,108.833,,73.1667
2729,7.00436,,108.667,,73.1333
2730,7.0082,,108.5,,73.1
2731,7.01204,,108.333,,73.0667
2732,7.01587,,108.167,,73.0333
2733,7.01971,,108,,73
2734,7.02295,,107.857,,73
2735,7.02619,,107.714,,73
2736,7.02943,,107.571,,73
2737,7.03268,,107.429,,73
2738,7.03592,,107.286,,73
2739,7.03916,,107.143,,73
2740,7.0424,,107,,73
2741,7.04527,,107.143,,73.1143
2742,7.04814,,107.286,,73.2286
2743,7.05101,,107.429,,73.3429
2744,7.05388,,107.571,,73.4571
2745,7.05675,,107.714,,73.5714
2746,7.05962,,107.857,,73.6857
2747,7.06249,,108,,73.8
2748,7.06513,,108,,73.9143
2749,7.06776,,108,,74.0286
2750,7.0704,,108,,74.1429
2751,7.07303,,108,,74.2571
2752,7.07567,,108,,74.3714
2753,7.0783,,108,,74.4857
2754,7.08094,,108,,74.6
2755,7.08358,,108.125,,74.675
2756,7.08623,,108.25,,74.75
2757,7.08887,,108.375,,74.825
2758,7.09151,,108.5,,74.9
2759,7.09416,,108.625,,74.975
2760,7.0968,,108.75,,75.05
2761,7.09945,,108.875,,75.125
2762,7.10209,,109,,75.2
2763,7.10453,,109.375,,75.15
2764,7.10697,,109.75,,75.1
2765,7.10941,,110.125,,75.05
2766,7.11185,,110.5,,75
2767,7.11429,,110.875,,74.95
2768,7.11673,,111.25,,74.9
2769,7.11917,,111.625,,74.85
2770,7.12161,,112,,74.8
2771,7.12452,,112,,74.7714
2772,7.12742,,112,,74.7429
2773,7.13033,,112,,74.7143
2774,7.13323,,112,,74.6857
2775,7.13614,,112,,74.6571
2776,7.13904,,112,,74.6286
2777,7.14195,,112,,74.6
2778,7.14437,,112,,74.6
2779,7.14678,,112,,74.6
2780,7.1492,,112,,74.6
2781,7.15162,,112,,74.6
2782,7.15403,,112,,74.6
2783,7.15645,,112,,74.6
2784,7.15887,,112,,74.6
2785,7.16128,,112,,74.6
2786,7.1637,,112,,74.6
2787,7.1661,,112,,74.5778
2788,7.1685,,112,,74.5556
2789,7.17089,,112,,74.5333
2790,7.17329,,112,,74.5111
2791,7.17569,,112,,74.4889
2792,7.17809,,112,,74.4667
2793,7.18048,,112,,74.4444
2794,7.18288,,112,,74.4222
2795,7.18528,,112,,74.4
2796,7.18756,,111.9,,74.42
2797,7.18983,,111.8,,74.44
2798,7.19211,,111.7,,74.46
2799,7.19439,,111.6,,74.48
2800,7.19666,,111.5,,74.5
2801,7.19894,,111.4,,74.52
2802,7.20122,,111.3,,74.54
2803,7.2035,,111.2,,74.56
2804,7.20577,,111.1,,74.58
2805,7.20805,,111,,74.6
2806,7.21108,,111,,74.6
2807,7.21411,,111,,74.6
2808,7.21714,,111,,74.6
2809,7.22016,,111,,74.6
2810,7.22319,,111,,74.6
2811,7.22622,,111,,74.6
2812,7.22925,,111,,74.6
2813,7.23228,,111,,74.6
2814,7.23562,,110.833,,74.6
2815,7.23896,,110.667,,74.6
2816,7.2423,,110.5,,74.6
2817,7.24564,,110.333,,74.6
2818,7.24898,,110.167,,74.6
2819,7.25232,,110,,74.6
2820,7.2557,,110.333,,74.6
2821,7.25908,,110.667,,74.6
2822,7.26246,,111,,74.6
2823,7.26583,,111.333,,74.6
2824,7.26921,,111.667,,74.6
2825,7.27259,,112,,74.6
2826,7.27582,,111.857,,74.6571
2827,7.27906,,111.714,,74.7143
2828,7.28229,,111.571,,74.7714
2829,7.28552,,111.429,,74.8286
2830,7.28875,,111.286,,74.8857
2831,7.29199,,111.143,,74.9429
2832,7.29522,,111,,75
2833,7.29834,,111,,74.9714
2834,7.30146,,111,,74.9429
2835,7.30458,,111,,74.9143
2836,7.3077,,111,,74.8857
2837,7.31082,,111,,74.8571
2838,7.31394,,111,,74.8286
2839,7.31706,,111,,74.8
2840,7.32027,,111.143,,74.8
2841,7.32349,,111.286,,74.8
2842,7.3267,,111.429,,74.8
2843,7.32991,,111.571,,74.8
2844,7.33312,,111.714,,74.8
2845,7.33634,,111.857,,74.8
2846,7.33955,,112,,74.8
2847,7.34177,,111.778,,74.7333
2848,7.344,,111.556,,74.6667
2849,7.34622,,111.333,,74.6
2850,7.34845,,111.111,,74.5333
2851,7.35067,,110.889,,74.4667
2852,7.3529,,110.667,,74.4
2853,7.35512,,110.444,,74.3333
2854,7.35735,,110.222,,74.2667
2855,7.35957,,110,,74.2
2856,7.36286,,109.5,,74.1333
2857,7.36615,,109,,74.0667
2858,7.36943,,108.5,,74
2859,7.37272,,108,,73.9333
2860,7.37601,,107.5,,73.8667
2861,7.3793,,107,,73.8
2862,7.38215,,107,,73.7333
2863,7.38499,,107,,73.6667
2864,7.38784,,107,,73.6
2865,7.39048,,107,,73.55
2866,7.39312,,107,,73.5
2867,7.39576,,107,,73.45
2868,7.39841,,107,,73.4
2869,7.40105,,107,,73.35
2870,7.40369,,107,,73.3
2871,7.40633,,107,,73.25
2872,7.40897,,107,,73.2
2873,7.41227,,106.857,,73.1143
2874,7.41556,,106.714,,73.0286
2875,7.41886,,106.571,,72.9429
2876,7.42215,,106.429,,72.8571
2877,7.42545,,106.286,,72.7714
2878,7.42874,,106.143,,72.6857
2879,7.43204,,106,,72.6
2880,7.43526,,106.286,,72.5714
2881,7.43847,,106.571,,72.5429
2882,7.44169,,106.857,,72.5143
2883,7.44491,,107.143,,72.4857
2884,7.44813,,107.429,,72.4571
2885,7.45134,,107.714,,72.4286
2886,7.45456,,108,,72.4
2887,7.45729,,108.125,,72.3
2888,7.46002,,108.25,,72.2
2889,7.46275,,108.375,,72.1
2890,7.46548,,108.5,,72
2891,7.46822,,108.625,,71.9
2892,7.47095,,108.75,,71.8
2893,7.47368,,108.875,,71.7
2894,7.47641,,109,,71.6
2895,7.47913,,108.8,,71.36
2896,7.48185,,108.6,,71.12
2897,7.48458,,108.4,,70.88
2898,7.4873,,108.2,,70.64
2899,7.49002,,108,,70.4
2900,7.49195,,108,,70
2901,7.49387,,108,,69.6
2902,7.4958,,108,,69.2
2903,7.49831,,108,,68.9
2904,7.50083,,108,,68.6
2905,7.50335,,108,,68.3
2906,7.50586,,108,,68
2907,7.50899,,108,,67.7
2908,7.51211,,108,,67.4
2909,7.51524,,108,,67.1
2910,7.51836,,108,,66.8
2911,7.52129,,107.833,,66.6
2912,7.52421,,107.667,,66.4
2913,7.52714,,107.5,,66.2
2914,7.53007,,107.333,,66
2915,7.53299,,107.167,,65.8
2916,7.53592,,107,,65.6
2917,7.53841,,107,,65.6889
2918,7.5409,,107,,65.7778
2919,7.54339,,107,,65.8667
2920,7.54588,,107,,65.9556
2921,7.54838,,107,,66.0444
2922,7.55087,,107,,66.1333
2923,7.55336,,107,,66.2222
2924,7.55585,,107,,66.3111
2925,7.55834,,107,,66.4
2926,7.56025,,107,,66.5333
2927,7.56216,,107,,66.6667
2928,7.56407,,107,,66.8
2929,7.56679,,107.2,,67.04
2930,7.56951,,107.4,,67.28
2931,7.57224,,107.6,,67.52
2932,7.57496,,107.8,,67.76
2933,7.57768,,108,,68
2934,7.58004,,108.2,,68.28
2935,7.58241,,108.4,,68.56
2936,7.58477,,108.6,,68.84
2937,7.58714,,108.8,,69.12
2938,7.5895,,109,,69.4
2939,7.59163,,109.333,,69.5667
2940,7.59377,,109.667,,69.7333
2941,7.5959,,110,,69.9
2942,7.59803,,110.333,,70.0667
2943,7.60017,,110.667,,70.2333
2944,7.6023,,111,,70.4
2945,7.60489,,111.6,,70.56
2946,7.60747,,112.2,,70.72
2947,7.61006,,112.8,,70.88
2948,7.61264,,113.4,,71.04
2949,7.61523,,114,,71.2
2950,7.61805,,115,,71.4
2951,7.62088,,115.5,,71.5
2952,7.6237,,116,,71.6
2953,7.62653,,116.5,,71.7
2954,7.62936,,117,,71.8
2955,7.63218,,117.5,,71.9
2956,7.63501,,118,,72
2957,7.63854,,118.2,,72.08
2958,7.64207,,118.4,,72.16
2959,7.64559,,118.6,,72.24
2960,7.64912,,118.8,,72.32
2961,7.65265,,119,,72.4
2962,7.65647,,119.167,,72.5667
2963,7.6603,,119.333,,72.7333
2964,7.66412,,119.5,,72.9
2965,7.66794,,119.667,,73.0667
2966,7.67177,,119.833,,73.2333
2967,7.67559,,120,,73.4
2968,7.6785,,120,,73.4
2969,7.68152,,120.286,,73.4857
2970,7.68455,,120.571,,73.5714
2971,7.68757,,120.857,,73.6571
2972,7.6906,,121.143,,73.7429
2973,7.69362,,121.429,,73.8286
2974,7.69665,,121.714,,73.9143
2975,7.69967,,122,,74
2976,7.70238,,122.167,,74.1
2977,7.70509,,122.333,,74.2
2978,7.70779,,122.5,,74.3
2979,7.7105,,122.667,,74.4
2980,7.71321,,122.833,,74.5
2981,7.71592,,123,,74.6
2982,7.71807,,122.667,,74.6333
2983,7.72021,,122.333,,74.6667
2984,7.72236,,122,,74.7
2985,7.72451,,121.667,,74.7333
2986,7.72665,,121.333,,74.7667
2987,7.7288,,121,,74.8
2988,7.72954,,121,,75.0667
2989,7.73028,,121,,75.3333
2990,7.73102,,121,,75.6
2991,7.73274,,120.667,,76.0667
2992,7.73445,,120.333,,76.5333
2993,7.73617,,120,,77
2994,7.73774,,119.667,,77.3333
2995,7.73932,,119.333,,77.6667
2996,7.74089,,119,,78
2997,7.74251,,119.2,,78.24
2998,7.74413,,119.4,,78.48
2999,7.74574,,119.6,,78.72
3000,7.74736,,119.8,,78.96
3001,7.74898,,120,,79.2
3002,7.75083,,120.286,,79.4
3003,7.75267,,120.571,,79.6
3004,7.75452,,120.857,,79.8
3005,7.75636,,121.143,,80
3006,7.75821,,121.429,,80.2
3007,7.76005,,121.714,,80.4
3008,7.7619,,122,,80.6
3009,7.7649,,122.667,,81
3010,7.7679,,123.333,,81.4
3011,7.7709,,124,,81.8
3012,7.77305,,124.333,,82.1333
3013,7.77519,,124.667,,82.4667
3014,7.77734,,125,,82.8
3015,7.7789,,125.333,,83.2667
3016,7.78045,,125.667,,83.7333
3017,7.78201,,126,,84.2
3018,7.78349,,126.5,,84.8
3019,7.78497,,127,,85.4
3020,7.7861,,127.333,,85.8
3021,7.78722,,127.667,,86.2
3022,7.78835,,128,,86.6
3023,7.79003,,128.25,,86.95
3024,7.79171,,128.5,,87.3
3025,7.7934,,128.75,,87.65
3026,7.79508,,129,,88
3027,7.79764,,129.5,,88.3
3028,7.8002,,130,,88.6
3029,7.80276,,130.5,,88.9
3030,7.80532,,131,,89.2
3031,7.80746,,131.333,,89.5333
3032,7.8096,,131.667,,89.8667
3033,7.81174,,132,,90.2
3034,7.81353,,132,,90.6
3035,7.81533,,132,,91
3036,7.81712,,132,,91.4
3037,7.81928,,132.25,,91.65
3038,7.82144,,132.5,,91.9
3039,7.82359,,132.75,,92.15
3040,7.82575,,133,,92.4
3041,7.82824,,133.25,,92.7
3042,7.83074,,133.5,,93
3043,7.83324,,133.75,,93.3
3044,7.83573,,134,,93.6
3045,7.83785,,134,,94.0667
3046,7.83998,,134,,94.5333
3047,7.8421,,134,,95
3048,7.84367,,135,,95.4
3049,7.84566,,135,,95.8
3050,7.84765,,135,,96.2
3051,7.84951,,135.25,,96.55
3052,7.85137,,135.5,,96.9
3053,7.85323,,135.75,,97.25
3054,7.85509,,136,,97.6
3055,7.85753,,136,,97.84
3056,7.85996,,136,,98.08
3057,7.8624,,136,,98.32
3058,7.86483,,136,,98.56
3059,7.86727,,136,,98.8
3060,7.86946,,136,,98.9
3061,7.87164,,136,,99
3062,7.87383,,136,,99.1
3063,7.87601,,136,,99.2
3064,7.87819,,136,,99.3
3065,7.88038,,136,,99.4
3066,7.88257,,136,,99.5
3067,7.88475,,136,,99.6
3068,7.88694,,136,,99.7
3069,7.88912,,136,,99.8
3070,7.89133,,135.833,,99.6
3071,7.89354,,135.667,,99.4
3072,7.89575,,135.5,,99.2
3073,7.89796,,135.333,,99
3074,7.90017,,135.167,,98.8
3075,7.90238,,135,,98.6
3076,7.90452,,134.8,,98.74
3077,7.90667,,134.6,,98.88
3078,7.90881,,134.4,,99.02
3079,7.91096,,134.2,,99.16
3080,7.9131,,134,,99.3
3081,7.91525,,133.8,,99.44
3082,7.91739,,133.6,,99.58
3083,7.91954,,133.4,,99.72
3084,7.92169,,133.2,,99.86
3085,7.92383,,133,,100
3086,7.92599,,132.8,,100.24
3087,7.92815,,132.6,,100.48
3088,7.93031,,132.4,,100.72
3089,7.93247,,132.2,,100.96
3090,7.93463,,132,,101.2
3091,7.93643,,132,,101.6
3092,7.93823,,132,,102
3093,7.93995,,132,,102.4
3094,7.94158,,131.5,,102.7
3095,7.9432,,131,,103
3096,7.94505,,131.5,,103.3
3097,7.9469,,132,,103.6
3098,7.94838,,131.8,,103.84
3099,7.94987,,131.6,,104.08
3100,7.95135,,131.4,,104.32
3101,7.95284,,131.2,,104.56
3102,7.95432,,131,,104.8
3103,7.95535,,131,,105.1
3104,7.95638,,131,,105.4
3105,7.95806,,130.667,,105.533
3106,7.95975,,130.333,,105.667
3107,7.96143,,130,,105.8
3108,7.96328,,130,,106.15
3109,7.96514,,130,,106.5
3110,7.96699,,130,,106.85
3111,7.96885,,130,,107.2
3112,7.97075,,130.333,,107.6
3113,7.97264,,130.667,,108
3114,7.97454,,131,,108.4
3115,7.97631,,131,,108.8
3116,7.97807,,131,,109.2
3117,7.97984,,131,,109.6
3118,7.98156,,131,,110
3119,7.98327,,131,,110.4
3120,7.98499,,131,,110.8
3121,7.98694,,131.333,,111.133
3122,7.98888,,131.667,,111.467
3123,7.99083,,132,,111.8
3124,7.99306,,132.5,,112.05
3125,7.9953,,133,,112.3
3126,7.99754,,133.5,,112.55
3127,7.99977,,134,,112.8
3128,8.00186,,134.2,,113.04
3129,8.00395,,134.4,,113.28
3130,8.00603,,134.6,,113.52
3131,8.00812,,134.8,,113.76
3132,8.01021,,135,,114
3133,8.01283,,135.167,,114.2
3134,8.01545,,135.333,,114.4
3135,8.01807,,135.5,,114.6
3136,8.02069,,135.667,,114.8
3137,8.02331,,135.833,,115
3138,8.02593,,136,,115.2
3139,8.02782,,136,,115.5
3140,8.0297,,136,,115.8
3141,8.03159,,136,,116.1
3142,8.03348,,136,,116.4
3143,8.035,,136,,116.733
3144,8.03651,,136,,117.067
3145,8.03803,,136,,117.4
3146,8.03955,,136.333,,117.8
3147,8.04107,,136.667,,118.2
3148,8.04259,,137,,118.6
3149,8.04469,,137,,119.2
3150,8.04678,,137,,119.8
3151,8.04861,,137,,120.267
3152,8.05045,,137,,120.733
3153,8.05228,,137,,121.2
3154,8.05363,,137.5,,121.7
3155,8.05499,,138,,122.2
3156,8.05681,,138,,122.667
3157,8.05864,,138,,123.133
3158,8.06046,,138,,123.6
3159,8.06234,,138.333,,124.067
3160,8.06423,,138.667,,124.533
3161,8.06611,,139,,125
3162,8.06823,,139.333,,125.533
3163,8.07034,,139.667,,126.067
3164,8.07246,,140,,126.6
3165,8.07476,,140,,127
3166,8.07707,,140,,127.4
3167,8.07937,,140,,127.8
3168,8.08182,,140.25,,128.15
3169,8.08426,,140.5,,128.5
3170,8.08671,,140.75,,128.85
3171,8.08915,,141,,129.2
3172,8.09182,,141,,129.125
3173,8.09449,,141,,129.05
3174,8.09716,,141,,128.975
3175,8.09983,,141,,128.9
3176,8.1025,,141,,128.825
3177,8.10517,,141,,128.75
3178,8.10784,,141,,128.675
3179,8.11051,,141,,128.6
3180,8.11329,,141,,128.267
3181,8.11606,,141,,127.933
3182,8.11884,,141,,127.6
3183,8.12183,,140.75,,127.4
3184,8.12483,,140.5,,127.2
3185,8.12782,,140.25,,127
3186,8.13081,,140,,126.8
3187,8.13404,,139.714,,126.8
3188,8.13728,,139.429,,126.8
3189,8.14051,,139.143,,126.8
3190,8.14375,,138.857,,126.8
3191,8.14698,,138.571,,126.8
3192,8.15022,,138.286,,126.8
3193,8.15345,,138,,126.8
3194,8.15648,,137.667,,126.933
3195,8.15951,,137.333,,127.067
3196,8.16254,,137,,127.2
3197,8.16556,,136.667,,127.333
3198,8.16859,,136.333,,127.467
3199,8.17162,,136,,127.6
3200,8.17446,,136,,127.9
3201,8.1773,,136,,128.2
3202,8.18014,,136,,128.5
3203,8.18298,,136,,128.8
3204,8.1852,,135.5,,129.1
3205,8.18743,,135,,129.4
3206,8.18966,,134.5,,129.7
3207,8.19188,,134,,130
3208,8.19384,,134,,130.3
3209,8.19581,,134,,130.6
3210,8.19778,,134,,130.9
3211,8.19974,,134,,131.2
3212,8.20184,,133.667,,131.6
3213,8.20393,,133.333,,132
3214,8.20603,,133,,132.4
3215,8.20823,,133,,132.867
3216,8.21044,,133,,133.333
3217,8.21264,,133,,133.8
3218,8.21452,,133.333,,134.2
3219,8.2164,,133.667,,134.6
3220,8.21828,,134,,135
3221,8.22037,,134,,135.267
3222,8.22246,,134,,135.533
3223,8.22455,,134,,135.8
3224,8.22669,,134,,136.267
3225,8.22884,,134,,136.733
3226,8.23098,,134,,137.2
3227,8.2332,,134.25,,137.5
3228,8.23542,,134.5,,137.8
3229,8.23765,,134.75,,138.1
3230,8.23987,,135,,138.4
3231,8.24224,,135,,138.733
3232,8.24461,,135,,139.067
3233,8.24698,,135,,139.4
3234,8.24942,,135.25,,139.7
3235,8.25185,,135.5,,140
3236,8.25428,,135.75,,140.3
3237,8.25672,,136,,140.6
3238,8.25916,,136.25,,140.85
3239,8.26161,,136.5,,141.1
3240,8.26406,,136.75,,141.35
3241,8.2665,,137,,141.6
3242,8.269,,137.25,,141.9
3243,8.2715,,137.5,,142.2
3244,8.274,,137.75,,142.5
3245,8.2765,,138,,142.8
3246,8.27903,,138,,143.2
3247,8.28157,,138,,143.6
3248,8.2841,,138,,144
3249,8.28656,,138.25,,144.25
3250,8.28901,,138.5,,144.5
3251,8.29147,,138.75,,144.75
3252,8.29393,,139,,145
3253,8.29628,,139,,145.3
3254,8.29864,,139,,145.6
3255,8.301,,139,,145.9
3256,8.30335,,139,,146.2
3257,8.3056,,139,,146.45
3258,8.30785,,139,,146.7
3259,8.3101,,139,,146.95
3260,8.31235,,139,,147.2
3261,8.31503,,139,,147.367
3262,8.31772,,139,,147.533
3263,8.32041,,139,,147.7
3264,8.32309,,139,,147.867
3265,8.32578,,139,,148.033
3266,8.32846,,139,,148.2
3267,8.33117,,139,,148.3
3268,8.33387,,139,,148.4
3269,8.33657,,139,,148.5
3270,8.33928,,139,,148.6
3271,8.34198,,139,,148.7
3272,8.34469,,139,,148.8
3273,8.34739,,139,,148.9
3274,8.3501,,139,,149
3275,8.35279,,139,,149
3276,8.35563,,139,,149.4
3277,8.35848,,139,,149.8
3278,8.36133,,139,,150.2
3279,8.36417,,139,,150.6
3280,8.36635,,139,,150.9
3281,8.36853,,139,,151.2
3282,8.37072,,139,,151.5
3283,8.3729,,139,,151.8
3284,8.37396,,138.6,,151.92
3285,8.37503,,138.2,,152.04
3286,8.37609,,137.8,,152.16
3287,8.37716,,137.4,,152.28
3288,8.37822,,137,,152.4
3289,8.3792,,136.4,,152.4
3290,8.38017,,135.8,,152.4
3291,8.38115,,135.2,,152.4
3292,8.38212,,134.6,,152.4
3293,8.3831,,134,,152.4
3294,8.38364,,133.625,,152.425
3295,8.38418,,133.25,,152.45
3296,8.38472,,132.875,,152.475
3297,8.38526,,132.5,,152.5
3298,8.3858,,132.125,,152.525
3299,8.38634,,131.75,,152.55
3300,8.38688,,131.375,,152.575
3301,8.38742,,131,,152.6
3302,8.38905,,131,,152.4
3303,8.39068,,131,,152.2
3304,8.39279,,130.4,,151.84
3305,8.39489,,129.8,,151.48
3306,8.397,,129.2,,151.12
3307,8.3991,,128.6,,150.76
3308,8.40121,,128,,150.4
3309,8.40425,,127,,150.067
3310,8.4073,,126,,149.733
3311,8.41034,,125,,149.4
3312,8.41351,,124,,149.2
3313,8.41668,,123,,149
3314,8.41985,,122,,148.8
3315,8.42278,,121.5,,148.65
3316,8.42571,,121,,148.5
3317,8.42864,,120.5,,148.35
3318,8.43157,,120,,148.2
3319,8.43438,,119.4,,148.08
3320,8.43719,,118.8,,147.96
3321,8.43999,,118.2,,147.84
3322,8.4428,,117.6,,147.72
3323,8.44561,,117,,147.6
3324,8.44823,,116,,147.4
3325,8.45085,,115,,147.2
3326,8.45362,,114.5,,146.85
3327,8.45639,,114,,146.5
3328,8.45915,,113.5,,146.15
3329,8.46192,,113,,145.8
3330,8.46456,,112,,145.5
3331,8.4672,,111,,145.2
3332,8.46985,,110,,144.9
3333,8.47249,,109,,144.6
3334,8.47514,,109,,144.2
3335,8.47787,,107,,144
3336,8.4806,,105,,143.8
3337,8.48302,,105,,143.2
3338,8.48555,,104,,142.933
3339,8.48809,,103,,142.667
3340,8.49062,,102,,142.4
3341,8.49259,,101,,142.2
3342,8.49377,,101,,141.8
3343,8.4947,,101.429,,141.971
3344,8.49564,,101.857,,142.143
3345,8.49657,,102.286,,142.314
3346,8.4975,,102.714,,142.486
3347,8.49843,,103.143,,142.657
3348,8.49937,,103.571,,142.829
3349,8.5003,,104,,143
3350,8.50188,,104,,143.4
3351,8.50363,,104.75,,143.65
3352,8.50538,,105.5,,143.9
3353,8.50713,,106.25,,144.15
3354,8.50888,,107,,144.4
3355,8.51068,,107.4,,144.6
3356,8.51248,,107.8,,144.8
3357,8.51427,,108.2,,145
3358,8.51607,,108.6,,145.2
3359,8.51787,,109,,145.4
3360,8.51961,,108.8,,145.6
3361,8.52136,,108.6,,145.8
3362,8.5231,,108.4,,146
3363,8.52485,,108.2,,146.2
3364,8.52659,,108,,146.4
3365,8.52857,,108.4,,146.6
3366,8.53055,,108.8,,146.8
3367,8.53253,,109.2,,147
3368,8.53451,,109.6,,147.2
3369,8.53649,,110,,147.4
3370,8.5388,,110.333,,147.6
3371,8.54111,,110.667,,147.8
3372,8.54342,,111,,148
3373,8.54573,,111.333,,148.2
3374,8.54804,,111.667,,148.4
3375,8.55035,,112,,148.6
3376,8.55255,,112.2,,148.66
3377,8.55475,,112.4,,148.72
3378,8.55694,,112.6,,148.78
3379,8.55914,,112.8,,148.84
3380,8.56134,,113,,148.9
3381,8.56354,,113.2,,148.96
3382,8.56574,,113.4,,149.02
3383,8.56793,,113.6,,149.08
3384,8.57013,,113.8,,149.14
3385,8.57233,,114,,149.2
3386,8.57424,,115,,149.4
3387,8.57647,,115.4,,149.72
3388,8.57869,,115.8,,150.04
3389,8.58092,,116.2,,150.36
3390,8.58314,,116.6,,150.68
3391,8.58537,,117,,151
3392,8.58746,,117.25,,151.3
3393,8.58956,,117.5,,151.6
3394,8.59165,,117.75,,151.9
3395,8.59374,,118,,152.2
3396,8.59609,,118.222,,152.244
3397,8.59843,,118.444,,152.289
3398,8.60078,,118.667,,152.333
3399,8.60312,,118.889,,152.378
3400,8.60547,,119.111,,152.422
3401,8.60781,,119.333,,152.467
3402,8.61016,,119.556,,152.511
3403,8.6125,,119.778,,152.556
3404,8.61485,,120,,152.6
3405,8.61753,,120,,152.686
3406,8.6202,,120,,152.771
3407,8.62288,,120,,152.857
3408,8.62556,,120,,152.943
3409,8.62824,,120,,153.029
3410,8.63091,,120,,153.114
3411,8.63359,,120,,153.2
3412,8.6356,,119.833,,153.367
3413,8.63761,,119.667,,153.533
3414,8.63962,,119.5,,153.7
3415,8.64164,,119.333,,153.867
3416,8.64365,,119.167,,154.033
3417,8.64566,,119,,154.2
3418,8.64719,,119,,154.057
3419,8.64872,,119,,153.914
3420,8.65025,,119,,153.771
3421,8.65178,,119,,153.629
3422,8.65331,,119,,153.486
3423,8.65484,,119,,153.343
3424,8.65637,,119,,153.2
3425,8.65666,,118.25,,153.3
3426,8.65695,,117.5,,153.4
3427,8.65725,,116.75,,153.5
3428,8.65754,,116,,153.6
3429,8.65754,,114.5,,153.6
3430,8.65754,,113,,153.6
3431,8.65786,,111.5,,153.6
3432,8.65818,,110,,153.6
3433,8.65843,,109,,153.6
3434,8.65869,,108,,153.6
3435,8.65894,,107,,153.6
3436,8.65894,,105.5,,153.6
3437,8.65895,,104,,153.6
3438,8.65896,,102.5,,153.6
3439,8.65897,,101,,153.6
3440,8.65897,,99.5,,153.6
3441,8.65898,,98,,153.6
3442,8.65901,,96,,153.5
3443,8.65904,,94,,153.4
3444,8.65918,,92.3333,,153.333
3445,8.65931,,90.6667,,153.267
3446,8.65945,,89,,153.2
3447,8.66121,,89,,153.067
3448,8.66297,,89,,152.933
3449,8.66473,,89,,152.8
3450,8.66739,,91,,152.7
3451,8.67005,,93,,152.6
3452,8.67337,,95.5,,152.4
3453,8.67668,,98,,152.2
3454,8.68011,,100,,152.3
3455,8.68354,,102,,152.4
3456,8.68717,,103,,152.533
3457,8.69081,,104,,152.667
3458,8.69444,,105,,152.8
3459,8.69745,,105.5,,153
3460,8.70046,,106,,153.2
3461,8.70348,,106.5,,153.4
3462,8.70649,,107,,153.6
3463,8.7095,,107.5,,153.8
3464,8.71251,,108,,154
3465,8.71488,,108,,154.4
3466,8.71734,,108.667,,154.867
3467,8.71979,,109.333,,155.333
3468,8.72225,,110,,155.8
3469,8.72492,,110.5,,156.1
3470,8.72759,,111,,156.4
3471,8.73025,,111.5,,156.7
3472,8.73292,,112,,157
3473,8.73591,,112.6,,157.08
3474,8.73889,,113.2,,157.16
3475,8.74188,,113.8,,157.24
3476,8.74486,,114.4,,157.32
3477,8.74785,,115,,157.4
3478,8.75064,,115.5,,157.7
3479,8.75343,,116,,158
3480,8.75618,,116.286,,158.171
3481,8.75894,,116.571,,158.343
3482,8.76169,,116.857,,158.514
3483,8.76445,,117.143,,158.686
3484,8.7672,,117.429,,158.857
3485,8.76996,,117.714,,159.029
3486,8.77271,,118,,159.2
3487,8.7753,,118.5,,159.45
3488,8.77789,,119,,159.7
3489,8.78047,,119.5,,159.95
3490,8.78306,,120,,160.2
3491,8.78585,,120.5,,160.5
3492,8.78863,,121,,160.8
3493,8.79142,,121.5,,161.1
3494,8.79421,,122,,161.4
3495,8.79656,,122.6,,161.6
3496,8.79892,,123.2,,161.8
3497,8.80127,,123.8,,162
3498,8.80363,,124.4,,162.2
3499,8.80598,,125,,162.4
3500,8.80843,,126,,162.4
3501,8.81082,,126.286,,162.543
3502,8.81322,,126.571,,162.686
3503,8.81561,,126.857,,162.829
3504,8.818,,127.143,,162.971
3505,8.82039,,127.429,,163.114
3506,8.82279,,127.714,,163.257
3507,8.82518,,128,,163.4
3508,8.8272,,128.667,,163.8
3509,8.82922,,129.333,,164.2
3510,8.83124,,130,,164.6
3511,8.83347,,130,,165.067
3512,8.83569,,130,,165.533
3513,8.83792,,130,,166
3514,8.8403,,130.5,,166.5
3515,8.84268,,131,,167
3516,8.84476,,131.333,,167.4
3517,8.84685,,131.667,,167.8
3518,8.84893,,132,,168.2
3519,8.85095,,132,,168.6
3520,8.85308,,132.5,,169.1
3521,8.8552,,133,,169.6
3522,8.85701,,133.25,,169.8
3523,8.85882,,133.5,,170
3524,8.86064,,133.75,,170.2
3525,8.86245,,134,,170.4
3526,8.86379,,134.333,,170.4
3527,8.86512,,134.667,,170.4
3528,8.86646,,135,,170.4
3529,8.86914,,135,,170.067
3530,8.87183,,135,,169.733
3531,8.87451,,135,,169.4
3532,8.87714,,135,,168.867
3533,8.87977,,135,,168.333
3534,8.8824,,135,,167.8
3535,8.88573,,135,,167.2
3536,8.88905,,135,,166.6
3537,8.89282,,135,,166.2
3538,8.89658,,135,,165.8
3539,8.90035,,135,,165.4
3540,8.90388,,134.833,,165.4
3541,8.90741,,134.667,,165.4
3542,8.91094,,134.5,,165.4
3543,8.91447,,134.333,,165.4
3544,8.918,,134.167,,165.4
3545,8.92153,,134,,165.4
3546,8.92439,,133.714,,165.486
3547,8.92725,,133.429,,165.571
3548,8.93011,,133.143,,165.657
3549,8.93296,,132.857,,165.743
3550,8.93582,,132.571,,165.829
3551,8.93868,,132.286,,165.914
3552,8.94154,,132,,166
3553,8.94403,,132,,166.2
3554,8.94651,,132,,166.4
3555,8.949,,132,,166.6
3556,8.9523,,131.714,,166.543
3557,8.95561,,131.429,,166.486
3558,8.95891,,131.143,,166.429
3559,8.96221,,130.857,,166.371
3560,8.96551,,130.571,,166.314
3561,8.96882,,130.286,,166.257
3562,8.97212,,130,,166.2
3563,8.97538,,129.714,,166.171
3564,8.97864,,129.429,,166.143
3565,8.9819,,129.143,,166.114
3566,8.98517,,128.857,,166.086
3567,8.98843,,128.571,,166.057
3568,8.99169,,128.286,,166.029
3569,8.99495,,128,,166
3570,8.99799,,127.714,,166.114
3571,9.00102,,127.429,,166.229
3572,9.00406,,127.143,,166.343
3573,9.00709,,126.857,,166.457
3574,9.01013,,126.571,,166.571
3575,9.01316,,126.286,,166.686
3576,9.0162,,126,,166.8
3577,9.01907,,125.75,,166.875
3578,9.02195,,125.5,,166.95
3579,9.02482,,125.25,,167.025
3580,9.02769,,125,,167.1
3581,9.03057,,124.75,,167.175
3582,9.03344,,124.5,,167.25
3583,9.03632,,124.25,,167.325
3584,9.03919,,124,,167.4
3585,9.04209,,124,,167.4
3586,9.04499,,124,,167.4
3587,9.04745,,124,,167.72
3588,9.04992,,124,,168.04
3589,9.05238,,124,,168.36
3590,9.05485,,124,,168.68
3591,9.05731,,124,,169
3592,9.05937,,124.333,,169.333
3593,9.06143,,124.667,,169.667
3594,9.06349,,125,,170
3595,9.06551,,125,,170.4
3596,9.06752,,125,,170.8
3597,9.06954,,125,,171.2
3598,9.07158,,125.333,,171.667
3599,9.07362,,125.667,,172.133
3600,9.07566,,126,,172.6
3601,9.07767,,126,,173
3602,9.07967,,126,,173.4
3603,9.08168,,126,,173.8
3604,9.08354,,126.5,,174.4
3605,9.0854,,127,,175
3606,9.08692,,127.5,,175.5
3607,9.08844,,128,,176
3608,9.09018,,128.5,,176.6
3609,9.09192,,129,,177.2
3610,9.09365,,129.333,,177.667
3611,9.09538,,129.667,,178.133
3612,9.09711,,130,,178.6
3613,9.09881,,130.5,,179.2
3614,9.10051,,131,,179.8
3615,9.10194,,132,,180.4
3616,9.10337,,133,,181
3617,9.10494,,133.5,,181.6
3618,9.10651,,134,,182.2
3619,9.10822,,134.5,,182.9
3620,9.10992,,135,,183.6
3621,9.11159,,136,,184.2
3622,9.11325,,137,,184.8
3623,9.11478,,137.5,,185.4
3624,9.1163,,138,,186
3625,9.11783,,138.333,,186.467
3626,9.11936,,138.667,,186.933
3627,9.12089,,139,,187.4
3628,9.12271,,139.667,,187.8
3629,9.12453,,140.333,,188.2
3630,9.12635,,141,,188.6
3631,9.12803,,141.333,,188.667
3632,9.1297,,141.667,,188.733
3633,9.13138,,142,,188.8
3634,9.13366,,142,,189
3635,9.13595,,142,,189.2
3636,9.13823,,142,,189.4
3637,9.14041,,141.9,,189.34
3638,9.14258,,141.8,,189.28
3639,9.14476,,141.7,,189.22
3640,9.14693,,141.6,,189.16
3641,9.14911,,141.5,,189.1
3642,9.15129,,141.4,,189.04
3643,9.15346,,141.3,,188.98
3644,9.15564,,141.2,,188.92
3645,9.15781,,141.1,,188.86
3646,9.15999,,141,,188.8
3647,9.16238,,140.778,,188.933
3648,9.16477,,140.556,,189.067
3649,9.16716,,140.333,,189.2
3650,9.16955,,140.111,,189.333
3651,9.17194,,139.889,,189.467
3652,9.17433,,139.667,,189.6
3653,9.17672,,139.444,,189.733
3654,9.17911,,139.222,,189.867
3655,9.1815,,139,,190
3656,9.1837,,139,,190.4
3657,9.1859,,139,,190.8
3658,9.18814,,139,,191.133
3659,9.19039,,139,,191.467
3660,9.19263,,139,,191.8
3661,9.19513,,139,,192.1
3662,9.19763,,139,,192.4
3663,9.20013,,139,,192.7
3664,9.20263,,139,,193
3665,9.20513,,138.875,,193.125
3666,9.20763,,138.75,,193.25
3667,9.21013,,138.625,,193.375
3668,9.21263,,138.5,,193.5
3669,9.21514,,138.375,,193.625
3670,9.21764,,138.25,,193.75
3671,9.22014,,138.125,,193.875
3672,9.22264,,138,,194
3673,9.2255,,138,,194
3674,9.22821,,137.833,,194.2
3675,9.23091,,137.667,,194.4
3676,9.23362,,137.5,,194.6
3677,9.23633,,137.333,,194.8
3678,9.23903,,137.167,,195
3679,9.24174,,137,,195.2
3680,9.24462,,137,,195.367
3681,9.24749,,137,,195.533
3682,9.25037,,137,,195.7
3683,9.25325,,137,,195.867
3684,9.25612,,137,,196.033
3685,9.259,,137,,196.2
3686,9.26176,,136.75,,196.175
3687,9.26451,,136.5,,196.15
3688,9.26727,,136.25,,196.125
3689,9.27002,,136,,196.1
3690,9.27278,,135.75,,196.075
3691,9.27553,,135.5,,196.05
3692,9.27829,,135.25,,196.025
3693,9.28104,,135,,196
3694,9.28403,,134.714,,195.943
3695,9.28701,,134.429,,195.886
3696,9.29,,134.143,,195.829
3697,9.29299,,133.857,,195.771
3698,9.29598,,133.571,,195.714
3699,9.29896,,133.286,,195.657
3700,9.30195,,133,,195.6
3701,9.30484,,132,,195.1
3702,9.30773,,131,,194.6
3703,9.31095,,131,,194.1
3704,9.31416,,131,,193.6
3705,9.31781,,130.6,,193.36
3706,9.32145,,130.2,,193.12
3707,9.3251,,129.8,,192.88
3708,9.32874,,129.4,,192.64
3709,9.33239,,129,,192.4
3710,9.33495,,128.714,,192.571
3711,9.33751,,128.429,,192.743
3712,9.34007,,128.143,,192.914
3713,9.34264,,127.857,,193.086
3714,9.3452,,127.571,,193.257
3715,9.34776,,127.286,,193.429
3716,9.35032,,127,,193.6
3717,9.3532,,126.5,,193.4
3718,9.35609,,126,,193.2
3719,9.35898,,125.5,,193
3720,9.36186,,125,,192.8
3721,9.36474,,124.5,,192.6
3722,9.36763,,124,,192.4
3723,9.37053,,123.4,,192.4
3724,9.37343,,122.8,,192.4
3725,9.37633,,122.2,,192.4
3726,9.37923,,121.6,,192.4
3727,9.38213,,121,,192.4
3728,9.38515,,120,,192.533
3729,9.38816,,119,,192.667
3730,9.39118,,118,,192.8
3731,9.39388,,117.667,,193.067
3732,9.39657,,117.333,,193.333
3733,9.39927,,117,,193.6
3734,9.40158,,117,,194
3735,9.40388,,117,,194.4
3736,9.40619,,117,,194.8
3737,9.4082,,117.667,,195.333
3738,9.41022,,118.333,,195.867
3739,9.41223,,119,,196.4
3740,9.41402,,119.667,,196.867
3741,9.41582,,120.333,,197.333
3742,9.41761,,121,,197.8
3743,9.41962,,121.667,,198.2
3744,9.42164,,122.333,,198.6
3745,9.42365,,123,,199
3746,9.42581,,123.75,,199.25
3747,9.42796,,124.5,,199.5
3748,9.43012,,125.25,,199.75
3749,9.43227,,126,,200
3750,9.43518,,126.143,,199.971
3751,9.43808,,126.286,,199.943
3752,9.44099,,126.429,,199.914
3753,9.44389,,126.571,,199.886
3754,9.4468,,126.714,,199.857
3755,9.4497,,126.857,,199.829
3756,9.45261,,127,,199.8
3757,9.45538,,127.25,,199.925
3758,9.45815,,127.5,,200.05
3759,9.46092,,127.75,,200.175
3760,9.4637,,128,,200.3
3761,9.46647,,128.25,,200.425
3762,9.46924,,128.5,,200.55
3763,9.47201,,128.75,,200.675
3764,9.47478,,129,,200.8
3765,9.47728,,129.25,,200.85
3766,9.47978,,129.5,,200.9
3767,9.48229,,129.75,,200.95
3768,9.48479,,130,,201
3769,9.48758,,130.143,,201.143
3770,9.49037,,130.286,,201.286
3771,9.49316,,130.429,,201.429
3772,9.49594,,130.571,,201.571
3773,9.49873,,130.714,,201.714
3774,9.50152,,130.857,,201.857
3775,9.50431,,131,,202
3776,9.50674,,130.75,,202.35
3777,9.50916,,130.5,,202.7
3778,9.51159,,130.25,,203.05
3779,9.51401,,130,,203.4
3780,9.51626,,130.333,,203.733
3781,9.5185,,130.667,,204.067
3782,9.52075,,131,,204.4
3783,9.52243,,131,,204.8
3784,9.5241,,131,,205.2
3785,9.52578,,131,,205.6
3786,9.52776,,131,,205.933
3787,9.52974,,131,,206.267
3788,9.53172,,131,,206.6
3789,9.53405,,131.333,,206.867
3790,9.53637,,131.667,,207.133
3791,9.5387,,132,,207.4
3792,9.54085,,132.333,,207.867
3793,9.54301,,132.667,,208.333
3794,9.54516,,133,,208.8
3795,9.54704,,133,,209.133
3796,9.54892,,133,,209.467
3797,9.5508,,133,,209.8
3798,9.55307,,133.333,,210.2
3799,9.55535,,133.667,,210.6
3800,9.55762,,134,,211
3801,9.55979,,134.5,,211.6
3802,9.56196,,135,,212.2
3803,9.56388,,135.333,,212.6
3804,9.56579,,135.667,,213
3805,9.56771,,136,,213.4
3806,9.5695,,136.333,,213.8
3807,9.57128,,136.667,,214.2
3808,9.57307,,137,,214.6
3809,9.5753,,137.5,,214.85
3810,9.57752,,138,,215.1
3811,9.57975,,138.5,,215.35
3812,9.58198,,139,,215.6
3813,9.58415,,139.25,,215.9
3814,9.58633,,139.5,,216.2
3815,9.58851,,139.75,,216.5
3816,9.59068,,140,,216.8
3817,9.59256,,140.25,,217.15
3818,9.59444,,140.5,,217.5
3819,9.59632,,140.75,,217.85
3820,9.5982,,141,,218.2
3821,9.59987,,141,,218.6
3822,9.60153,,141,,219
3823,9.6032,,141,,219.4
3824,9.60534,,141,,219.7
3825,9.60749,,141,,220
3826,9.60963,,141,,220.3
3827,9.61177,,141,,220.6
3828,9.61407,,141.25,,220.9
3829,9.61636,,141.5,,221.2
3830,9.61866,,141.75,,221.5
3831,9.62095,,142,,221.8
3832,9.62293,,142,,222.2
3833,9.62491,,142,,222.6
3834,9.62689,,142,,223
3835,9.62838,,142.333,,223.533
3836,9.62987,,142.667,,224.067
3837,9.63136,,143,,224.6
3838,9.63227,,143,,224.8
3839,9.63245,,142.5,,224.9
3840,9.63262,,142,,225
3841,9.63357,,142,,224.633
3842,9.63452,,142,,224.267
3843,9.63547,,142,,223.9
3844,9.63643,,142,,223.533
3845,9.63738,,142,,223.167
3846,9.63833,,142,,222.8
3847,9.64004,,142,,222.3
3848,9.64175,,142,,221.8
3849,9.64396,,142,,221.333
3850,9.64616,,142,,220.867
3851,9.64837,,142,,220.4
3852,9.65027,,142,,220.067
3853,9.65216,,142,,219.733
3854,9.65406,,142,,219.4
3855,9.65577,,141,,218.9
3856,9.65749,,140,,218.4
3857,9.65995,,140,,217.8
3858,9.6624,,140,,217.2
3859,9.66441,,139.5,,216.85
3860,9.66641,,139,,216.5
3861,9.66841,,138.5,,216.15
3862,9.67042,,138,,215.8
3863,9.67329,,137.333,,215.4
3864,9.67617,,136.667,,215
3865,9.67904,,136,,214.6
3866,9.68191,,135.667,,214.2
3867,9.68477,,135.333,,213.8
3868,9.68764,,135,,213.4
3869,9.68994,,134,,212.7
3870,9.69223,,133,,212
3871,9.69483,,132,,211.2
3872,9.69743,,131,,210.4
3873,9.70024,,130.5,,209.9
3874,9.70305,,130,,209.4
3875,9.70584,,129,,209
3876,9.70862,,128,,208.6
3877,9.71141,,127,,208.2
3878,9.71358,,126.333,,207.733
3879,9.71574,,125.667,,207.267
3880,9.71791,,125,,206.8
3881,9.72037,,124,,206.4
3882,9.72258,,123,,205.9
3883,9.72479,,122,,205.4
3884,9.72688,,121.333,,205.067
3885,9.72896,,120.667,,204.733
3886,9.73105,,120,,204.4
3887,9.73237,,119,,203.8
3888,9.73237,,117.5,,204.1
3889,9.73237,,116,,204.4
3890,9.73327,,115.5,,204.65
3891,9.73417,,115,,204.9
3892,9.73507,,114.5,,205.15
3893,9.73597,,114,,205.4
3894,9.73656,,113.75,,205.65
3895,9.73716,,113.5,,205.9
3896,9.73775,,113.25,,206.15
3897,9.73834,,113,,206.4
3898,9.73919,,112.667,,206.733
3899,9.74005,,112.333,,207.067
3900,9.7409,,112,,207.4
3901,9.74175,,112,,207.533
3902,9.7426,,112,,207.667
3903,9.74346,,112,,207.8
3904,9.74431,,112,,207.933
3905,9.74516,,112,,208.067
3906,9.74601,,112,,208.2
3907,9.74687,,112,,208.333
3908,9.74772,,112,,208.467
3909,9.74857,,112,,208.6
3910,9.74992,,112.4,,208.84
3911,9.75127,,112.8,,209.08
3912,9.75263,,113.2,,209.32
3913,9.75398,,113.6,,209.56
3914,9.75533,,114,,209.8
3915,9.75625,,114.25,,210.05
3916,9.75718,,114.5,,210.3
3917,9.75811,,114.75,,210.55
3918,9.75903,,115,,210.8
3919,9.75991,,115.25,,211.05
3920,9.7608,,115.5,,211.3
3921,9.76168,,115.75,,211.55
3922,9.76257,,116,,211.8
3923,9.76363,,116,,212
3924,9.7647,,116,,212.2
3925,9.76576,,116,,212.4
3926,9.76683,,116,,212.6
3927,9.76789,,116,,212.8
3928,9.76886,,116.2,,213.04
3929,9.76982,,116.4,,213.28
3930,9.77079,,116.6,,213.52
3931,9.77175,,116.8,,213.76
3932,9.77272,,117,,214
3933,9.77399,,116.857,,214.171
3934,9.77527,,116.714,,214.343
3935,9.77654,,116.571,,214.514
3936,9.77782,,116.429,,214.686
3937,9.77909,,116.286,,214.857
3938,9.78037,,116.143,,215.029
3939,9.78164,,116,,215.2
3940,9.78255,,116,,215.36
3941,9.78346,,116,,215.52
3942,9.78437,,116,,215.68
3943,9.78528,,116,,215.84
3944,9.78619,,116,,216
3945,9.78721,,115.5,,216.133
3946,9.78822,,115,,216.267
3947,9.78923,,114.5,,216.4
3948,9.79025,,114,,216.533
3949,9.79126,,113.5,,216.667
3950,9.79228,,113,,216.8
3951,9.79328,,113,,216.933
3952,9.79428,,113,,217.067
3953,9.79528,,113,,217.2
3954,9.79616,,113,,217.45
3955,9.79705,,113,,217.7
3956,9.79793,,113,,217.95
3957,9.79881,,113,,218.2
3958,9.80022,,113,,218.44
3959,9.80162,,113,,218.68
3960,9.80303,,113,,218.92
3961,9.80443,,113,,219.16
3962,9.80584,,113,,219.4
3963,9.80737,,113.167,,219.567
3964,9.80889,,113.333,,219.733
3965,9.81042,,113.5,,219.9
3966,9.81195,,113.667,,220.067
3967,9.81347,,113.833,,220.233
3968,9.815,,114,,220.4
3969,9.81612,,114,,220.6
3970,9.81725,,114,,220.8
3971,9.81837,,114,,221
3972,9.81949,,114,,221.2
3973,9.82062,,114,,221.4
3974,9.82174,,114,,221.6
3975,9.82289,,114,,221.84
3976,9.82404,,114,,222.08
3977,9.8252,,114,,222.32
3978,9.82635,,114,,222.56
3979,9.8275,,114,,222.8
3980,9.82834,,114,,223.1
3981,9.82919,,114,,223.4
3982,9.83003,,114,,223.7
3983,9.83087,,114,,224
3984,9.83148,,114.167,,224.167
3985,9.83208,,114.333,,224.333
3986,9.83269,,114.5,,224.5
3987,9.8333,,114.667,,224.667
3988,9.8339,,114.833,,224.833
3989,9.83451,,115,,225
3990,9.83471,,114.786,,225
3991,9.8349,,114.571,,225
3992,9.8351,,114.357,,225
3993,9.8353,,114.143,,225
3994,9.83549,,113.929,,225
3995,9.83569,,113.714,,225
3996,9.83589,,113.5,,225
3997,9.83608,,113.286,,225
3998,9.83628,,113.071,,225
3999,9.83647,,112.857,,225
4000,9.83667,,112.643,,225
4001,9.83687,,112.429,,225
4002,9.83706,,112.214,,225
4003,9.83726,,112,,225
4004,9.83727,,111.5,,225.033
4005,9.83727,,111,,225.067
4006,9.83727,,110.5,,225.1
4007,9.83728,,110,,225.133
4008,9.83728,,109.5,,225.167
4009,9.83729,,109,,225.2
4010,9.83731,,108,,225.15
4011,9.83733,,107,,225.1
4012,9.83735,,106,,225.05
4013,9.83737,,105,,225
4014,9.83752,,104,,225
4015,9.83767,,103,,225
4016,9.83782,,102,,225
4017,9.83798,,101.25,,225.1
4018,9.83815,,100.5,,225.2
4019,9.83832,,99.75,,225.3
4020,9.83848,,99,,225.4
4021,9.83848,,99,,226
4022,9.8386,,98.5,,226
4023,9.83871,,98,,226
4024,9.83883,,97.5,,226
4025,9.83895,,97,,226
4026,9.83906,,96.5,,226
4027,9.83918,,96,,226
4028,9.83922,,95,,225.8
4029,9.83926,,94,,225.6
4030,9.8393,,93,,225.4
4031,9.83939,,92.7692,,225.354
4032,9.83948,,92.5385,,225.308
4033,9.83958,,92.3077,,225.262
4034,9.83967,,92.0769,,225.215
4035,9.83976,,91.8462,,225.169
4036,9.83985,,91.6154,,225.123
4037,9.83995,,91.3846,,225.077
4038,9.84004,,91.1538,,225.031
4039,9.84013,,90.9231,,224.985
4040,9.84022,,90.6923,,224.938
4041,9.84032,,90.4615,,224.892
4042,9.84041,,90.2308,,224.846
4043,9.8405,,90,,224.8
4044,9.84069,,90.2353,,224.824
4045,9.84089,,90.4706,,224.847
4046,9.84108,,90.7059,,224.871
4047,9.84128,,90.9412,,224.894
4048,9.84147,,91.1765,,224.918
4049,9.84166,,91.4118,,224.941
4050,9.84186,,91.6471,,224.965
4051,9.84205,,91.8824,,224.988
4052,9.84225,,92.1176,,225.012
4053,9.84244,,92.3529,,225.035
4054,9.84264,,92.5882,,225.059
4055,9.84283,,92.8235,,225.082
4056,9.84302,,93.0588,,225.106
4057,9.84322,,93.2941,,225.129
4058,9.84341,,93.5294,,225.153
4059,9.84361,,93.7647,,225.176
4060,9.8438,,94,,225.2
4061,9.8444,,95.3333,,225.333
4062,9.845,,96.6667,,225.467
4063,9.8456,,98,,225.6
4064,9.84726,,99,,226.1
4065,9.84892,,100,,226.6
4066,9.85117,,101,,227.3
4067,9.85342,,102,,228
4068,9.85529,,103,,228.6
4069,9.85717,,104,,229.2
4070,9.85923,,104.5,,229.9
4071,9.86128,,105,,230.6
4072,9.86342,,105.5,,231.2
4073,9.86556,,106,,231.8
4074,9.86759,,107,,232.4
4075,9.86962,,108,,233
4076,9.87191,,109,,233.5
4077,9.8742,,110,,234
4078,9.8762,,111,,234.333
4079,9.87819,,112,,234.667
4080,9.88019,,113,,235
4081,9.8823,,114,,235.4
4082,9.8844,,115,,235.8
4083,9.88651,,116,,236.2
4084,9.88838,,117,,236.6
4085,9.89015,,118.5,,237
4086,9.89191,,120,,237.4
4087,9.89418,,121,,237.8
4088,9.8961,,122,,238.2
4089,9.89801,,123,,238.6
4090,9.89993,,124,,239
4091,9.90188,,125,,239.4
4092,9.90382,,126,,239.8
4093,9.90577,,127,,240.2
4094,9.90747,,128,,240.4
4095,9.90918,,129,,240.6
4096,9.91088,,130,,240.8
4097,9.91269,,130.75,,240.65
4098,9.91451,,131.5,,240.5
4099,9.91632,,132.25,,240.35
4100,9.91813,,133,,240.2
4101,9.92019,,133.333,,239.8
4102,9.92224,,133.667,,239.4
4103,9.9243,,134,,239
4104,9.92672,,134.5,,238.5
4105,9.92913,,135,,238
4106,9.93164,,136,,238
4107,9.93443,,136,,237.85
4108,9.93722,,136,,237.7
4109,9.94001,,136,,237.55
4110,9.9428,,136,,237.4
4111,9.94559,,136,,237.25
4112,9.94838,,136,,237.1
4113,9.95117,,136,,236.95
4114,9.95396,,136,,236.8
4115,9.95636,,136,,236.6
4116,9.95923,,135.667,,236.133
4117,9.96211,,135.333,,235.667
4118,9.96498,,135,,235.2
4119,9.96795,,135,,234.8
4120,9.97092,,135,,234.4
4121,9.97389,,135,,234
4122,9.97638,,134.8,,233.76
4123,9.97887,,134.6,,233.52
4124,9.98137,,134.4,,233.28
4125,9.98386,,134.2,,233.04
4126,9.98635,,134,,232.8
4127,9.98844,,134,,232.3
4128,9.99054,,134,,231.8
4129,9.99277,,133.667,,231.333
4130,9.99501,,133.333,,230.867
4131,9.99724,,133,,230.4
4132,9.9992,,132.5,,229.7
4133,10.0012,,132,,229
4134,10.0042,,131.6,,228.76
4135,10.0071,,131.2,,228.52
4136,10.0101,,130.8,,228.28
4137,10.0131,,130.4,,228.04
4138,10.0161,,130,,227.8
4139,10.019,,129.25,,227.75
4140,10.0219,,128.5,,227.7
4141,10.0247,,127.75,,227.65
4142,10.0276,,127,,227.6
4143,10.0305,,126.4,,227.48
4144,10.0333,,125.8,,227.36
4145,10.0362,,125.2,,227.24
4146,10.039,,124.6,,227.12
4147,10.0419,,124,,227
4148,10.0449,,123.5,,226.867
4149,10.0479,,123,,226.733
4150,10.0509,,122.5,,226.6
4151,10.0539,,122,,226.467
4152,10.0569,,121.5,,226.333
4153,10.0599,,121,,226.2
4154,10.0632,,120.75,,226.1
4155,10.0666,,120.5,,226
4156,10.07,,120.25,,225.9
4157,10.0733,,120,,225.8
4158,10.0769,,120,,225.7
4159,10.0804,,120,,225.6
4160,10.0839,,120,,225.5
4161,10.0874,,120,,225.4
4162,10.0909,,120,,225.3
4163,10.0944,,120,,225.2
4164,10.0977,,119.857,,225.229
4165,10.1011,,119.714,,225.257
4166,10.1044,,119.571,,225.286
4167,10.1077,,119.429,,225.314
4168,10.111,,119.286,,225.343
4169,10.1143,,119.143,,225.371
4170,10.1176,,119,,225.4
4171,10.1213,,119.333,,225.6
4172,10.125,,119.667,,225.8
4173,10.1286,,120,,226
4174,10.1323,,120.333,,226.2
4175,10.1359,,120.667,,226.4
4176,10.1396,,121,,226.6
4177,10.1429,,121,,226.8
4178,10.1463,,121,,227
4179,10.1497,,121.167,,227.2
4180,10.1531,,121.333,,227.4
4181,10.1564,,121.5,,227.6
4182,10.1598,,121.667,,227.8
4183,10.1632,,121.833,,228
4184,10.1666,,122,,228.2
4185,10.1692,,122.2,,228.44
4186,10.1719,,122.4,,228.68
4187,10.1746,,122.6,,228.92
4188,10.1773,,122.8,,229.16
4189,10.18,,123,,229.4
4190,10.1826,,123.167,,229.567
4191,10.1852,,123.333,,229.733
4192,10.1878,,123.5,,229.9
4193,10.1904,,123.667,,230.067
4194,10.1931,,123.833,,230.233
4195,10.1957,,124,,230.4
4196,10.1987,,124.167,,230.633
4197,10.2016,,124.333,,230.867
4198,10.2046,,124.5,,231.1
4199,10.2076,,124.667,,231.333
4200,10.2105,,124.833,,231.567
4201,10.2135,,125,,231.8
4202,10.2165,,125.286,,231.857
4203,10.2196,,125.571,,231.914
4204,10.2226,,125.857,,231.971
4205,10.2256,,126.143,,232.029
4206,10.2286,,126.429,,232.086
4207,10.2316,,126.714,,232.143
4208,10.2346,,127,,232.2
4209,10.2373,,127.125,,232.175
4210,10.24,,127.25,,232.15
4211,10.2427,,127.375,,232.125
4212,10.2453,,127.5,,232.1
4213,10.248,,127.625,,232.075
4214,10.2507,,127.75,,232.05
4215,10.2533,,127.875,,232.025
4216,10.256,,128,,232
4217,10.2589,,128,,232
4218,10.2618,,128,,232
4219,10.2647,,128,,232
4220,10.2676,,128,,232
4221,10.2705,,128,,232
4222,10.2734,,128,,232
4223,10.2763,,128,,232
4224,10.2794,,127.857,,231.886
4225,10.2825,,127.714,,231.771
4226,10.2856,,127.571,,231.657
4227,10.2887,,127.429,,231.543
4228,10.2918,,127.286,,231.429
4229,10.2949,,127.143,,231.314
4230,10.298,,127,,231.2
4231,10.3012,,127,,230.933
4232,10.3045,,127,,230.667
4233,10.3078,,127,,230.4
4234,10.3112,,126.667,,230.3
4235,10.3146,,126.333,,230.2
4236,10.318,,126,,230.1
4237,10.3214,,125.667,,230
4238,10.3248,,125.333,,229.9
4239,10.3283,,125,,229.8
4240,10.3316,,124.714,,229.714
4241,10.3349,,124.429,,229.629
4242,10.3383,,124.143,,229.543
4243,10.3416,,123.857,,229.457
4244,10.3449,,123.571,,229.371
4245,10.3482,,123.286,,229.286
4246,10.3516,,123,,229.2
4247,10.355,,122.833,,229.1
4248,10.3584,,122.667,,229
4249,10.3617,,122.5,,228.9
4250,10.3651,,122.333,,228.8
4251,10.3685,,122.167,,228.7
4252,10.3719,,122,,228.6
4253,10.3751,,122,,228.5
4254,10.3782,,122,,228.4
4255,10.3815,,121.857,,228.371
4256,10.3848,,121.714,,228.343
4257,10.388,,121.571,,228.314
4258,10.3913,,121.429,,228.286
4259,10.3946,,121.286,,228.257
4260,10.3979,,121.143,,228.229
4261,10.4011,,121,,228.2
4262,10.4048,,121,,228.2
4263,10.4085,,121,,228.2
4264,10.4123,,121,,228.2
4265,10.416,,121,,228.2
4266,10.4197,,121,,228.2
4267,10.4234,,121,,228.2
4268,10.4268,,121,,228.133
4269,10.4303,,121,,228.067
4270,10.4338,,121,,228
4271,10.4373,,121,,227.933
4272,10.4408,,121,,227.867
4273,10.4443,,121,,227.8
4274,10.4478,,121,,227.5
4275,10.4514,,121,,227.2
4276,10.4547,,121,,227
4277,10.4579,,121,,226.8
4278,10.4612,,121,,226.6
4279,10.4645,,121,,226.4
4280,10.4677,,121,,226.2
4281,10.4706,,120.667,,226
4282,10.4735,,120.333,,225.8
4283,10.4764,,120,,225.6
4284,10.479,,119.833,,225.533
4285,10.4815,,119.667,,225.467
4286,10.4841,,119.5,,225.4
4287,10.4867,,119.333,,225.333
4288,10.4892,,119.167,,225.267
4289,10.4918,,119,,225.2
4290,10.4933,,118.75,,225.25
4291,10.4948,,118.5,,225.3
4292,10.4964,,118.25,,225.35
4293,10.4979,,118,,225.4
4294,10.5003,,117.778,,225.511
4295,10.5028,,117.556,,225.622
4296,10.5052,,117.333,,225.733
4297,10.5076,,117.111,,225.844
4298,10.5101,,116.889,,225.956
4299,10.5125,,116.667,,226.067
4300,10.5149,,116.444,,226.178
4301,10.5174,,116.222,,226.289
4302,10.5198,,116,,226.4
4303,10.5221,,116,,226.65
4304,10.5244,,116,,226.9
4305,10.5267,,116,,227.15
4306,10.529,,116,,227.4
4307,10.5316,,116.125,,227.5
4308,10.5343,,116.25,,227.6
4309,10.5369,,116.375,,227.7
4310,10.5395,,116.5,,227.8
4311,10.5421,,116.625,,227.9
4312,10.5448,,116.75,,228
4313,10.5474,,116.875,,228.1
4314,10.55,,117,,228.2
4315,10.5529,,117.286,,228.2
4316,10.5558,,117.571,,228.2
4317,10.5587,,117.857,,228.2
4318,10.5617,,118.143,,228.2
4319,10.5646,,118.429,,228.2
4320,10.5675,,118.714,,228.2
4321,10.5704,,119,,228.2
4322,10.5733,,119,,228.4
4323,10.5758,,119.125,,228.375
4324,10.5783,,119.25,,228.35
4325,10.5808,,119.375,,228.325
4326,10.5833,,119.5,,228.3
4327,10.5858,,119.625,,228.275
4328,10.5883,,119.75,,228.25
4329,10.5908,,119.875,,228.225
4330,10.5933,,120,,228.2
4331,10.5941,,119,,228
4332,10.5959,,119,,228.2
4333,10.5976,,119,,228.4
4334,10.6005,,119.143,,228.4
4335,10.6035,,119.286,,228.4
4336,10.6064,,119.429,,228.4
4337,10.6093,,119.571,,228.4
4338,10.6123,,119.714,,228.4
4339,10.6152,,119.857,,228.4
4340,10.6181,,120,,228.4
4341,10.6217,,120,,228.333
4342,10.6252,,120,,228.267
4343,10.6288,,120,,228.2
4344,10.6323,,120,,228.133
4345,10.6358,,120,,228.067
4346,10.6394,,120,,228
4347,10.6429,,120.2,,227.84
4348,10.6464,,120.4,,227.68
4349,10.6499,,120.6,,227.52
4350,10.6535,,120.8,,227.36
4351,10.657,,121,,227.2
4352,10.6605,,121,,226.95
4353,10.664,,121,,226.7
4354,10.6675,,121,,226.45
4355,10.671,,121,,226.2
4356,10.6741,,121.143,,226.086
4357,10.6772,,121.286,,225.971
4358,10.6803,,121.429,,225.857
4359,10.6834,,121.571,,225.743
4360,10.6865,,121.714,,225.629
4361,10.6896,,121.857,,225.514
4362,10.6927,,122,,225.4
4363,10.6956,,121.5,,225.3
4364,10.6984,,121,,225.2
4365,10.7015,,121,,225.171
4366,10.7047,,121,,225.143
4367,10.7078,,121,,225.114
4368,10.7109,,121,,225.086
4369,10.714,,121,,225.057
4370,10.7172,,121,,225.029
4371,10.7203,,121,,225
4372,10.7233,,121,,225.24
4373,10.7263,,121,,225.48
4374,10.7294,,121,,225.72
4375,10.7324,,121,,225.96
4376,10.7354,,121,,226.2
4377,10.7386,,121,,226.6
4378,10.7411,,121.333,,227
4379,10.7436,,121.667,,227.4
4380,10.7461,,122,,227.8
4381,10.7486,,122,,228.15
4382,10.7511,,122,,228.5
4383,10.7536,,122,,228.85
4384,10.7561,,122,,229.2
4385,10.7584,,122,,229.4
4386,10.7606,,122.6,,229.6
4387,10.7628,,123.2,,229.8
4388,10.7649,,123.8,,230
4389,10.7671,,124.4,,230.2
4390,10.7692,,125,,230.4
4391,10.7715,,125.167,,230.567
4392,10.7738,,125.333,,230.733
4393,10.7761,,125.5,,230.9
4394,10.7784,,125.667,,231.067
4395,10.7807,,125.833,,231.233
4396,10.783,,126,,231.4
4397,10.7855,,126.222,,231.556
4398,10.788,,126.444,,231.711
4399,10.7905,,126.667,,231.867
4400,10.793,,126.889,,232.022
4401,10.7954,,127.111,,232.178
4402,10.7979,,127.333,,232.333
4403,10.8004,,127.556,,232.489
4404,10.8029,,127.778,,232.644
4405,10.8054,,128,,232.8
4406,10.8077,,128.25,,233.1
4407,10.81,,128.5,,233.4
4408,10.8123,,128.75,,233.7
4409,10.8146,,129,,234
4410,10.8169,,129.333,,234.4
4411,10.8192,,129.667,,234.8
4412,10.8215,,130,,235.2
4413,10.8233,,130.333,,235.6
4414,10.8251,,130.667,,236
4415,10.8269,,131,,236.4
4416,10.8286,,131.333,,236.8
4417,10.8303,,131.667,,237.2
4418,10.832,,132,,237.6
4419,10.8339,,132,,238.1
4420,10.8359,,132,,238.6
4421,10.8374,,132.333,,239.133
4422,10.839,,132.667,,239.667
4423,10.8405,,133,,240.2
4424,10.8424,,133.333,,240.533
4425,10.8443,,133.667,,240.867
4426,10.8462,,134,,241.2
4427,10.8482,,134.333,,241.667
4428,10.8502,,134.667,,242.133
4429,10.8522,,135,,242.6
4430,10.8544,,135.667,,243
4431,10.8566,,136.333,,243.4
4432,10.8589,,137,,243.8
4433,10.8608,,137.333,,244.133
4434,10.8628,,137.667,,244.467
4435,10.8648,,138,,244.8
4436,10.8665,,138.333,,245.267
4437,10.8683,,138.667,,245.733
4438,10.87,,139,,246.2
4439,10.8721,,139.667,,246.6
4440,10.8741,,140.333,,247
4441,10.8762,,141,,247.4
4442,10.8779,,141.333,,247.8
4443,10.8796,,141.667,,248.2
4444,10.8813,,142,,248.6
4445,10.8828,,142,,249
4446,10.8843,,142,,249.4
4447,10.8858,,142,,249.8
4448,10.8879,,142,,250.267
4449,10.8901,,142,,250.733
4450,10.8922,,142,,251.2
4451,10.8941,,142.333,,251.6
4452,10.896,,142.667,,252
4453,10.898,,143,,252.4
4454,10.9002,,143,,252.8
4455,10.9023,,143,,253.2
4456,10.9045,,143,,253.6
4457,10.9064,,143,,253.867
4458,10.9083,,143,,254.133
4459,10.9101,,143,,254.4
4460,10.9118,,143.333,,254.8
4461,10.9134,,143.667,,255.2
4462,10.9151,,144,,255.6
4463,10.9166,,144.333,,256.067
4464,10.9181,,144.667,,256.533
4465,10.9196,,145,,257
4466,10.9216,,144.667,,257.4
4467,10.9237,,144.333,,257.8
4468,10.9257,,144,,258.2
4469,10.9273,,144.333,,258.667
4470,10.9289,,144.667,,259.133
4471,10.9305,,145,,259.6
4472,10.9323,,145,,260
4473,10.934,,145,,260.4
4474,10.9358,,145,,260.8
4475,10.9376,,145.333,,261.267
4476,10.9395,,145.667,,261.733
4477,10.9413,,146,,262.2
4478,10.9429,,146,,262.5
4479,10.9444,,146,,262.8
4480,10.9459,,146,,263.1
4481,10.9474,,146,,263.4
4482,10.9492,,146,,263.7
4483,10.9511,,146,,264
4484,10.953,,146,,264.3
4485,10.9548,,146,,264.6
4486,10.9569,,146,,264.9
4487,10.9591,,146,,265.2
4488,10.9612,,146,,265.5
4489,10.9633,,146,,265.8
4490,10.9655,,145.9,,265.7
4491,10.9677,,145.8,,265.6
4492,10.9699,,145.7,,265.5
4493,10.9721,,145.6,,265.4
4494,10.9743,,145.5,,265.3
4495,10.9765,,145.4,,265.2
4496,10.9787,,145.3,,265.1
4497,10.9809,,145.2,,265
4498,10.9831,,145.1,,264.9
4499,10.9853,,145,,264.8
4500,10.9881,,144.5,,264.4
4501,10.9908,,144,,264
4502,10.9936,,143.5,,263.6
4503,10.9963,,143,,263.2
4504,10.9985,,142.5,,262.8
4505,11.0008,,142,,262.4
4506,11.0032,,142,,261.9
4507,11.0055,,142,,261.4
4508,11.0083,,141.5,,260.8
4509,11.0111,,141,,260.2
4510,11.0136,,141,,259.7
4511,11.0161,,141,,259.2
4512,11.0187,,140.5,,258.4
4513,11.0213,,140,,257.6
4514,11.0245,,139.5,,257.1
4515,11.0277,,139,,256.6
4516,11.0316,,139,,256.1
4517,11.0355,,139,,255.6
4518,11.0386,,138.4,,255.64
4519,11.0417,,137.8,,255.68
4520,11.0448,,137.2,,255.72
4521,11.0479,,136.6,,255.76
4522,11.051,,136,,255.8
4523,11.0537,,135.667,,256.133
4524,11.0565,,135.333,,256.467
4525,11.0592,,135,,256.8
4526,11.0612,,134.667,,257.2
4527,11.0632,,134.333,,257.6
4528,11.0651,,134,,258
4529,11.0669,,134,,258.333
4530,11.0687,,134,,258.667
4531,11.0705,,134,,259
4532,11.0725,,133.667,,259.467
4533,11.0746,,133.333,,259.933
4534,11.0766,,133,,260.4
4535,11.0789,,133.333,,260.8
4536,11.0811,,133.667,,261.2
4537,11.0834,,134,,261.6
4538,11.0856,,134,,261.933
4539,11.0878,,134,,262.267
4540,11.0899,,134,,262.6
4541,11.0923,,133.857,,262.457
4542,11.0946,,133.714,,262.314
4543,11.097,,133.571,,262.171
4544,11.0993,,133.429,,262.029
4545,11.1017,,133.286,,261.886
4546,11.104,,133.143,,261.743
4547,11.1064,,133,,261.6
4548,11.1092,,133,,261.25
4549,11.112,,133,,260.9
4550,11.1148,,133,,260.55
4551,11.1176,,133,,260.2
4552,11.1205,,132.667,,259.733
4553,11.1234,,132.333,,259.267
4554,11.1263,,132,,258.8
4555,11.1295,,131.5,,258.55
4556,11.1326,,131,,258.3
4557,11.1358,,130.5,,258.05
4558,11.139,,130,,257.8
4559,11.142,,129.5,,257.55
4560,11.1451,,129,,257.3
4561,11.1482,,128.5,,257.05
4562,11.1512,,128,,256.8
4563,11.1545,,127.667,,256.4
4564,11.1578,,127.333,,256
4565,11.161,,127,,255.6
4566,11.164,,126.571,,255.6
4567,11.167,,126.143,,255.6
4568,11.1699,,125.714,,255.6
4569,11.1729,,125.286,,255.6
4570,11.1759,,124.857,,255.6
4571,11.1788,,124.429,,255.6
4572,11.1818,,124,,255.6
4573,11.1844,,123.75,,255.625
4574,11.187,,123.5,,255.65
4575,11.1897,,123.25,,255.675
4576,11.1923,,123,,255.7
4577,11.1949,,122.75,,255.725
4578,11.1975,,122.5,,255.75
4579,11.2001,,122.25,,255.775
4580,11.2028,,122,,255.8
4581,11.2053,,121.667,,256.067
4582,11.2078,,121.333,,256.333
4583,11.2104,,121,,256.6
4584,11.2129,,120.5,,256.85
4585,11.2155,,120,,257.1
4586,11.218,,119.5,,257.35
4587,11.2206,,119,,257.6
4588,11.223,,119.25,,257.9
4589,11.2255,,119.5,,258.2
4590,11.2279,,119.75,,258.5
4591,11.2304,,120,,258.8
4592,11.2326,,120.667,,259.067
4593,11.2348,,121.333,,259.333
4594,11.237,,122,,259.6
4595,11.239,,122.667,,260.067
4596,11.2409,,123.333,,260.533
4597,11.2429,,124,,261
4598,11.2455,,124.667,,261.333
4599,11.2481,,125.333,,261.667
4600,11.2507,,126,,262
4601,11.2529,,126.75,,262.3
4602,11.2552,,127.5,,262.6
4603,11.2574,,128.25,,262.9
4604,11.2597,,129,,263.2
4605,11.2617,,129.667,,263.733
4606,11.2637,,130.333,,264.267
4607,11.2656,,131,,264.8
4608,11.2675,,131.5,,265.3
4609,11.2694,,132,,265.8
4610,11.271,,132.333,,266.267
4611,11.2726,,132.667,,266.733
4612,11.2742,,133,,267.2
4613,11.2761,,133.667,,267.667
4614,11.278,,134.333,,268.133
4615,11.2798,,135,,268.6
4616,11.2813,,135,,269
4617,11.283,,136,,269.4
4618,11.2848,,137,,269.8
4619,11.2869,,137.333,,270.133
4620,11.289,,137.667,,270.467
4621,11.2911,,138,,270.8
4622,11.2933,,139,,271.2
4623,11.2957,,139.333,,271.467
4624,11.2981,,139.667,,271.733
4625,11.3005,,140,,272
4626,11.3027,,140.4,,272.2
4627,11.305,,140.8,,272.4
4628,11.3072,,141.2,,272.6
4629,11.3095,,141.6,,272.8
4630,11.3117,,142,,273
4631,11.3137,,142.167,,273.2
4632,11.3156,,142.333,,273.4
4633,11.3175,,142.5,,273.6
4634,11.3195,,142.667,,273.8
4635,11.3214,,142.833,,274
4636,11.3233,,143,,274.2
4637,11.3253,,143,,274.4
4638,11.3272,,143,,274.6
4639,11.3291,,143,,274.8
4640,11.331,,143,,275
4641,11.3335,,143,,275.2
4642,11.336,,143,,275.4
4643,11.3385,,143.25,,275.7
4644,11.341,,143.5,,276
4645,11.3434,,143.75,,276.3
4646,11.3459,,144,,276.6
4647,11.3481,,144,,276.933
4648,11.3502,,144,,277.267
4649,11.3523,,144,,277.6
4650,11.3541,,144,,277.65
4651,11.3558,,144,,277.7
4652,11.3575,,144,,277.75
4653,11.3592,,144,,277.8
4654,11.3618,,143.857,,277.629
4655,11.3644,,143.714,,277.457
4656,11.367,,143.571,,277.286
4657,11.3697,,143.429,,277.114
4658,11.3723,,143.286,,276.943
4659,11.3749,,143.143,,276.771
4660,11.3775,,143,,276.6
4661,11.3806,,142.857,,276.6
4662,11.3837,,142.714,,276.6
4663,11.3868,,142.571,,276.6
4664,11.3899,,142.429,,276.6
4665,11.393,,142.286,,276.6
4666,11.3961,,142.143,,276.6
4667,11.3992,,142,,276.6
4668,11.4023,,141.6,,276.36
4669,11.4053,,141.2,,276.12
4670,11.4084,,140.8,,275.88
4671,11.4114,,140.4,,275.64
4672,11.4145,,140,,275.4
4673,11.4173,,139.667,,275.067
4674,11.4202,,139.333,,274.733
4675,11.423,,139,,274.4
4676,11.4257,,138.5,,274.05
4677,11.4285,,138,,273.7
4678,11.4312,,137.5,,273.35
4679,11.4339,,137,,273
4680,11.4372,,136.5,,272.8
4681,11.4405,,136,,272.6
4682,11.4438,,135.5,,272.4
4683,11.447,,135,,272.2
4684,11.4495,,134.25,,272.1
4685,11.4519,,133.5,,272
4686,11.4543,,132.75,,271.9
4687,11.4567,,132,,271.8
4688,11.4587,,131,,271.733
4689,11.4606,,130,,271.667
4690,11.4626,,129,,271.6
4691,11.464,,128,,271.8
4692,11.4644,,126.5,,272
4693,11.4649,,125,,272.2
4694,11.4653,,123.5,,272.3
4695,11.4657,,122,,272.4
4696,11.4661,,120.5,,272.4
4697,11.4666,,119,,272.4
4698,11.4667,,117.667,,272.4
4699,11.4668,,116.333,,272.4
4700,11.4669,,115,,272.4
4701,11.4678,,115,,272.333
4702,11.4686,,115,,272.267
4703,11.4695,,115,,272.2
4704,11.4704,,115,,272.133
4705,11.4713,,115,,272.067
4706,11.4721,,115,,272
4707,11.4748,,116,,271.8
4708,11.4774,,116,,272.12
4709,11.4801,,116,,272.44
4710,11.4827,,116,,272.76
4711,11.4853,,116,,273.08
4712,11.4879,,116,,273.4
4713,11.4898,,116,,273.8
4714,11.4918,,116,,274.2
4715,11.4936,,116,,274.7
4716,11.4954,,116,,275.2
4717,11.4975,,116.667,,275.667
4718,11.4996,,117.333,,276.133
4719,11.5018,,118,,276.6
4720,11.5041,,118.667,,276.933
4721,11.5064,,119.333,,277.267
4722,11.5086,,120,,277.6
4723,11.5106,,121,,278.133
4724,11.5125,,122,,278.667
4725,11.5144,,123,,279.2
4726,11.5167,,123.667,,279.667
4727,11.5189,,124.333,,280.133
4728,11.5212,,125,,280.6
4729,11.5235,,126,,281.067
4730,11.5258,,127,,281.533
4731,11.5281,,128,,282
4732,11.5302,,128.667,,282.467
4733,11.5324,,129.333,,282.933
4734,11.5345,,130,,283.4
4735,11.5359,,130.667,,283.8
4736,11.5374,,131.333,,284.2
4737,11.5388,,132,,284.6
4738,11.5409,,133,,285.067
4739,11.5429,,134,,285.533
4740,11.545,,135,,286
4741,11.5467,,135.5,,286.5
4742,11.5485,,136,,287
4743,11.5502,,136.667,,287.467
4744,11.5519,,137.333,,287.933
4745,11.5536,,138,,288.4
4746,11.5551,,138.333,,288.867
4747,11.5566,,138.667,,289.333
4748,11.5581,,139,,289.8
4749,11.5601,,139.5,,290.1
4750,11.562,,140,,290.4
4751,11.564,,140.5,,290.7
4752,11.5659,,141,,291
4753,11.5677,,141.333,,291.4
4754,11.5694,,141.667,,291.8
4755,11.5712,,142,,292.2
4756,11.5735,,142.25,,292.5
4757,11.5758,,142.5,,292.8
4758,11.5782,,142.75,,293.1
4759,11.5805,,143,,293.4
4760,11.5825,,143.667,,293.867
4761,11.5845,,144.333,,294.333
4762,11.5865,,145,,294.8
4763,11.5884,,145,,295.2
4764,11.5902,,145,,295.6
4765,11.5921,,145,,296
4766,11.5942,,145.333,,296.333
4767,11.5963,,145.667,,296.667
4768,11.5984,,146,,297
4769,11.5999,,146,,297.533
4770,11.6014,,146,,298.067
4771,11.6029,,146,,298.6
4772,11.6047,,146.2,,298.8
4773,11.6066,,146.4,,299
4774,11.6084,,146.6,,299.2
4775,11.6103,,146.8,,299.4
4776,11.6122,,147,,299.6
4777,11.6146,,147,,299.644
4778,11.6171,,147,,299.689
4779,11.6196,,147,,299.733
4780,11.622,,147,,299.778
4781,11.6245,,147,,299.822
4782,11.627,,147,,299.867
4783,11.6294,,147,,299.911
4784,11.6319,,147,,299.956
4785,11.6344,,147,,300
4786,11.6368,,146.857,,300.114
4787,11.6393,,146.714,,300.229
4788,11.6417,,146.571,,300.343
4789,11.6442,,146.429,,300.457
4790,11.6466,,146.286,,300.571
4791,11.6491,,146.143,,300.686
4792,11.6515,,146,,300.8
4793,11.6536,,146,,301.133
4794,11.6557,,146,,301.467
4795,11.6578,,146,,301.8
4796,11.6598,,146,,302.267
4797,11.6618,,146,,302.733
4798,11.6638,,146,,303.2
4799,11.6661,,146,,303.55
4800,11.6683,,146,,303.9
4801,11.6705,,146,,304.25
4802,11.6727,,146,,304.6
4803,11.6749,,146,,304.933
4804,11.6771,,146,,305.267
4805,11.6793,,146,,305.6
4806,11.6813,,146.2,,305.84
4807,11.6833,,146.4,,306.08
4808,11.6853,,146.6,,306.32
4809,11.6873,,146.8,,306.56
4810,11.6892,,147,,306.8
4811,11.6913,,146.75,,307.1
4812,11.6933,,146.5,,307.4
4813,11.6953,,146.25,,307.7
4814,11.6973,,146,,308
4815,11.6999,,146,,308.25
4816,11.7024,,146,,308.5
4817,11.705,,146,,308.75
4818,11.7076,,146,,309
4819,11.7103,,146,,309.24
4820,11.7131,,146,,309.48
4821,11.7158,,146,,309.72
4822,11.7186,,146,,309.96
4823,11.7214,,146,,310.2
4824,11.7238,,145.833,,310.4
4825,11.7263,,145.667,,310.6
4826,11.7287,,145.5,,310.8
4827,11.7311,,145.333,,311
4828,11.7336,,145.167,,311.2
4829,11.736,,145,,311.4
4830,11.7386,,145,,311.6
4831,11.7411,,145,,311.8
4832,11.7436,,145,,312
4833,11.7461,,145,,312.2
4834,11.7487,,145,,312.4
4835,11.7512,,145,,312.6
4836,11.7536,,144.833,,312.767
4837,11.7561,,144.667,,312.933
4838,11.7585,,144.5,,313.1
4839,11.761,,144.333,,313.267
4840,11.7634,,144.167,,313.433
4841,11.7659,,144,,313.6
4842,11.7684,,144,,313.8
4843,11.771,,144,,314
4844,11.7735,,144,,314.2
4845,11.7761,,144,,314.4
4846,11.7786,,144,,314.6
4847,11.7812,,144,,314.8
4848,11.7834,,144,,315.133
4849,11.7856,,144,,315.467
4850,11.7879,,144,,315.8
4851,11.79,,144,,316.1
4852,11.7921,,144,,316.4
4853,11.7942,,144,,316.7
4854,11.7964,,144,,317
4855,11.7988,,144,,317.25
4856,11.8011,,144,,317.5
4857,11.8035,,144,,317.75
4858,11.8059,,144,,318
4859,11.808,,143.667,,318.4
4860,11.81,,143.333,,318.8
4861,11.812,,143,,319.2
4862,11.8138,,143.333,,319.6
4863,11.8156,,143.667,,320
4864,11.8173,,144,,320.4
4865,11.8196,,144,,320.75
4866,11.8218,,144,,321.1
4867,11.8241,,144,,321.45
4868,11.8263,,144,,321.8
4869,11.8289,,144,,322.333
4870,11.8315,,144,,322.867
4871,11.8341,,144,,323.4
4872,11.836,,144,,323.867
4873,11.8379,,144,,324.333
4874,11.8399,,144,,324.8
4875,11.8416,,143.917,,324.85
4876,11.8434,,143.833,,324.9
4877,11.8452,,143.75,,324.95
4878,11.8469,,143.667,,325
4879,11.8487,,143.583,,325.05
4880,11.8505,,143.5,,325.1
4881,11.8522,,143.417,,325.15
4882,11.854,,143.333,,325.2
4883,11.8558,,143.25,,325.25
4884,11.8575,,143.167,,325.3
4885,11.8593,,143.083,,325.35
4886,11.8611,,143,,325.4
4887,11.8625,,142.833,,325.467
4888,11.864,,142.667,,325.533
4889,11.8654,,142.5,,325.6
4890,11.8669,,142.333,,325.667
4891,11.8683,,142.167,,325.733
4892,11.8698,,142,,325.8
4893,11.8724,,141.75,,325.85
4894,11.875,,141.5,,325.9
4895,11.8776,,141.25,,325.95
4896,11.8802,,141,,326
4897,11.8828,,140.75,,326.05
4898,11.8854,,140.5,,326.1
4899,11.888,,140.25,,326.15
4900,11.8906,,140,,326.2
4901,11.892,,139.5,,326.4
4902,11.8933,,139,,326.6
4903,11.8942,,138.4,,326.52
4904,11.8952,,137.8,,326.44
4905,11.8961,,137.2,,326.36
4906,11.897,,136.6,,326.28
4907,11.898,,136,,326.2
4908,11.8996,,135.5,,326.167
4909,11.9013,,135,,326.133
4910,11.903,,134.5,,326.1
4911,11.9047,,134,,326.067
4912,11.9064,,133.5,,326.033
4913,11.908,,133,,326
4914,11.9104,,132.25,,325.85
4915,11.9128,,131.5,,325.7
4916,11.9152,,130.75,,325.55
4917,11.9176,,130,,325.4
4918,11.92,,129.4,,325.32
4919,11.9224,,128.8,,325.24
4920,11.9248,,128.2,,325.16
4921,11.9272,,127.6,,325.08
4922,11.9296,,127,,325
4923,11.9325,,126.5,,325
4924,11.9353,,126,,325
4925,11.9382,,125.5,,325
4926,11.9411,,125,,325
4927,11.9439,,124.5,,325
4928,11.9468,,124,,325
4929,11.9494,,123.5,,324.9
4930,11.9521,,123,,324.8
4931,11.9548,,122.667,,324.633
4932,11.9574,,122.333,,324.467
4933,11.9601,,122,,324.3
4934,11.9627,,121.667,,324.133
4935,11.9654,,121.333,,323.967
4936,11.9681,,121,,323.8
4937,11.9704,,120,,323.8
4938,11.9731,,119.571,,323.629
4939,11.9758,,119.143,,323.457
4940,11.9785,,118.714,,323.286
4941,11.9812,,118.286,,323.114
4942,11.9838,,117.857,,322.943
4943,11.9865,,117.429,,322.771
4944,11.9892,,117,,322.6
4945,11.9909,,116.75,,322.6
4946,11.9926,,116.5,,322.6
4947,11.9943,,116.25,,322.6
4948,11.996,,116,,322.6
4949,11.9976,,115.857,,322.771
4950,11.9993,,115.714,,322.943
4951,12.0009,,115.571,,323.114
4952,12.0025,,115.429,,323.286
4953,12.0042,,115.286,,323.457
4954,12.0058,,115.143,,323.629
4955,12.0075,,115,,323.8
4956,12.0098,,115.111,,323.911
4957,12.012,,115.222,,324.022
4958,12.0143,,115.333,,324.133
4959,12.0166,,115.444,,324.244
4960,12.0189,,115.556,,324.356
4961,12.0212,,115.667,,324.467
4962,12.0234,,115.778,,324.578
4963,12.0257,,115.889,,324.689
4964,12.028,,116,,324.8
4965,12.0301,,116.2,,324.88
4966,12.0321,,116.4,,324.96
4967,12.0342,,116.6,,325.04
4968,12.0363,,116.8,,325.12
4969,12.0383,,117,,325.2
4970,12.0395,,117,,325
4971,12.0408,,117,,324.8
4972,12.042,,117,,324.6
4973,12.0433,,116.5,,324.1
4974,12.0447,,116,,323.6
4975,12.0465,,116,,323
4976,12.0483,,116,,322.4
4977,12.0504,,116.333,,321.867
4978,12.0525,,116.667,,321.333
4979,12.0546,,117,,320.8
4980,12.0571,,117,,320.3
4981,12.0596,,117,,319.8
4982,12.0616,,117,,319.2
4983,12.0637,,117,,318.6
4984,12.0656,,117,,318.2
4985,12.0675,,117,,317.8
4986,12.0694,,117,,317.4
4987,12.0719,,116.75,,317.05
4988,12.0745,,116.5,,316.7
4989,12.077,,116.25,,316.35
4990,12.0796,,116,,316
4991,12.0825,,116,,315.667
4992,12.0854,,116,,315.333
4993,12.0882,,116,,315
4994,12.0901,,115.75,,314.7
4995,12.0919,,115.5,,314.4
4996,12.0938,,115.25,,314.1
4997,12.0956,,115,,313.8
4998,12.0974,,114.5,,313.633
4999,12.0992,,114,,313.467
5000,12.101,,113.5,,313.3
5001,12.1027,,113,,313.133
5002,12.1045,,112.5,,312.967
5003,12.1063,,112,,312.8
5004,12.1083,,112,,312.6
5005,12.1103,,112,,312.4
5006,12.1123,,112,,312.2
5007,12.1143,,112,,312
5008,12.1163,,112,,311.8
5009,12.1183,,112,,311.6
5010,12.1219,,111.667,,311.433
5011,12.1256,,111.333,,311.267
5012,12.1292,,111,,311.1
5013,12.1329,,110.667,,310.933
5014,12.1365,,110.333,,310.767
5015,12.1402,,110,,310.6
5016,12.1439,,110,,310.3
5017,12.1475,,110,,310
5018,12.1512,,110,,309.7
5019,12.1548,,110,,309.4
5020,12.1573,,110,,309.15
5021,12.1598,,110,,308.9
5022,12.1623,,110,,308.65
5023,12.1648,,110,,308.4
5024,12.1674,,110,,308.05
5025,12.1699,,110,,307.7
5026,12.1724,,110,,307.35
5027,12.1749,,110,,307
5028,12.1777,,109.667,,306.6
5029,12.1804,,109.333,,306.2
5030,12.1831,,109,,305.8
5031,12.186,,109,,305.4
5032,12.1888,,109,,305
5033,12.1917,,109,,304.6
5034,12.1945,,109,,304.2
5035,12.1969,,109,,303.733
5036,12.1992,,109,,303.267
5037,12.2016,,109,,302.8
5038,12.2035,,109,,302.4
5039,12.2054,,109,,301.9
5040,12.2073,,109,,301.4
5041,12.2096,,109,,300.867
5042,12.2119,,109,,300.333
5043,12.2142,,109,,299.8
5044,12.2172,,109,,299.8
5045,12.2203,,109,,299.8
5046,12.2233,,109,,299.8
5047,12.2264,,109,,299.8
5048,12.2294,,109,,299.8
5049,12.2325,,109,,299.8
5050,12.2355,,109,,299.8
5051,12.2379,,108.667,,299.733
5052,12.2403,,108.333,,299.667
5053,12.2427,,108,,299.6
5054,12.245,,107.667,,299.533
5055,12.2474,,107.333,,299.467
5056,12.2498,,107,,299.4
5057,12.2507,,106.25,,299.4
5058,12.2517,,105.5,,299.4
5059,12.2527,,104.75,,299.4
5060,12.2536,,104,,299.4
5061,12.2539,,103.7,,299.36
5062,12.2541,,103.4,,299.32
5063,12.2544,,103.1,,299.28
5064,12.2546,,102.8,,299.24
5065,12.2549,,102.5,,299.2
5066,12.2551,,102.2,,299.16
5067,12.2554,,101.9,,299.12
5068,12.2556,,101.6,,299.08
5069,12.2559,,101.3,,299.04
5070,12.2561,,101,,299
5071,12.2564,,99,,299
5072,12.2567,,97,,299
5073,12.2568,,95.5,,299
5074,12.257,,94,,299
5075,12.2571,,92.5,,299
5076,12.2573,,91,,299
5077,12.2576,,90.5,,299.1
5078,12.258,,90,,299.2
5079,12.2584,,89.5,,299.3
5080,12.2587,,89,,299.4
5081,12.2591,,88.5,,299.5
5082,12.2595,,88,,299.6
5083,12.2598,,88.5,,299.567
5084,12.2602,,89,,299.533
5085,12.2605,,89.5,,299.5
5086,12.2608,,90,,299.467
5087,12.2612,,90.5,,299.433
5088,12.2615,,91,,299.4
5089,12.2626,,92.5,,299.4
5090,12.2637,,94,,299.4
5091,12.2652,,95.5,,299.5
5092,12.2667,,97,,299.6
5093,12.2685,,97.6,,299.56
5094,12.2703,,98.2,,299.52
5095,12.2721,,98.8,,299.48
5096,12.2739,,99.4,,299.44
5097,12.2757,,100,,299.4
5098,12.2775,,100.167,,299.667
5099,12.2793,,100.333,,299.933
5100,12.2811,,100.5,,300.2
5101,12.2829,,100.667,,300.467
5102,12.2847,,100.833,,300.733
5103,12.2865,,101,,301
5104,12.2881,,101.333,,301.333
5105,12.2896,,101.667,,301.667
5106,12.2911,,102,,302
5107,12.2929,,102.667,,302.4
5108,12.2947,,103.333,,302.8
5109,12.2965,,104,,303.2
5110,12.2981,,104.75,,303.45
5111,12.2996,,105.5,,303.7
5112,12.3012,,106.25,,303.95
5113,12.3028,,107,,304.2
5114,12.3044,,108,,304.533
5115,12.306,,109,,304.867
5116,12.3076,,110,,305.2
5117,12.3091,,110,,305.4
5118,12.3104,,110.6,,305.56
5119,12.3118,,111.2,,305.72
5120,12.3132,,111.8,,305.88
5121,12.3145,,112.4,,306.04
5122,12.3159,,113,,306.2
5123,12.3181,,114,,306.6
5124,12.32,,114.25,,306.9
5125,12.3219,,114.5,,307.2
5126,12.3238,,114.75,,307.5
5127,12.3257,,115,,307.8
5128,12.3277,,115.75,,308.05
5129,12.3297,,116.5,,308.3
5130,12.3317,,117.25,,308.55
5131,12.3337,,118,,308.8
5132,12.3364,,119,,309
5133,12.3389,,119.75,,309.2
5134,12.3414,,120.5,,309.4
5135,12.3439,,121.25,,309.6
5136,12.3463,,122,,309.8
5137,12.3484,,123,,310
5138,12.3502,,123.75,,310.15
5139,12.352,,124.5,,310.3
5140,12.3538,,125.25,,310.45
5141,12.3557,,126,,310.6
5142,12.3577,,126.333,,310.733
5143,12.3596,,126.667,,310.867
5144,12.3616,,127,,311
5145,12.3636,,127.125,,311.15
5146,12.3655,,127.25,,311.3
5147,12.3675,,127.375,,311.45
5148,12.3695,,127.5,,311.6
5149,12.3714,,127.625,,311.75
5150,12.3734,,127.75,,311.9
5151,12.3754,,127.875,,312.05
5152,12.3773,,128,,312.2
5153,12.3796,,128.2,,312.4
5154,12.3818,,128.4,,312.6
5155,12.3841,,128.6,,312.8
5156,12.3863,,128.8,,313
5157,12.3886,,129,,313.2
5158,12.3905,,129,,313.343
5159,12.3925,,129,,313.486
5160,12.3944,,129,,313.629
5161,12.3964,,129,,313.771
5162,12.3983,,129,,313.914
5163,12.4003,,129,,314.057
5164,12.4022,,129,,314.2
5165,12.4044,,128.75,,314.5
5166,12.4065,,128.5,,314.8
5167,12.4087,,128.25,,315.1
5168,12.4109,,128,,315.4
5169,12.4129,,128.2,,315.6
5170,12.4149,,128.4,,315.8
5171,12.4169,,128.6,,316
5172,12.4189,,128.8,,316.2
5173,12.4209,,129,,316.4
5174,12.4227,,129.25,,316.7
5175,12.4245,,129.5,,317
5176,12.4263,,129.75,,317.3
5177,12.4281,,130,,317.6
5178,12.4296,,130,,317.9
5179,12.4312,,130,,318.2
5180,12.4327,,130,,318.5
5181,12.4343,,130,,318.8
5182,12.4362,,130.333,,319.2
5183,12.438,,130.667,,319.6
5184,12.4399,,131,,320
5185,12.442,,131,,320.3
5186,12.444,,131,,320.6
5187,12.4461,,131,,320.9
5188,12.4481,,131,,321.2
5189,12.45,,131,,321.45
5190,12.4518,,131,,321.7
5191,12.4536,,131,,321.95
5192,12.4555,,131,,322.2
5193,12.4569,,131.333,,322.6
5194,12.4583,,131.667,,323
5195,12.4597,,132,,323.4
5196,12.4608,,131.75,,323.7
5197,12.4619,,131.5,,324
5198,12.463,,131.25,,324.3
5199,12.464,,131,,324.6
5200,12.4652,,130.857,,324.657
5201,12.4663,,130.714,,324.714
5202,12.4675,,130.571,,324.771
5203,12.4686,,130.429,,324.829
5204,12.4698,,130.286,,324.886
5205,12.4709,,130.143,,324.943
5206,12.472,,130,,325
5207,12.4724,,129.8,,325.16
5208,12.4728,,129.6,,325.32
5209,12.4731,,129.4,,325.48
5210,12.4735,,129.2,,325.64
5211,12.4739,,129,,325.8
5212,12.4742,,129,,325.4
5213,12.4745,,129,,325
5214,12.4748,,128.571,,324.971
5215,12.4751,,128.143,,324.943
5216,12.4754,,127.714,,324.914
5217,12.4758,,127.286,,324.886
5218,12.4761,,126.857,,324.857
5219,12.4764,,126.429,,324.829
5220,12.4767,,126,,324.8
5221,12.4775,,125,,324.8
5222,12.4779,,124.25,,324.85
5223,12.4784,,123.5,,324.9
5224,12.4788,,122.75,,324.95
5225,12.4793,,122,,325
5226,12.4795,,120.667,,325.2
5227,12.4796,,119.333,,325.4
5228,12.4797,,118,,325.6
5229,12.4799,,116.667,,325.6
5230,12.4801,,115.333,,325.6
5231,12.4802,,114,,325.6
5232,12.4805,,113,,325.6
5233,12.4807,,112,,325.6
5234,12.4809,,111,,325.6
5235,12.481,,110,,325.6
5236,12.481,,109,,325.6
5237,12.481,,108,,325.6
5238,12.481,,107.4,,325.6
5239,12.4811,,106.8,,325.6
5240,12.4811,,106.2,,325.6
5241,12.4811,,105.6,,325.6
5242,12.4811,,105,,325.6
5243,12.4812,,104.625,,325.6
5244,12.4812,,104.25,,325.6
5245,12.4812,,103.875,,325.6
5246,12.4813,,103.5,,325.6
5247,12.4813,,103.125,,325.6
5248,12.4813,,102.75,,325.6
5249,12.4814,,102.375,,325.6
5250,12.4814,,102,,325.6
5251,12.4816,,100.5,,325.6
5252,12.4818,,99,,325.6
5253,12.482,,98.25,,325.6
5254,12.4821,,97.5,,325.6
5255,12.4823,,96.75,,325.6
5256,12.4825,,96,,325.6
5257,12.4825,,95.25,,325.55
5258,12.4825,,94.5,,325.5
5259,12.4826,,93.75,,325.45
5260,12.4826,,93,,325.4
5261,12.4826,,92.7,,325.4
5262,12.4827,,92.4,,325.4
5263,12.4827,,92.1,,325.4
5264,12.4827,,91.8,,325.4
5265,12.4827,,91.5,,325.4
5266,12.4828,,91.2,,325.4
5267,12.4828,,90.9,,325.4
5268,12.4828,,90.6,,325.4
5269,12.4829,,90.3,,325.4
5270,12.4829,,90,,325.4
5271,12.483,,90.3333,,325.378
5272,12.4831,,90.6667,,325.356
5273,12.4833,,91,,325.333
5274,12.4834,,91.3333,,325.311
5275,12.4835,,91.6667,,325.289
5276,12.4836,,92,,325.267
5277,12.4837,,92.3333,,325.244
5278,12.4839,,92.6667,,325.222
5279,12.484,,93,,325.2
5280,12.4841,,93.1429,,325.171
5281,12.4842,,93.2857,,325.143
5282,12.4843,,93.4286,,325.114
5283,12.4844,,93.5714,,325.086
5284,12.4845,,93.7143,,325.057
5285,12.4846,,93.8571,,325.029
5286,12.4847,,94,,325
5287,12.4848,,94.1429,,324.971
5288,12.4849,,94.2857,,324.943
5289,12.485,,94.4286,,324.914
5290,12.4851,,94.5714,,324.886
5291,12.4852,,94.7143,,324.857
5292,12.4853,,94.8571,,324.829
5293,12.4854,,95,,324.8
5294,12.4855,,95.1429,,324.771
5295,12.4856,,95.2857,,324.743
5296,12.4857,,95.4286,,324.714
5297,12.4858,,95.5714,,324.686
5298,12.4859,,95.7143,,324.657
5299,12.486,,95.8571,,324.629
5300,12.4861,,96,,324.6
5301,12.4861,,95.25,,324.6
5302,12.4862,,94.5,,324.6
5303,12.4862,,93.75,,324.6
5304,12.4862,,93,,324.6
5347,12.4885,,90,,325
5348,12.4885,,90.125,,324.983
5349,12.4886,,90.25,,324.967
5350,12.4887,,90.375,,324.95
5351,12.4887,,90.5,,324.933
5352,12.4888,,90.625,,324.917
5353,12.4888,,90.75,,324.9
5354,12.4889,,90.875,,324.883
5355,12.489,,91,,324.867
5356,12.489,,91.125,,324.85
5357,12.4891,,91.25,,324.833
5358,12.4891,,91.375,,324.817
5359,12.4892,,91.5,,324.8
5360,12.4893,,91.625,,324.783
5361,12.4893,,91.75,,324.767
5362,12.4894,,91.875,,324.75
5363,12.4894,,92,,324.733
5364,12.4895,,92.125,,324.717
5365,12.4896,,92.25,,324.7
5366,12.4896,,92.375,,324.683
5367,12.4897,,92.5,,324.667
5368,12.4897,,92.625,,324.65
5369,12.4898,,92.75,,324.633
5370,12.4899,,92.875,,324.617
5371,12.4899,,93,,324.6
5372,12.4901,,93.2,,324.6
5373,12.4902,,93.4,,324.6
5374,12.4903,,93.6,,324.6
5375,12.4905,,93.8,,324.6
5376,12.4906,,94,,324.6
5377,12.4908,,94.2,,324.6
5378,12.4909,,94.4,,324.6
5379,12.4911,,94.6,,324.6
5380,12.4912,,94.8,,324.6
5381,12.4914,,95,,324.6
5382,12.4915,,95.2,,324.6
5383,12.4917,,95.4,,324.6
5384,12.4918,,95.6,,324.6
5385,12.4919,,95.8,,324.6
5386,12.4921,,96,,324.6
5387,12.4932,,95.6667,,324.6
5388,12.4943,,95.3333,,324.6
5389,12.4955,,95,,324.6
5390,12.4966,,94.6667,,324.6
5391,12.4977,,94.3333,,324.6
5392,12.4989,,94,,324.6
5393,12.5,,93.6667,,324.6
5394,12.5011,,93.3333,,324.6
5395,12.5022,,93,,324.6
5396,12.5046,,93.375,,324.7
5397,12.507,,93.75,,324.8
5398,12.5094,,94.125,,324.9
5399,12.5117,,94.5,,325
5400,12.5141,,94.875,,325.1
5401,12.5165,,95.25,,325.2
5402,12.5189,,95.625,,325.3
5403,12.5212,,96,,325.4
5404,12.524,,96.5,,325.467
5405,12.5268,,97,,325.533
5406,12.5296,,97.5,,325.6
5407,12.5324,,98,,325.667
5408,12.5352,,98.5,,325.733
5409,12.538,,99,,325.8
5410,12.5409,,99.75,,325.85
5411,12.5437,,100.5,,325.9
5412,12.5465,,101.25,,325.95
5413,12.5494,,102,,326
5414,12.5524,,102.5,,326.1
5415,12.5553,,103,,326.2
5416,12.5583,,103.5,,326.3
5417,12.5613,,104,,326.4
5418,12.5643,,104.5,,326.5
5419,12.5672,,105,,326.6
5420,12.5697,,106,,326.667
5421,12.5722,,107,,326.733
5422,12.5747,,108,,326.8
5423,12.5773,,108,,326.8
5424,12.5799,,108,,326.8
5425,12.5828,,108.5,,326.933
5426,12.5856,,109,,327.067
5427,12.5885,,109.5,,327.2
5428,12.5914,,110,,327.333
5429,12.5942,,110.5,,327.467
5430,12.5971,,111,,327.6
5431,12.5998,,111.333,,327.733
5432,12.6026,,111.667,,327.867
5433,12.6053,,112,,328
5434,12.6079,,112.333,,328.133
5435,12.6105,,112.667,,328.267
5436,12.6131,,113,,328.4
5437,12.6161,,113.286,,328.429
5438,12.6191,,113.571,,328.457
5439,12.6221,,113.857,,328.486
5440,12.6252,,114.143,,328.514
5441,12.6282,,114.429,,328.543
5442,12.6312,,114.714,,328.571
5443,12.6342,,115,,328.6
5444,12.6368,,115.667,,328.8
5445,12.6394,,116.333,,329
5446,12.642,,117,,329.2
5447,12.6447,,117.167,,329.367
5448,12.6473,,117.333,,329.533
5449,12.65,,117.5,,329.7
5450,12.6526,,117.667,,329.867
5451,12.6553,,117.833,,330.033
5452,12.6579,,118,,330.2
5453,12.6605,,118.167,,330.4
5454,12.663,,118.333,,330.6
5455,12.6656,,118.5,,330.8
5456,12.6681,,118.667,,331
5457,12.6706,,118.833,,331.2
5458,12.6732,,119,,331.4
5459,12.6755,,119.25,,331.55
5460,12.6779,,119.5,,331.7
5461,12.6802,,119.75,,331.85
5462,12.6826,,120,,332
5463,12.685,,120.125,,331.775
5464,12.6874,,120.25,,331.55
5465,12.6898,,120.375,,331.325
5466,12.6922,,120.5,,331.1
5467,12.6946,,120.625,,330.875
5468,12.6971,,120.75,,330.65
5469,12.6995,,120.875,,330.425
5470,12.7019,,121,,330.2
5471,12.7049,,121,,329.85
5472,12.7079,,121,,329.5
5473,12.7108,,121,,329.15
5474,12.7138,,121,,328.8
5475,12.7168,,120.667,,328.467
5476,12.7197,,120.333,,328.133
5477,12.7226,,120,,327.8
5478,12.7256,,119.75,,327.45
5479,12.7287,,119.5,,327.1
5480,12.7317,,119.25,,326.75
5481,12.7348,,119,,326.4
5482,12.7377,,118.6,,326.2
5483,12.7407,,118.2,,326
5484,12.7436,,117.8,,325.8
5485,12.7465,,117.4,,325.6
5486,12.7494,,117,,325.4
5487,12.7524,,116.4,,325.28
5488,12.7554,,115.8,,325.16
5489,12.7584,,115.2,,325.04
5490,12.7613,,114.6,,324.92
5491,12.7643,,114,,324.8
5492,12.7676,,113.75,,324.7
5493,12.7709,,113.5,,324.6
5494,12.7742,,113.25,,324.5
5495,12.7775,,113,,324.4
5496,12.7804,,112,,324.3
5497,12.7834,,111,,324.2
5498,12.7863,,110,,324.1
5499,12.7892,,109,,324
5500,12.7928,,108,,323.933
5501,12.7965,,107,,323.867
5502,12.8001,,106,,323.8
5503,12.8036,,106.167,,323.833
5504,12.8072,,106.333,,323.867
5505,12.8107,,106.5,,323.9
5506,12.8143,,106.667,,323.933
5507,12.8178,,106.833,,323.967
5508,12.8214,,107,,324
5509,12.8243,,107.6,,323.96
5510,12.8273,,108.2,,323.92
5511,12.8302,,108.8,,323.88
5512,12.8332,,109.4,,323.84
5513,12.8362,,110,,323.8
5514,12.8388,,110,,323.7
5515,12.8415,,110,,323.6
5516,12.8442,,110,,323.5
5517,12.8469,,110,,323.4
5518,12.8496,,110,,323.2
5519,12.8523,,110,,323
5520,12.855,,110,,322.8
5521,12.8569,,110,,322.4
5522,12.8588,,110,,322
5523,12.8606,,110,,321.533
5524,12.8625,,110,,321.067
5525,12.8644,,110,,320.6
5526,12.8668,,109.75,,320.35
5527,12.8693,,109.5,,320.1
5528,12.8717,,109.25,,319.85
5529,12.8742,,109,,319.6
5530,12.8771,,108.833,,319.4
5531,12.8801,,108.667,,319.2
5532,12.883,,108.5,,319
5533,12.886,,108.333,,318.8
5534,12.8889,,108.167,,318.6
5535,12.8919,,108,,318.4
5536,12.8947,,107.6,,318.12
5537,12.8976,,107.2,,317.84
5538,12.9005,,106.8,,317.56
5539,12.9034,,106.4,,317.28
5540,12.9062,,106,,317
5541,12.9095,,105.75,,316.75
5542,12.9128,,105.5,,316.5
5543,12.9161,,105.25,,316.25
5544,12.9194,,105,,316
5545,12.9229,,105,,315.7
5546,12.9265,,105,,315.4
5547,12.9301,,105,,315.1
5548,12.9336,,105,,314.8
5549,12.9367,,105,,314.6
5550,12.9397,,105,,314.4
5551,12.9428,,105,,314.2
5552,12.9458,,105,,314
5553,12.9489,,105,,313.8
5554,12.9517,,105,,313.567
5555,12.9545,,105,,313.333
5556,12.9573,,105,,313.1
5557,12.9601,,105,,312.867
5558,12.9629,,105,,312.633
5559,12.9657,,105,,312.4
5560,12.9678,,104.5,,312
5561,12.9699,,104,,311.6
5562,12.9708,,104,,311.2
5563,12.9735,,103.75,,310.9
5564,12.9761,,103.5,,310.6
5565,12.9788,,103.25,,310.3
5566,12.9815,,103,,310
5567,12.9842,,103,,309.7
5568,12.987,,103,,309.4
5569,12.9898,,103,,309.1
5570,12.9926,,103,,308.8
5571,12.9957,,103,,308.5
5572,12.9988,,103,,308.2
5573,13.0019,,103,,307.9
5574,13.005,,103,,307.6
5575,13.008,,103.333,,307.2
5576,13.011,,103.667,,306.8
5577,13.0141,,104,,306.4
5578,13.0171,,103.75,,306.1
5579,13.02,,103.5,,305.8
5580,13.023,,103.25,,305.5
5581,13.026,,103,,305.2
5582,13.0292,,103,,304.9
5583,13.0324,,103,,304.6
5584,13.0356,,103,,304.3
5585,13.0388,,103,,304
5586,13.0418,,103,,303.65
5587,13.0448,,103,,303.3
5588,13.0478,,103,,302.95
5589,13.0508,,103,,302.6
5590,13.0532,,103,,302.267
5591,13.0556,,103,,301.933
5592,13.0581,,103,,301.6
5593,13.0602,,103,,301.2
5594,13.0623,,103,,300.8
5595,13.0644,,103,,300.4
5596,13.0667,,103.333,,300.067
5597,13.069,,103.667,,299.733
5598,13.0712,,104,,299.4
5599,13.0738,,104,,299.067
5600,13.0764,,104,,298.733
5601,13.079,,104,,298.4
5602,13.0823,,104,,298.1
5603,13.0857,,104,,297.8
5604,13.089,,104,,297.5
5605,13.0924,,104,,297.2
5606,13.096,,103.75,,296.95
5607,13.0997,,103.5,,296.7
5608,13.1034,,103.25,,296.45
5609,13.107,,103,,296.2
5610,13.1117,,103,,295.9
5611,13.1164,,103,,295.6
5612,13.1211,,103,,295.3
5613,13.1258,,103,,295
5614,13.1299,,103.25,,294.65
5615,13.134,,103.5,,294.3
5616,13.138,,103.75,,293.95
5617,13.1421,,104,,293.6
5618,13.1456,,104.333,,293.267
5619,13.149,,104.667,,292.933
5620,13.1525,,105,,292.6
5621,13.1557,,105,,292.3
5622,13.1589,,105,,292
5623,13.1621,,105,,291.7
5624,13.1653,,105,,291.4
5625,13.1688,,105,,291
5626,13.1723,,105,,290.6
5627,13.1757,,105,,290.2
5628,13.18,,105.25,,289.9
5629,13.1843,,105.5,,289.6
5630,13.1885,,105.75,,289.3
5631,13.1928,,106,,289
5632,13.1964,,106.25,,288.7
5633,13.2,,106.5,,288.4
5634,13.2036,,106.75,,288.1
5635,13.2072,,107,,287.8
5636,13.2102,,107,,287.5
5637,13.2133,,107,,287.2
5638,13.2162,,107,,286.8
5639,13.2191,,107,,286.4
5640,13.2223,,107,,285.7
5641,13.2255,,107,,285
5642,13.2292,,107,,284.4
5643,13.2328,,107,,283.8
5644,13.2361,,107,,283.3
5645,13.2393,,107,,282.8
5646,13.2424,,107,,282.2
5647,13.2455,,107,,281.6
5648,13.2484,,106.667,,281.067
5649,13.2514,,106.333,,280.533
5650,13.2544,,106,,280
5651,13.2572,,106,,279.3
5652,13.26,,106,,278.6
5653,13.2631,,106,,277.9
5654,13.2662,,106,,277.2
5655,13.2695,,105.5,,276.5
5656,13.2727,,105,,275.8
5657,13.2762,,105.5,,275.2
5658,13.2796,,106,,274.6
5659,13.2829,,106,,274.2
5660,13.2862,,106,,273.8
5661,13.2895,,106,,273.4
5662,13.2932,,106,,273.3
5663,13.2968,,106,,273.2
5664,13.3005,,106,,273.1
5665,13.3042,,106,,273
5666,13.3079,,106,,272.9
5667,13.3116,,106,,272.8
5668,13.315,,106.333,,272.933
5669,13.3185,,106.667,,273.067
5670,13.3219,,107,,273.2
5671,13.3254,,107.333,,273.333
5672,13.3288,,107.667,,273.467
5673,13.3323,,108,,273.6
5674,13.3351,,108.333,,273.933
5675,13.338,,108.667,,274.267
5676,13.3408,,109,,274.6
5677,13.3432,,109.333,,274.933
5678,13.3455,,109.667,,275.267
5679,13.3479,,110,,275.6
5680,13.3505,,110.333,,275.933
5681,13.3532,,110.667,,276.267
5682,13.3558,,111,,276.6
5683,13.3587,,111.5,,276.667
5684,13.3616,,112,,276.733
5685,13.3646,,112.5,,276.8
5686,13.3675,,113,,276.867
5687,13.3704,,113.5,,276.933
5688,13.3734,,114,,277
5689,13.3762,,114.429,,277.029
5690,13.3791,,114.857,,277.057
5691,13.382,,115.286,,277.086
5692,13.3849,,115.714,,277.114
5693,13.3878,,116.143,,277.143
5694,13.3907,,116.571,,277.171
5695,13.3936,,117,,277.2
5696,13.3966,,117.5,,277.267
5697,13.3995,,118,,277.333
5698,13.4025,,118.5,,277.4
5699,13.4055,,119,,277.467
5700,13.4084,,119.5,,277.533
5701,13.4114,,120,,277.6
5702,13.4144,,120,,277.7
5703,13.4174,,120,,277.8
5704,13.4204,,120.286,,277.886
5705,13.4234,,120.571,,277.971
5706,13.4263,,120.857,,278.057
5707,13.4293,,121.143,,278.143
5708,13.4323,,121.429,,278.229
5709,13.4353,,121.714,,278.314
5710,13.4383,,122,,278.4
5711,13.441,,122.2,,278.24
5712,13.4437,,122.4,,278.08
5713,13.4464,,122.6,,277.92
5714,13.449,,122.8,,277.76
5715,13.4517,,123,,277.6
5716,13.4543,,122.75,,277.35
5717,13.4569,,122.5,,277.1
5718,13.4594,,122.25,,276.85
5719,13.462,,122,,276.6
5720,13.4652,,121.75,,276.25
5721,13.4684,,121.5,,275.9
5722,13.4716,,121.25,,275.55
5723,13.4747,,121,,275.2
5724,13.4777,,121,,274.8
5725,13.4807,,121,,274.4
5726,13.4837,,121,,274
5727,13.4865,,120.5,,273.7
5728,13.4893,,120,,273.4
5729,13.4921,,119.5,,273.1
5730,13.4949,,119,,272.8
5731,13.4979,,118.333,,272.467
5732,13.5009,,117.667,,272.133
5733,13.5039,,117,,271.8
5734,13.5067,,116.6,,271.52
5735,13.5096,,116.2,,271.24
5736,13.5125,,115.8,,270.96
5737,13.5153,,115.4,,270.68
5738,13.5182,,115,,270.4
5739,13.5208,,115,,270.067
5740,13.5234,,115,,269.733
5741,13.5259,,115,,269.4
5742,13.5291,,114.5,,269.1
5743,13.5322,,114,,268.8
5744,13.5354,,113.5,,268.5
5745,13.5385,,113,,268.2
5746,13.5421,,112.5,,267.9
5747,13.5457,,112,,267.6
5748,13.5492,,111.5,,267.3
5749,13.5528,,111,,267
5750,13.5564,,110.833,,266.867
5751,13.56,,110.667,,266.733
5752,13.5635,,110.5,,266.6
5753,13.5671,,110.333,,266.467
5754,13.5707,,110.167,,266.333
5755,13.5742,,110,,266.2
5756,13.5778,,110,,265.8
5757,13.581,,109.75,,265.5
5758,13.5842,,109.5,,265.2
5759,13.5874,,109.25,,264.9
5760,13.5906,,109,,264.6
5761,13.5937,,108.5,,264.2
5762,13.5968,,108,,263.8
5763,13.6006,,108,,263.5
5764,13.6043,,108,,263.2
5765,13.6081,,108,,262.9
5766,13.6119,,108,,262.6
5767,13.6148,,108,,262.6
5768,13.6178,,108,,262.6
5769,13.6208,,108,,262.6
5770,13.6238,,108,,262.6
5771,13.6268,,108,,262.6
5772,13.6297,,108,,262.6
5773,13.6327,,108,,262.6
5774,13.6354,,108.2,,262.8
5775,13.638,,108.4,,263
5776,13.6406,,108.6,,263.2
5777,13.6433,,108.8,,263.4
5778,13.6459,,109,,263.6
5779,13.649,,109.143,,263.571
5780,13.6521,,109.286,,263.543
5781,13.6552,,109.429,,263.514
5782,13.6583,,109.571,,263.486
5783,13.6613,,109.714,,263.457
5784,13.6644,,109.857,,263.429
5785,13.6675,,110,,263.4
5786,13.6707,,110.286,,263.314
5787,13.6739,,110.571,,263.229
5788,13.6771,,110.857,,263.143
5789,13.6803,,111.143,,263.057
5790,13.6836,,111.429,,262.971
5791,13.6868,,111.714,,262.886
5792,13.69,,112,,262.8
5793,13.6931,,112.333,,262.667
5794,13.6962,,112.667,,262.533
5795,13.6994,,113,,262.4
5796,13.7024,,113.143,,262.543
5797,13.7055,,113.286,,262.686
5798,13.7085,,113.429,,262.829
5799,13.7116,,113.571,,262.971
5800,13.7146,,113.714,,263.114
5801,13.7177,,113.857,,263.257
5802,13.7207,,114,,263.4
5803,13.7237,,114,,263.6
5804,13.7267,,114,,263.8
5805,13.73,,114.286,,263.857
5806,13.7332,,114.571,,263.914
5807,13.7364,,114.857,,263.971
5808,13.7396,,115.143,,264.029
5809,13.7428,,115.429,,264.086
5810,13.746,,115.714,,264.143
5811,13.7492,,116,,264.2
5812,13.7525,,116.2,,263.84
5813,13.7559,,116.4,,263.48
5814,13.7592,,116.6,,263.12
5815,13.7625,,116.8,,262.76
5816,13.7659,,117,,262.4
5817,13.7691,,117,,262.4
5818,13.7724,,117,,262.4
5819,13.7756,,117,,262.4
5820,13.7789,,117,,262.4
5821,13.7821,,117,,262.4
5822,13.7854,,117,,262.4
5823,13.7887,,117,,262.4
5824,13.7913,,117,,262.68
5825,13.794,,117,,262.96
5826,13.7967,,117,,263.24
5827,13.7994,,117,,263.52
5828,13.8021,,117,,263.8
5829,13.8045,,117,,264.04
5830,13.807,,117,,264.28
5831,13.8094,,117,,264.52
5832,13.8118,,117,,264.76
5833,13.8142,,117,,265
5834,13.8167,,117.222,,264.956
5835,13.8192,,117.444,,264.911
5836,13.8216,,117.667,,264.867
5837,13.8241,,117.889,,264.822
5838,13.8266,,118.111,,264.778
5839,13.829,,118.333,,264.733
5840,13.8315,,118.556,,264.689
5841,13.834,,118.778,,264.644
5842,13.8364,,119,,264.6
5843,13.8392,,119,,264.267
5844,13.8421,,119,,263.933
5845,13.8449,,119,,263.6
5846,13.8486,,119.25,,263.35
5847,13.8523,,119.5,,263.1
5848,13.8561,,119.75,,262.85
5849,13.8598,,120,,262.6
5850,13.8631,,119.8,,262.28
5851,13.8664,,119.6,,261.96
5852,13.8697,,119.4,,261.64
5853,13.873,,119.2,,261.32
5854,13.8763,,119,,261
5855,13.8796,,119,,260.6
5856,13.8829,,119,,260.2
5857,13.8862,,118.75,,259.95
5858,13.8894,,118.5,,259.7
5859,13.8927,,118.25,,259.45
5860,13.8959,,118,,259.2
5861,13.8993,,118,,258.9
5862,13.9026,,118,,258.6
5863,13.906,,118,,258.3
5864,13.9093,,118,,258
5865,13.9129,,117.6,,257.76
5866,13.9165,,117.2,,257.52
5867,13.9202,,116.8,,257.28
5868,13.9238,,116.4,,257.04
5869,13.9274,,116,,256.8
5870,13.931,,115.5,,256.5
5871,13.9346,,115,,256.2
5872,13.9382,,114.5,,255.9
5873,13.9418,,114,,255.6
5874,13.9453,,113.75,,255.3
5875,13.9488,,113.5,,255
5876,13.9523,,113.25,,254.7
5877,13.9558,,113,,254.4
5878,13.9588,,112.571,,254.286
5879,13.9619,,112.143,,254.171
5880,13.9649,,111.714,,254.057
5881,13.9679,,111.286,,253.943
5882,13.971,,110.857,,253.829
5883,13.974,,110.429,,253.714
5884,13.977,,110,,253.6
5885,13.9801,,110.143,,253.6
5886,13.9831,,110.286,,253.6
5887,13.9861,,110.429,,253.6
5888,13.9892,,110.571,,253.6
5889,13.9922,,110.714,,253.6
5890,13.9953,,110.857,,253.6
5891,13.9983,,111,,253.6
5892,14.0013,,111.286,,253.743
5893,14.0042,,111.571,,253.886
5894,14.0072,,111.857,,254.029
5895,14.0102,,112.143,,254.171
5896,14.0132,,112.429,,254.314
5897,14.0161,,112.714,,254.457
5898,14.0191,,113,,254.6
5899,14.022,,113.5,,254.667
5900,14.0249,,114,,254.733
5901,14.0278,,114.5,,254.8
5902,14.0307,,115,,254.867
5903,14.0336,,115.5,,254.933
5904,14.0365,,116,,255
5905,14.0391,,116.25,,255.05
5906,14.0417,,116.5,,255.1
5907,14.0443,,116.75,,255.15
5908,14.0469,,117,,255.2
5909,14.0495,,117.25,,255.25
5910,14.052,,117.5,,255.3
5911,14.0546,,117.75,,255.35
5912,14.0572,,118,,255.4
5913,14.0602,,118,,255.2
5914,14.0631,,118,,255
5915,14.0661,,118,,254.8
5916,14.069,,118,,254.6
5917,14.072,,118,,254.4
5918,14.075,,118,,254.2
5919,14.0779,,118,,254
5920,14.0813,,118.5,,253.6
5921,14.0847,,119,,253.2
5922,14.0881,,119,,252.8
5923,14.0916,,119,,252.4
5924,14.0951,,119,,252
5925,14.0979,,118.833,,251.8
5926,14.1008,,118.667,,251.6
5927,14.1036,,118.5,,251.4
5928,14.1065,,118.333,,251.2
5929,14.1094,,118.167,,251
5930,14.1122,,118,,250.8
5931,14.1154,,117.571,,250.657
5932,14.1185,,117.143,,250.514
5933,14.1216,,116.714,,250.371
5934,14.1248,,116.286,,250.229
5935,14.1279,,115.857,,250.086
5936,14.1311,,115.429,,249.943
5937,14.1342,,115,,249.8
5938,14.1378,,114.667,,249.833
5939,14.1415,,114.333,,249.867
5940,14.1451,,114,,249.9
5941,14.1488,,113.667,,249.933
5942,14.1524,,113.333,,249.967
5943,14.1561,,113,,250
5944,14.159,,113.5,,250.4
5945,14.1619,,114,,250.8
5946,14.1645,,114,,251.133
5947,14.1671,,114,,251.467
5948,14.1697,,114,,251.8
5949,14.1725,,114.5,,252.1
5950,14.1753,,115,,252.4
5951,14.1782,,115.5,,252.7
5952,14.181,,116,,253
5953,14.1838,,117,,253.333
5954,14.1866,,118,,253.667
5955,14.1895,,119,,254
5956,14.1923,,119,,254.2
5957,14.195,,119.5,,254.45
5958,14.1976,,120,,254.7
5959,14.2003,,120.5,,254.95
5960,14.203,,121,,255.2
5961,14.2045,,121.25,,255.25
5962,14.206,,121.5,,255.3
5963,14.2075,,121.75,,255.35
5964,14.209,,122,,255.4
5965,14.2094,,121.864,,255.436
5966,14.2098,,121.727,,255.473
5967,14.2101,,121.591,,255.509
5968,14.2105,,121.455,,255.545
5969,14.2109,,121.318,,255.582
5970,14.2112,,121.182,,255.618
5971,14.2116,,121.045,,255.655
5972,14.212,,120.909,,255.691
5973,14.2124,,120.773,,255.727
5974,14.2127,,120.636,,255.764
5975,14.2131,,120.5,,255.8
5976,14.2135,,120.364,,255.836
5977,14.2139,,120.227,,255.873
5978,14.2142,,120.091,,255.909
5979,14.2146,,119.955,,255.945
5980,14.215,,119.818,,255.982
5981,14.2153,,119.682,,256.018
5982,14.2157,,119.545,,256.055
5983,14.2161,,119.409,,256.091
5984,14.2165,,119.273,,256.127
5985,14.2168,,119.136,,256.164
5986,14.2172,,119,,256.2
5987,14.2173,,119,,256.6
5988,14.2174,,118,,256.4
5989,14.2175,,117,,256.2
5990,14.2176,,116,,256
5991,14.2178,,115.5,,255.85
5992,14.218,,115,,255.7
5993,14.2182,,114.5,,255.55
5994,14.2183,,114,,255.4
5995,14.2183,,112.5,,255.3
5996,14.2183,,111,,255.2
5997,14.2184,,110.25,,255.2
5998,14.2185,,109.5,,255.2
5999,14.2185,,108.75,,255.2
6000,14.2186,,108,,255.2
6001,14.219,,107.625,,255.175
6002,14.2193,,107.25,,255.15
6003,14.2197,,106.875,,255.125
6004,14.2201,,106.5,,255.1
6005,14.2204,,106.125,,255.075
6006,14.2208,,105.75,,255.05
6007,14.2211,,105.375,,255.025
6008,14.2215,,105,,255
6009,14.2223,,104.25,,254.95
6010,14.2232,,103.5,,254.9
6011,14.224,,102.75,,254.85
6012,14.2248,,102,,254.8
6013,14.2262,,101,,254.6
6014,14.2274,,99.6667,,254.533
6015,14.2286,,98.3333,,254.467
6016,14.2297,,97,,254.4
6017,14.2309,,96,,254.2
6018,14.2318,,95.25,,254.1
6019,14.2327,,94.5,,254
6020,14.2336,,93.75,,253.9
6021,14.2344,,93,,253.8
6022,14.2355,,92,,253.533
6023,14.2366,,91,,253.267
6024,14.2377,,90,,253
6025,14.2389,,89.3333,,252.6
6026,14.2401,,88.6667,,252.2
6027,14.2412,,88,,251.8
6028,14.2427,,88,,251.4
6029,14.2441,,88,,251
6030,14.2456,,88,,250.6
6031,14.2471,,88.6667,,250.2
6032,14.2485,,89.3333,,249.8
6033,14.25,,90,,249.4
6034,14.2522,,90.3333,,248.933
6035,14.2544,,90.6667,,248.467
6036,14.2566,,91,,248
6037,14.2591,,91.3333,,247.6
6038,14.2617,,91.6667,,247.2
6039,14.2643,,92,,246.8
6040,14.2665,,92,,246.4
6041,14.2688,,92,,246
6042,14.271,,92,,245.6
6043,14.2737,,92.5,,245
6044,14.2765,,93,,244.4
6045,14.2803,,94,,243.9
6046,14.2842,,95,,243.4
6047,14.2875,,95.6667,,242.933
6048,14.2908,,96.3333,,242.467
6049,14.2942,,97,,242
6050,14.2968,,97.5,,241.5
6051,14.2995,,98,,241
6052,14.3023,,98,,240.533
6053,14.3052,,98,,240.067
6054,14.3081,,98,,239.6
6055,14.3107,,98,,239.1
6056,14.3133,,98,,238.6
6057,14.3166,,98,,238.1
6058,14.3199,,98,,237.6
6059,14.3232,,98,,237.067
6060,14.3264,,98,,236.533
6061,14.3297,,98,,236
6062,14.3333,,98.3333,,235.533
6063,14.3369,,98.6667,,235.067
6064,14.3405,,99,,234.6
6065,14.3432,,99,,234.2
6066,14.3459,,99,,233.8
6067,14.3486,,99,,233.4
6068,14.3516,,99.3333,,233.067
6069,14.3546,,99.6667,,232.733
6070,14.3576,,100,,232.4
6071,14.3608,,100,,232
6072,14.364,,100,,231.6
6073,14.3672,,100,,231.2
6074,14.3703,,100,,230.8
6075,14.3735,,100,,230.4
6076,14.3767,,100,,230
6077,14.3806,,100,,229.4
6078,14.3845,,100,,228.8
6079,14.388,,100,,228.267
6080,14.3915,,100,,227.733
6081,14.395,,100,,227.2
6082,14.3992,,100.5,,226.5
6083,14.4033,,101,,225.8
6084,14.4078,,101,,225.1
6085,14.4123,,101,,224.4
6086,14.4162,,101.5,,223.9
6087,14.4201,,102,,223.4
6088,14.4242,,102.333,,222.933
6089,14.4282,,102.667,,222.467
6090,14.4323,,103,,222
6091,14.435,,103,,221.6
6092,14.4377,,103,,221.2
6093,14.4404,,103,,220.8
6094,14.4431,,103,,220.4
6095,14.4456,,103,,219.8
6096,14.4482,,103,,219.2
6097,14.451,,103.5,,218.6
6098,14.4538,,104,,218
6099,14.4567,,104,,217.6
6100,14.4596,,104,,217.2
6101,14.4625,,104,,216.8
6102,14.4657,,104,,216.4
6103,14.4688,,104,,216
6104,14.472,,104,,215.6
6105,14.4754,,104,,215.2
6106,14.4793,,103.667,,214.933
6107,14.4831,,103.333,,214.667
6108,14.4869,,103,,214.4
6109,14.4913,,103.25,,214.1
6110,14.4957,,103.5,,213.8
6111,14.5,,103.75,,213.5
6112,14.5044,,104,,213.2
6113,14.5085,,104,,212.667
6114,14.5125,,104,,212.133
6115,14.5166,,104,,211.6
6116,14.5206,,103.5,,211
6117,14.5245,,103,,210.4
6118,14.5281,,103.25,,210.05
6119,14.5317,,103.5,,209.7
6120,14.5354,,103.75,,209.35
6121,14.539,,104,,209
6122,14.5425,,103.75,,208.7
6123,14.5461,,103.5,,208.4
6124,14.5496,,103.25,,208.1
6125,14.5532,,103,,207.8
6126,14.5571,,103,,207.4
6127,14.5609,,103,,207
6128,14.5648,,103,,206.6
6129,14.5682,,103,,206.2
6130,14.5717,,103,,205.8
6131,14.5751,,103,,205.4
6132,14.5786,,103,,205
6133,14.582,,103,,204.6
6134,14.5855,,103,,204.2
6135,14.5888,,103.5,,203.5
6136,14.5921,,104,,202.8
6137,14.5953,,104.5,,202
6138,14.5986,,105,,201.2
6139,14.6022,,105.5,,200.5
6140,14.6057,,106,,199.8
6141,14.6095,,106.5,,199.1
6142,14.6132,,107,,198.4
6143,14.6166,,107,,197.9
6144,14.62,,107,,197.4
6145,14.6235,,107.333,,196.933
6146,14.627,,107.667,,196.467
6147,14.6305,,108,,196
6148,14.6332,,108,,195.5
6149,14.636,,108,,195
6150,14.6385,,107.5,,194.3
6151,14.6411,,107,,193.6
6152,14.6434,,107,,193.333
6153,14.6458,,107,,193.067
6154,14.6481,,107,,192.8
6155,14.6511,,107,,192.2
6156,14.6542,,107,,191.4
6157,14.6583,,107,,190.933
6158,14.6623,,107,,190.467
6159,14.6664,,107,,190
6160,14.6691,,107,,189.867
6161,14.6718,,107,,189.733
6162,14.6745,,107,,189.6
6163,14.6771,,107,,189.467
6164,14.6798,,107,,189.333
6165,14.6825,,107,,189.2
6166,14.6855,,107,,188.92
6167,14.6885,,107,,188.64
6168,14.6915,,107,,188.36
6169,14.6945,,107,,188.08
6170,14.6975,,107,,187.8
6171,14.7005,,106.8,,187.56
6172,14.7034,,106.6,,187.32
6173,14.7064,,106.4,,187.08
6174,14.7093,,106.2,,186.84
6175,14.7123,,106,,186.6
6176,14.7153,,106,,186.35
6177,14.7183,,106,,186.1
6178,14.7213,,106,,185.85
6179,14.7243,,106,,185.6
6180,14.7277,,106,,185.35
6181,14.731,,106,,185.1
6182,14.7343,,106,,184.85
6183,14.7377,,106,,184.6
6184,14.7413,,106,,184.35
6185,14.7449,,106,,184.1
6186,14.7485,,106,,183.85
6187,14.7522,,106,,183.6
6188,14.7558,,106.25,,183.3
6189,14.7595,,106.5,,183
6190,14.7632,,106.75,,182.7
6191,14.7668,,107,,182.4
6192,14.7706,,107,,182.267
6193,14.7744,,107,,182.133
6194,14.7781,,107,,182
6195,14.7819,,107,,181.867
6196,14.7857,,107,,181.733
6197,14.7895,,107,,181.6
6198,14.7921,,107,,181.35
6199,14.7947,,107,,181.1
6200,14.7974,,107,,180.85
6201,14.8,,107,,180.6
6202,14.8035,,107,,180.567
6203,14.807,,107,,180.533
6204,14.8105,,107,,180.5
6205,14.814,,107,,180.467
6206,14.8174,,107,,180.433
6207,14.8209,,107,,180.4
6208,14.8249,,107.167,,180.233
6209,14.8289,,107.333,,180.067
6210,14.8329,,107.5,,179.9
6211,14.8369,,107.667,,179.733
6212,14.8409,,107.833,,179.567
6213,14.8449,,108,,179.4
6214,14.8488,,107.667,,179.067
6215,14.8527,,107.333,,178.733
6216,14.8566,,107,,178.4
6217,14.8594,,107.25,,178.05
6218,14.8623,,107.5,,177.7
6219,14.8652,,107.75,,177.35
6220,14.8681,,108,,177
6221,14.8708,,108,,176.5
6222,14.8735,,108,,176
6223,14.8763,,108.5,,175.5
6224,14.8791,,109,,175
6225,14.8816,,109,,174.5
6226,14.8841,,109,,174
6227,14.8865,,109.333,,173.467
6228,14.8889,,109.667,,172.933
6229,14.8913,,110,,172.4
6230,14.8937,,110,,171.7
6231,14.8961,,110,,171
6232,14.8991,,110.333,,170.733
6233,14.9021,,110.667,,170.467
6234,14.9052,,111,,170.2
6235,14.9082,,111,,170.286
6236,14.9111,,111,,170.371
6237,14.9141,,111,,170.457
6238,14.9171,,111,,170.543
6239,14.9201,,111,,170.629
6240,14.9231,,111,,170.714
6241,14.9261,,111,,170.8
6242,14.9289,,110.667,,170.933
6243,14.9318,,110.333,,171.067
6244,14.9346,,110,,171.2
6245,14.9384,,110.167,,171.3
6246,14.9422,,110.333,,171.4
6247,14.946,,110.5,,171.5
6248,14.9498,,110.667,,171.6
6249,14.9536,,110.833,,171.7
6250,14.9574,,111,,171.8
6251,14.9613,,111.167,,171.6
6252,14.9652,,111.333,,171.4
6253,14.9691,,111.5,,171.2
6254,14.973,,111.667,,171
6255,14.9769,,111.833,,170.8
6256,14.9808,,112,,170.6
6257,14.9846,,112.5,,170.2
6258,14.9885,,113,,169.8
6259,14.9916,,113.25,,169.5
6260,14.9948,,113.5,,169.2
6261,14.998,,113.75,,168.9
6262,15.0011,,114,,168.6
6263,15.0043,,113.8,,168.4
6264,15.0075,,113.6,,168.2
6265,15.0107,,113.4,,168
6266,15.0139,,113.2,,167.8
6267,15.0172,,113,,167.6
6268,15.0202,,112.75,,167.25
6269,15.0233,,112.5,,166.9
6270,15.0264,,112.25,,166.55
6271,15.0295,,112,,166.2
6272,15.0337,,112,,165.933
6273,15.0379,,112,,165.667
6274,15.0421,,112,,165.4
6275,15.0452,,112,,165.3
6276,15.0483,,112,,165.2
6277,15.0514,,112,,165.1
6278,15.0545,,112,,165
6279,15.0576,,112,,164.9
6280,15.0607,,112,,164.8
6281,15.0631,,112,,164.72
6282,15.0654,,112,,164.64
6283,15.0678,,112,,164.56
6284,15.0702,,112,,164.48
6285,15.0725,,112,,164.4
6286,15.0755,,111.75,,164.1
6287,15.0785,,111.5,,163.8
6288,15.0815,,111.25,,163.5
6289,15.0845,,111,,163.2
6290,15.0881,,110.75,,162.9
6291,15.0916,,110.5,,162.6
6292,15.0951,,110.25,,162.3
6293,15.0986,,110,,162
6294,15.1015,,110,,161.667
6295,15.1044,,110,,161.333
6296,15.1072,,110,,161
6297,15.1098,,110,,160.76
6298,15.1125,,110,,160.52
6299,15.1151,,110,,160.28
6300,15.1178,,110,,160.04
6301,15.1204,,110,,159.8
6302,15.1227,,110,,159.2
6303,15.125,,110,,158.6
6304,15.1276,,110,,157.9
6305,15.1301,,110,,157.2
6306,15.1337,,109.667,,156.733
6307,15.1374,,109.333,,156.267
6308,15.1411,,109,,155.8
6309,15.1445,,109,,155.2
6310,15.148,,109,,154.6
6311,15.152,,109,,154.1
6312,15.156,,109,,153.6
6313,15.1589,,109,,152.9
6314,15.1619,,109,,152.2
6315,15.1645,,108.333,,151.733
6316,15.1671,,107.667,,151.267
6317,15.1697,,107,,150.8
6318,15.1737,,107,,150.333
6319,15.1776,,107,,149.867
6320,15.1816,,107,,149.4
6321,15.1859,,106.5,,148.8
6322,15.1902,,106,,148.2
6323,15.1938,,106,,147.6
6324,15.1974,,106,,147
6325,15.2018,,106,,146.4
6326,15.2061,,106,,145.8
6327,15.2096,,106,,145.1
6328,15.2131,,106,,144.4
6329,15.2167,,106,,143.867
6330,15.2202,,106,,143.333
6331,15.2238,,106,,142.8
6332,15.2264,,106,,142.4
6333,15.2291,,106,,142
6334,15.2317,,106,,141.6
6335,15.2344,,105.667,,141.2
6336,15.2371,,105.333,,140.8
6337,15.2398,,105,,140.4
6338,15.2425,,105,,140.05
6339,15.2452,,105,,139.7
6340,15.2479,,105,,139.35
6341,15.2506,,105,,139
6342,15.2534,,105,,138.8
6343,15.2561,,105,,138.6
6344,15.2589,,105,,138.4
6345,15.2616,,105,,138.2
6346,15.2644,,105,,138
6347,15.2681,,105,,137.8
6348,15.2719,,105,,137.6
6349,15.2756,,105,,137.4
6350,15.2794,,105,,137.2
6351,15.2831,,105,,137
6352,15.2869,,105,,136.8
6353,15.2899,,105.143,,136.686
6354,15.293,,105.286,,136.571
6355,15.296,,105.429,,136.457
6356,15.299,,105.571,,136.343
6357,15.3021,,105.714,,136.229
6358,15.3051,,105.857,,136.114
6359,15.3082,,106,,136
6360,15.3114,,106.4,,135.92
6361,15.3146,,106.8,,135.84
6362,15.3177,,107.2,,135.76
6363,15.3209,,107.6,,135.68
6364,15.3241,,108,,135.6
6365,15.3275,,108,,135.467
6366,15.3309,,108,,135.333
6367,15.3343,,108,,135.2
6368,15.3377,,108,,135.067
6369,15.3412,,108,,134.933
6370,15.3446,,108,,134.8
6371,15.3487,,108,,134.8
6372,15.3529,,108,,134.8
6373,15.357,,108,,134.8
6374,15.3606,,108.333,,134.8
6375,15.3641,,108.667,,134.8
6376,15.3677,,109,,134.8
6377,15.3712,,109.333,,134.8
6378,15.3748,,109.667,,134.8
6379,15.3783,,110,,134.8
6380,15.3818,,110.6,,134.96
6381,15.3853,,111.2,,135.12
6382,15.3888,,111.8,,135.28
6383,15.3923,,112.4,,135.44
6384,15.3957,,113,,135.6
6385,15.4,,113,,135.8
6386,15.4035,,113.333,,135.767
6387,15.4069,,113.667,,135.733
6388,15.4104,,114,,135.7
6389,15.4138,,114.333,,135.667
6390,15.4173,,114.667,,135.633
6391,15.4207,,115,,135.6
6392,15.4241,,115.25,,135.4
6393,15.4276,,115.5,,135.2
6394,15.431,,115.75,,135
6395,15.4344,,116,,134.8
6396,15.4383,,116.167,,134.667
6397,15.4423,,116.333,,134.533
6398,15.4462,,116.5,,134.4
6399,15.4502,,116.667,,134.267
6400,15.4541,,116.833,,134.133
6401,15.4581,,117,,134
6402,15.4615,,117.2,,134.08
6403,15.4649,,117.4,,134.16
6404,15.4684,,117.6,,134.24
6405,15.4718,,117.8,,134.32
6406,15.4752,,118,,134.4
6407,15.4782,,118.333,,134.533
6408,15.4812,,118.667,,134.667
6409,15.4841,,119,,134.8
6410,15.4871,,119.375,,134.9
6411,15.4902,,119.75,,135
6412,15.4932,,120.125,,135.1
6413,15.4962,,120.5,,135.2
6414,15.4992,,120.875,,135.3
6415,15.5022,,121.25,,135.4
6416,15.5053,,121.625,,135.5
6417,15.5083,,122,,135.6
6418,15.5109,,122,,135.9
6419,15.5135,,122,,136.2
6420,15.5162,,122,,136.4
6421,15.519,,122,,136.6
6422,15.5217,,122,,136.8
6423,15.5244,,122,,137
6424,15.5266,,122.25,,137.25
6425,15.5288,,122.5,,137.5
6426,15.531,,122.75,,137.75
6427,15.5332,,123,,138
6428,15.5359,,123.5,,138.25
6429,15.5386,,124,,138.5
6430,15.5413,,124.5,,138.75
6431,15.544,,125,,139
6432,15.5464,,125.286,,139.171
6433,15.5489,,125.571,,139.343
6434,15.5514,,125.857,,139.514
6435,15.5539,,126.143,,139.686
6436,15.5564,,126.429,,139.857
6437,15.5588,,126.714,,140.029
6438,15.5613,,127,,140.2
6439,15.5639,,127,,140.25
6440,15.5664,,127,,140.3
6441,15.5689,,127,,140.35
6442,15.5715,,127,,140.4
6443,15.574,,127,,140.45
6444,15.5765,,127,,140.5
6445,15.5791,,127,,140.55
6446,15.5816,,127,,140.6
6447,15.5844,,126.875,,140.55
6448,15.5871,,126.75,,140.5
6449,15.5899,,126.625,,140.45
6450,15.5927,,126.5,,140.4
6451,15.5954,,126.375,,140.35
6452,15.5982,,126.25,,140.3
6453,15.601,,126.125,,140.25
6454,15.6037,,126,,140.2
6455,15.6066,,125.875,,140.275
6456,15.6094,,125.75,,140.35
6457,15.6123,,125.625,,140.425
6458,15.6151,,125.5,,140.5
6459,15.6179,,125.375,,140.575
6460,15.6208,,125.25,,140.65
6461,15.6236,,125.125,,140.725
6462,15.6265,,125,,140.8
6463,15.6297,,124.75,,140.95
6464,15.633,,124.5,,141.1
6465,15.6362,,124.25,,141.25
6466,15.6395,,124,,141.4
6467,15.642,,123.833,,141.567
6468,15.6446,,123.667,,141.733
6469,15.6471,,123.5,,141.9
6470,15.6497,,123.333,,142.067
6471,15.6522,,123.167,,142.233
6472,15.6547,,123,,142.4
6473,15.6572,,123,,142.422
6474,15.6596,,123,,142.444
6475,15.662,,123,,142.467
6476,15.6645,,123,,142.489
6477,15.6669,,123,,142.511
6478,15.6693,,123,,142.533
6479,15.6718,,123,,142.556
6480,15.6742,,123,,142.578
6481,15.6767,,123,,142.6
6482,15.6792,,123.125,,142.7
6483,15.6818,,123.25,,142.8
6484,15.6844,,123.375,,142.9
6485,15.687,,123.5,,143
6486,15.6896,,123.625,,143.1
6487,15.6922,,123.75,,143.2
6488,15.6948,,123.875,,143.3
6489,15.6974,,124,,143.4
6490,15.6999,,124,,143.6
6491,15.703,,124.143,,143.686
6492,15.7061,,124.286,,143.771
6493,15.7092,,124.429,,143.857
6494,15.7122,,124.571,,143.943
6495,15.7153,,124.714,,144.029
6496,15.7184,,124.857,,144.114
6497,15.7215,,125,,144.2
6498,15.7243,,124.875,,144.125
6499,15.727,,124.75,,144.05
6500,15.7298,,124.625,,143.975
6501,15.7326,,124.5,,143.9
6502,15.7354,,124.375,,143.825
6503,15.7382,,124.25,,143.75
6504,15.741,,124.125,,143.675
6505,15.7438,,124,,143.6
6506,15.7475,,123.833,,143.467
6507,15.7512,,123.667,,143.333
6508,15.7549,,123.5,,143.2
6509,15.7587,,123.333,,143.067
6510,15.7624,,123.167,,142.933
6511,15.7661,,123,,142.8
6512,15.7696,,122.833,,142.8
6513,15.7731,,122.667,,142.8
6514,15.7767,,122.5,,142.8
6515,15.7802,,122.333,,142.8
6516,15.7837,,122.167,,142.8
6517,15.7872,,122,,142.8
6518,15.7901,,121.857,,142.857
6519,15.7931,,121.714,,142.914
6520,15.7961,,121.571,,142.971
6521,15.799,,121.429,,143.029
6522,15.802,,121.286,,143.086
6523,15.805,,121.143,,143.143
6524,15.8079,,121,,143.2
6525,15.8105,,121,,143.175
6526,15.8131,,121,,143.15
6527,15.8157,,121,,143.125
6528,15.8183,,121,,143.1
6529,15.8208,,121,,143.075
6530,15.8234,,121,,143.05
6531,15.826,,121,,143.025
6532,15.8286,,121,,143
6533,15.8317,,120.667,,142.733
6534,15.8348,,120.333,,142.467
6535,15.8379,,120,,142.2
6536,15.8406,,120,,141.867
6537,15.8433,,120,,141.533
6538,15.846,,120,,141.2
6539,15.8495,,120,,140.8
6540,15.853,,120,,140.4
6541,15.8565,,120,,140
6542,15.8601,,120,,139.833
6543,15.8637,,120,,139.667
6544,15.8673,,120,,139.5
6545,15.871,,120,,139.333
6546,15.8746,,120,,139.167
6547,15.8782,,120,,139
6548,15.8814,,119.857,,138.914
6549,15.8847,,119.714,,138.829
6550,15.888,,119.571,,138.743
6551,15.8912,,119.429,,138.657
6552,15.8945,,119.286,,138.571
6553,15.8977,,119.143,,138.486
6554,15.901,,119,,138.4
6555,15.9042,,118.667,,138.2
6556,15.9073,,118.333,,138
6557,15.9105,,118,,137.8
6558,15.9145,,117.75,,137.45
6559,15.9184,,117.5,,137.1
6560,15.9224,,117.25,,136.75
6561,15.9264,,117,,136.4
6562,15.9305,,116.5,,135.9
6563,15.9347,,116,,135.4
6564,15.9381,,116,,135.05
6565,15.9416,,116,,134.7
6566,15.945,,116,,134.35
6567,15.9484,,116,,134
6568,15.951,,116,,133.75
6569,15.9536,,116,,133.5
6570,15.9562,,116,,133.25
6571,15.9588,,116,,133
6572,15.9619,,116,,132.467
6573,15.9651,,116,,131.933
6574,15.9683,,116,,131.4
6575,15.9718,,116,,131.133
6576,15.9754,,116,,130.867
6577,15.9789,,116,,130.6
6578,15.9821,,115.667,,130.2
6579,15.9854,,115.333,,129.8
6580,15.9886,,115,,129.4
6581,15.9915,,114.8,,129.2
6582,15.9943,,114.6,,129
6583,15.9972,,114.4,,128.8
6584,16.0001,,114.2,,128.6
6585,16.003,,114,,128.4
6586,16.0068,,113.667,,128.233
6587,16.0106,,113.333,,128.067
6588,16.0144,,113,,127.9
6589,16.0182,,112.667,,127.733
6590,16.022,,112.333,,127.567
6591,16.0258,,112,,127.4
6592,16.0302,,112.2,,127.28
6593,16.0346,,112.4,,127.16
6594,16.039,,112.6,,127.04
6595,16.0434,,112.8,,126.92
6596,16.0478,,113,,126.8
6597,16.052,,113.4,,126.8
6598,16.0561,,113.8,,126.8
6599,16.0602,,114.2,,126.8
6600,16.0644,,114.6,,126.8
6601,16.0685,,115,,126.8
6602,16.0724,,115,,126.667
6603,16.0763,,115,,126.533
6604,16.0801,,115,,126.4
6605,16.0837,,115.167,,126.2
6606,16.0873,,115.333,,126
6607,16.0909,,115.5,,125.8
6608,16.0945,,115.667,,125.6
6609,16.0981,,115.833,,125.4
6610,16.1016,,116,,125.2
6611,16.1055,,116,,124.9
6612,16.1094,,116,,124.6
6613,16.1133,,116,,124.3
6614,16.1172,,116,,124
6615,16.1215,,116,,123.6
6616,16.1258,,116,,123.2
6617,16.1302,,116,,122.8
6618,16.1345,,116,,122.4
6619,16.1393,,116,,121.7
6620,16.1442,,116,,121
6621,16.1488,,116,,120.4
6622,16.1535,,116,,119.8
6623,16.1578,,116.333,,119.4
6624,16.162,,116.667,,119
6625,16.1663,,117,,118.6
6626,16.1711,,117.5,,118
6627,16.1759,,118,,117.4
6628,16.1804,,117.5,,116.8
6629,16.1849,,117,,116.2
6630,16.1892,,117.5,,115.6
6631,16.1934,,118,,115
6632,16.1969,,118,,114.7
6633,16.2005,,118,,114.4
6634,16.204,,118,,114.1
6635,16.2075,,118,,113.8
6636,16.2104,,117.857,,113.743
6637,16.2133,,117.714,,113.686
6638,16.2162,,117.571,,113.629
6639,16.2191,,117.429,,113.571
6640,16.2219,,117.286,,113.514
6641,16.2248,,117.143,,113.457
6642,16.2277,,117,,113.4
6643,16.2312,,116.833,,113.433
6644,16.2347,,116.667,,113.467
6645,16.2382,,116.5,,113.5
6646,16.2416,,116.333,,113.533
6647,16.2451,,116.167,,113.567
6648,16.2486,,116,,113.6
6649,16.2522,,115.833,,113.667
6650,16.2557,,115.667,,113.733
6651,16.2593,,115.5,,113.8
6652,16.2629,,115.333,,113.867
6653,16.2665,,115.167,,113.933
6654,16.2701,,115,,114
6655,16.2733,,115.5,,114.167
6656,16.2765,,116,,114.333
6657,16.2797,,116.5,,114.5
6658,16.2829,,117,,114.667
6659,16.2862,,117.5,,114.833
6660,16.2894,,118,,115
6661,16.2931,,118.333,,115.1
6662,16.2968,,118.667,,115.2
6663,16.3005,,119,,115.3
6664,16.3042,,119.333,,115.4
6665,16.308,,119.667,,115.5
6666,16.3117,,120,,115.6
6667,16.3156,,120.25,,115.75
6668,16.3194,,120.5,,115.9
6669,16.3233,,120.75,,116.05
6670,16.3272,,121,,116.2
6671,16.3301,,121.286,,116.257
6672,16.333,,121.571,,116.314
6673,16.3359,,121.857,,116.371
6674,16.3387,,122.143,,116.429
6675,16.3416,,122.429,,116.486
6676,16.3445,,122.714,,116.543
6677,16.3474,,123,,116.6
6678,16.3504,,123.143,,116.543
6679,16.3534,,123.286,,116.486
6680,16.3564,,123.429,,116.429
6681,16.3594,,123.571,,116.371
6682,16.3624,,123.714,,116.314
6683,16.3655,,123.857,,116.257
6684,16.3685,,124,,116.2
6685,16.3709,,124,,116.033
6686,16.3734,,124,,115.867
6687,16.3758,,124,,115.7
6688,16.3782,,124,,115.533
6689,16.3807,,124,,115.367
6690,16.3831,,124,,115.2
6691,16.3856,,123.5,,114.9
6692,16.3881,,123,,114.6
6693,16.3906,,122.5,,114.3
6694,16.3931,,122,,114
6695,16.3955,,121.667,,113.833
6696,16.3979,,121.333,,113.667
6697,16.4003,,121,,113.5
6698,16.4027,,120.667,,113.333
6699,16.4051,,120.333,,113.167
6700,16.4075,,120,,113
6701,16.4104,,119.5,,112.65
6702,16.4134,,119,,112.3
6703,16.4163,,118.5,,111.95
6704,16.4192,,118,,111.6
6705,16.4223,,117.333,,111.267
6706,16.4254,,116.667,,110.933
6707,16.4286,,116,,110.6
6708,16.4319,,115.667,,110.2
6709,16.4352,,115.333,,109.8
6710,16.4384,,115,,109.4
6711,16.4411,,114.75,,109.1
6712,16.4437,,114.5,,108.8
6713,16.4463,,114.25,,108.5
6714,16.449,,114,,108.2
6715,16.4517,,114,,107.95
6716,16.4543,,114,,107.7
6717,16.457,,114,,107.45
6718,16.4597,,114,,107.2
6719,16.4629,,113.6,,107
6720,16.4661,,113.2,,106.8
6721,16.4692,,112.8,,106.6
6722,16.4724,,112.4,,106.4
6723,16.4755,,112,,106.2
6724,16.4787,,111.5,,106
6725,16.4819,,111,,105.8
6726,16.4849,,111,,105.714
6727,16.4879,,111,,105.629
6728,16.4908,,111,,105.543
6729,16.4938,,111,,105.457
6730,16.4968,,111,,105.371
6731,16.4998,,111,,105.286
6732,16.5027,,111,,105.2
6733,16.5058,,111,,105.229
6734,16.5088,,111,,105.257
6735,16.5118,,111,,105.286
6736,16.5149,,111,,105.314
6737,16.5179,,111,,105.343
6738,16.5209,,111,,105.371
6739,16.524,,111,,105.4
6740,16.5274,,111.167,,105.433
6741,16.5309,,111.333,,105.467
6742,16.5343,,111.5,,105.5
6743,16.5378,,111.667,,105.533
6744,16.5413,,111.833,,105.567
6745,16.5447,,112,,105.6
6746,16.5484,,112.167,,105.667
6747,16.552,,112.333,,105.733
6748,16.5557,,112.5,,105.8
6749,16.5593,,112.667,,105.867
6750,16.563,,112.833,,105.933
6751,16.5666,,113,,106
6752,16.5697,,113.286,,105.943
6753,16.5728,,113.571,,105.886
6754,16.5758,,113.857,,105.829
6755,16.5789,,114.143,,105.771
6756,16.582,,114.429,,105.714
6757,16.5851,,114.714,,105.657
6758,16.5881,,115,,105.6
6759,16.592,,115.167,,105.433
6760,16.596,,115.333,,105.267
6761,16.5999,,115.5,,105.1
6762,16.6038,,115.667,,104.933
6763,16.6077,,115.833,,104.767
6764,16.6116,,116,,104.6
6765,16.6152,,116.25,,104.35
6766,16.6189,,116.5,,104.1
6767,16.6226,,116.75,,103.85
6768,16.6262,,117,,103.6
6769,16.6299,,117,,103.4
6770,16.6336,,117,,103.2
6771,16.6373,,117,,103
6772,16.641,,117,,102.8
6773,16.644,,116.833,,102.6
6774,16.647,,116.667,,102.4
6775,16.65,,116.5,,102.2
6776,16.6531,,116.333,,102
6777,16.6561,,116.167,,101.8
6778,16.6591,,116,,101.6
6779,16.6633,,116,,101.4
6780,16.6675,,116,,101.2
6781,16.6717,,116,,101
6782,16.6759,,116,,100.8
6783,16.6801,,116,,100.6
6784,16.6845,,116,,100.533
6785,16.689,,116,,100.467
6786,16.6935,,116,,100.4
6787,16.697,,116,,100.433
6788,16.7005,,116,,100.467
6789,16.7039,,116,,100.5
6790,16.7074,,116,,100.533
6791,16.7109,,116,,100.567
6792,16.7144,,116,,100.6
6793,16.7176,,116.143,,100.629
6794,16.7209,,116.286,,100.657
6795,16.7241,,116.429,,100.686
6796,16.7273,,116.571,,100.714
6797,16.7306,,116.714,,100.743
6798,16.7338,,116.857,,100.771
6799,16.737,,117,,100.8
6800,16.7395,,117,,100.933
6801,16.742,,117,,101.067
6802,16.7445,,117,,101.2
6803,16.747,,117,,101.333
6804,16.7495,,117,,101.467
6805,16.752,,117,,101.6
6806,16.7546,,117.125,,101.65
6807,16.7573,,117.25,,101.7
6808,16.7599,,117.375,,101.75
6809,16.7626,,117.5,,101.8
6810,16.7652,,117.625,,101.85
6811,16.7679,,117.75,,101.9
6812,16.7706,,117.875,,101.95
6813,16.7732,,118,,102
6814,16.7752,,118,,102.2
6815,16.7771,,118,,102.4
6816,16.7791,,118,,102.6
6817,16.7812,,118.333,,102.733
6818,16.7834,,118.667,,102.867
6819,16.7856,,119,,103
6820,16.7882,,119.25,,102.85
6821,16.7909,,119.5,,102.7
6822,16.7935,,119.75,,102.55
6823,16.7962,,120,,102.4
6824,16.7988,,120.25,,102.25
6825,16.8015,,120.5,,102.1
6826,16.8042,,120.75,,101.95
6827,16.8068,,121,,101.8
6828,16.8101,,121,,101.6
6829,16.8132,,121,,101.35
6830,16.8162,,121,,101.1
6831,16.8193,,121,,100.85
6832,16.8223,,121,,100.6
6833,16.8258,,121,,100.3
6834,16.8293,,121,,100
6835,16.8328,,121,,99.7
6836,16.8362,,121,,99.4
6837,16.8392,,121,,99.4
6838,16.8422,,121,,99.4
6839,16.8463,,120.8,,99.36
6840,16.8504,,120.6,,99.32
6841,16.8545,,120.4,,99.28
6842,16.8586,,120.2,,99.24
6843,16.8627,,120,,99.2
6844,16.8661,,119.833,,99.1
6845,16.8695,,119.667,,99
6846,16.873,,119.5,,98.9
6847,16.8764,,119.333,,98.8
6848,16.8798,,119.167,,98.7
6849,16.8832,,119,,98.6
6850,16.8855,,118.667,,98.6
6851,16.8877,,118.333,,98.6
6852,16.8899,,118,,98.6
6853,16.8922,,117.667,,98.6
6854,16.8944,,117.333,,98.6
6855,16.8966,,117,,98.6
6856,16.8988,,116.667,,98.6
6857,16.9011,,116.333,,98.6
6858,16.9033,,116,,98.6
6859,16.9045,,115,,98.7333
6860,16.9057,,114,,98.8667
6861,16.9069,,113,,99
6862,16.9076,,112,,99
6863,16.9085,,111.25,,98.95
6864,16.9094,,110.5,,98.9
6865,16.9102,,109.75,,98.85
6866,16.9111,,109,,98.8
6867,16.9125,,109,,98.9
6868,16.9139,,109,,99
6869,16.9151,,108.571,,99
6870,16.9163,,108.143,,99
6871,16.9176,,107.714,,99
6872,16.9188,,107.286,,99
6873,16.92,,106.857,,99
6874,16.9213,,106.429,,99
6875,16.9225,,106,,99
6876,16.9237,,104,,99
6877,16.9249,,102,,99
6878,16.9261,,101.25,,99
6879,16.9272,,100.5,,99
6880,16.9283,,99.75,,99
6881,16.9294,,99,,99
6882,16.9306,,98.25,,99.05
6883,16.9318,,97.5,,99.1
6884,16.933,,96.75,,99.15
6885,16.9342,,96,,99.2
6886,16.9349,,94.5,,99.3
6887,16.9355,,93,,99.4
6888,16.9363,,93.3,,99.44
6889,16.937,,93.6,,99.48
6890,16.9378,,93.9,,99.52
6891,16.9386,,94.2,,99.56
6892,16.9394,,94.5,,99.6
6893,16.9401,,94.8,,99.64
6894,16.9409,,95.1,,99.68
6895,16.9417,,95.4,,99.72
6896,16.9425,,95.7,,99.76
6897,16.9432,,96,,99.8
6898,16.9449,,98,,99.8
6899,16.9464,,98.125,,99.925
6900,16.9479,,98.25,,100.05
6901,16.9494,,98.375,,100.175
6902,16.9508,,98.5,,100.3
6903,16.9523,,98.625,,100.425
6904,16.9538,,98.75,,100.55
6905,16.9553,,98.875,,100.675
6906,16.9567,,99,,100.8
6907,16.9588,,99.1667,,100.933
6908,16.9608,,99.3333,,101.067
6909,16.9629,,99.5,,101.2
6910,16.9649,,99.6667,,101.333
6911,16.9669,,99.8333,,101.467
6912,16.969,,100,,101.6
6913,16.9711,,100.6,,101.76
6914,16.9732,,101.2,,101.92
6915,16.9753,,101.8,,102.08
6916,16.9775,,102.4,,102.24
6917,16.9796,,103,,102.4
6918,16.9822,,103.5,,102.5
6919,16.9849,,104,,102.6
6920,16.9883,,104.75,,102.8
6921,16.9916,,105.5,,103
6922,16.995,,106.25,,103.2
6923,16.9983,,107,,103.4
6924,17.0008,,107.75,,103.5
6925,17.0033,,108.5,,103.6
6926,17.0058,,109.25,,103.7
6927,17.0083,,110,,103.8
6928,17.0111,,110.6,,104.04
6929,17.0139,,111.2,,104.28
6930,17.0167,,111.8,,104.52
6931,17.0196,,112.4,,104.76
6932,17.0224,,113,,105
6933,17.0249,,114,,105
6934,17.0273,,114.5,,105.133
6935,17.0298,,115,,105.267
6936,17.0322,,115.5,,105.4
6937,17.0346,,116,,105.533
6938,17.0371,,116.5,,105.667
6939,17.0395,,117,,105.8
6940,17.0426,,117.4,,105.88
6941,17.0457,,117.8,,105.96
6942,17.0488,,118.2,,106.04
6943,17.0519,,118.6,,106.12
6944,17.055,,119,,106.2
6945,17.0577,,119.25,,106.225
6946,17.0604,,119.5,,106.25
6947,17.063,,119.75,,106.275
6948,17.0657,,120,,106.3
6949,17.0684,,120.25,,106.325
6950,17.0711,,120.5,,106.35
6951,17.0738,,120.75,,106.375
6952,17.0765,,121,,106.4
6953,17.0797,,121,,106.343
6954,17.083,,121,,106.286
6955,17.0863,,121,,106.229
6956,17.0896,,121,,106.171
6957,17.0929,,121,,106.114
6958,17.0962,,121,,106.057
6959,17.0995,,121,,106
6960,17.1011,,120.8,,105.88
6961,17.1027,,120.6,,105.76
6962,17.1044,,120.4,,105.64
6963,17.106,,120.2,,105.52
6964,17.1076,,120,,105.4
6965,17.1076,,119,,105.333
6966,17.1076,,118,,105.267
6967,17.1076,,117,,105.2
6968,17.1079,,116.75,,105.267
6969,17.1082,,116.5,,105.333
6970,17.1084,,116.25,,105.4
6971,17.1087,,116,,105.467
6972,17.109,,115.75,,105.533
6973,17.1093,,115.5,,105.6
6974,17.1095,,115.25,,105.667
6975,17.1098,,115,,105.733
6976,17.1101,,114.75,,105.8
6977,17.1103,,114.5,,105.867
6978,17.1106,,114.25,,105.933
6979,17.1109,,114,,106
6980,17.1111,,113.333,,105.967
6981,17.1113,,112.667,,105.933
6982,17.1115,,112,,105.9
6983,17.1117,,111.333,,105.867
6984,17.1119,,110.667,,105.833
6985,17.1121,,110,,105.8
6986,17.1124,,109.812,,105.862
6987,17.1126,,109.625,,105.925
6988,17.1128,,109.438,,105.987
6989,17.113,,109.25,,106.05
6990,17.1132,,109.062,,106.112
6991,17.1134,,108.875,,106.175
6992,17.1136,,108.688,,106.237
6993,17.1138,,108.5,,106.3
6994,17.114,,108.312,,106.362
6995,17.1142,,108.125,,106.425
6996,17.1144,,107.938,,106.487
6997,17.1146,,107.75,,106.55
6998,17.1148,,107.562,,106.612
6999,17.115,,107.375,,106.675
7000,17.1152,,107.188,,106.737
7001,17.1154,,107,,106.8
7002,17.1157,,106,,106.6
7003,17.1159,,105,,106.4
7004,17.1162,,104,,106.2
7005,17.1166,,103,,106.1
7006,17.117,,102,,106
7007,17.1174,,101,,105.9
7008,17.1178,,100,,105.8
7009,17.118,,99.2,,105.84
7010,17.1182,,98.4,,105.88
7011,17.1184,,97.6,,105.92
7012,17.1186,,96.8,,105.96
7013,17.1188,,96,,106
7014,17.119,,95.625,,106
7015,17.1191,,95.25,,106
7016,17.1193,,94.875,,106
7017,17.1194,,94.5,,106
7018,17.1195,,94.125,,106
7019,17.1197,,93.75,,106
7020,17.1198,,93.375,,106
7021,17.1199,,93,,106
7055,17.1258,,91,,107.2
7056,17.1259,,90.8,,107.213
7057,17.1261,,90.6,,107.227
7058,17.1263,,90.4,,107.24
7059,17.1264,,90.2,,107.253
7060,17.1266,,90,,107.267
7061,17.1267,,89.8,,107.28
7062,17.1269,,89.6,,107.293
7063,17.127,,89.4,,107.307
7064,17.1272,,89.2,,107.32
7065,17.1273,,89,,107.333
7066,17.1275,,88.8,,107.347
7067,17.1276,,88.6,,107.36
7068,17.1278,,88.4,,107.373
7069,17.128,,88.2,,107.387
7070,17.1281,,88,,107.4
7071,17.1283,,88.125,,107.25
7072,17.1284,,88.25,,107.1
7073,17.1286,,88.375,,106.95
7074,17.1288,,88.5,,106.8
7075,17.1289,,88.625,,106.65
7076,17.1291,,88.75,,106.5
7077,17.1293,,88.875,,106.35
7078,17.1294,,89,,106.2
7104,17.1364,,86,,106.4
7137,17.1383,,83,,106
7138,17.1385,,83.2143,,106.014
7139,17.1387,,83.4286,,106.029
7140,17.1389,,83.6429,,106.043
7141,17.1391,,83.8571,,106.057
7142,17.1393,,84.0714,,106.071
7143,17.1395,,84.2857,,106.086
7144,17.1396,,84.5,,106.1
7145,17.1398,,84.7143,,106.114
7146,17.14,,84.9286,,106.129
7147,17.1402,,85.1429,,106.143
7148,17.1404,,85.3571,,106.157
7149,17.1406,,85.5714,,106.171
7150,17.1407,,85.7857,,106.186
7151,17.1409,,86,,106.2
7152,17.1412,,87.3333,,106.4
7153,17.1416,,88.6667,,106.6
7154,17.1419,,90,,106.8
7155,17.142,,92,,106.4
7156,17.1421,,94,,106
7157,17.1422,,93.5714,,106.029
7158,17.1423,,93.1429,,106.057
7159,17.1423,,92.7143,,106.086
7160,17.1424,,92.2857,,106.114
7161,17.1425,,91.8571,,106.143
7162,17.1426,,91.4286,,106.171
7163,17.1427,,91,,106.2
7164,17.1429,,90.8421,,106.189
7165,17.1431,,90.6842,,106.179
7166,17.1432,,90.5263,,106.168
7167,17.1434,,90.3684,,106.158
7168,17.1436,,90.2105,,106.147
7169,17.1438,,90.0526,,106.137
7170,17.144,,89.8947,,106.126
7171,17.1442,,89.7368,,106.116
7172,17.1443,,89.5789,,106.105
7173,17.1445,,89.4211,,106.095
7174,17.1447,,89.2632,,106.084
7175,17.1449,,89.1053,,106.074
7176,17.1451,,88.9474,,106.063
7177,17.1453,,88.7895,,106.053
7178,17.1454,,88.6316,,106.042
7179,17.1456,,88.4737,,106.032
7180,17.1458,,88.3158,,106.021
7181,17.146,,88.1579,,106.011
7182,17.1462,,88,,106
7183,17.1463,,88.125,,106.017
7184,17.1464,,88.25,,106.033
7185,17.1464,,88.375,,106.05
7186,17.1465,,88.5,,106.067
7187,17.1466,,88.625,,106.083
7188,17.1467,,88.75,,106.1
7189,17.1468,,88.875,,106.117
7190,17.1469,,89,,106.133
7191,17.147,,89.125,,106.15
7192,17.147,,89.25,,106.167
7193,17.1471,,89.375,,106.183
7194,17.1472,,89.5,,106.2
7195,17.1473,,89.625,,106.217
7196,17.1474,,89.75,,106.233
7197,17.1475,,89.875,,106.25
7198,17.1476,,90,,106.267
7199,17.1476,,90.125,,106.283
7200,17.1477,,90.25,,106.3
7201,17.1478,,90.375,,106.317
7202,17.1479,,90.5,,106.333
7203,17.148,,90.625,,106.35
7204,17.1481,,90.75,,106.367
7205,17.1482,,90.875,,106.383
7206,17.1483,,91,,106.4
7207,17.1484,,90.7692,,106.415
7208,17.1485,,90.5385,,106.431
7209,17.1487,,90.3077,,106.446
7210,17.1488,,90.0769,,106.462
7211,17.1489,,89.8462,,106.477
7212,17.1491,,89.6154,,106.492
7213,17.1492,,89.3846,,106.508
7214,17.1494,,89.1538,,106.523
7215,17.1495,,88.9231,,106.538
7216,17.1496,,88.6923,,106.554
7217,17.1498,,88.4615,,106.569
7218,17.1499,,88.2308,,106.585
7219,17.1501,,88,,106.6
7220,17.1502,,87.5,,106.6
7221,17.1504,,87,,106.6
7222,17.1506,,86.5,,106.6
7223,17.1508,,86,,106.6
7224,17.151,,85.5,,106.6
7225,17.1512,,85,,106.6
7226,17.1524,,85,,106.533
7227,17.1536,,85,,106.467
7228,17.1548,,85,,106.4
7229,17.1567,,86,,106.3
7230,17.1586,,87,,106.2
7231,17.161,,88.5,,106.4
7232,17.1635,,90,,106.6
7233,17.1666,,90.1667,,106.733
7234,17.1697,,90.3333,,106.867
7235,17.1729,,90.5,,107
7236,17.176,,90.6667,,107.133
7237,17.1791,,90.8333,,107.267
7238,17.1822,,91,,107.4
7239,17.1845,,91.6,,107.56
7240,17.1868,,92.2,,107.72
7241,17.1891,,92.8,,107.88
7242,17.1913,,93.4,,108.04
7243,17.1936,,94,,108.2
7244,17.1962,,95,,108.4
7245,17.199,,96,,108.6
7246,17.2018,,97,,108.8
7247,17.2045,,98,,109
7248,17.2068,,98.6667,,109.133
7249,17.2091,,99.3333,,109.267
7250,17.2113,,100,,109.4
7251,17.2139,,100.75,,109.65
7252,17.2164,,101.5,,109.9
7253,17.2189,,102.25,,110.15
7254,17.2214,,103,,110.4
7255,17.2241,,104,,110.4
7256,17.2268,,105,,110.4
7257,17.2294,,105.75,,110.55
7258,17.232,,106.5,,110.7
7259,17.2347,,107.25,,110.85
7260,17.2373,,108,,111
7261,17.2405,,109,,111.067
7262,17.2437,,110,,111.133
7263,17.2469,,111,,111.2
7264,17.2496,,111.75,,111.3
7265,17.2523,,112.5,,111.4
7266,17.255,,113.25,,111.5
7267,17.2578,,114,,111.6
7268,17.2604,,114,,111.7
7269,17.263,,114,,111.8
7270,17.2657,,114.25,,111.8
7271,17.2683,,114.5,,111.8
7272,17.271,,114.75,,111.8
7273,17.2737,,115,,111.8
7274,17.2764,,115.25,,111.8
7275,17.2791,,115.5,,111.8
7276,17.2818,,115.75,,111.8
7277,17.2844,,116,,111.8
7278,17.2875,,116,,111.829
7279,17.2905,,116,,111.857
7280,17.2936,,116,,111.886
7281,17.2966,,116,,111.914
7282,17.2997,,116,,111.943
7283,17.3027,,116,,111.971
7284,17.3058,,116,,112
7285,17.309,,116.143,,112.057
7286,17.3122,,116.286,,112.114
7287,17.3154,,116.429,,112.171
7288,17.3186,,116.571,,112.229
7289,17.3218,,116.714,,112.286
7290,17.325,,116.857,,112.343
7291,17.3283,,117,,112.4
7292,17.3314,,117,,112.5
7293,17.3345,,117,,112.6
7294,17.3376,,117.2,,112.84
7295,17.3407,,117.4,,113.08
7296,17.3437,,117.6,,113.32
7297,17.3468,,117.8,,113.56
7298,17.3498,,118,,113.8
7299,17.3527,,118,,114.04
7300,17.3556,,118,,114.28
7301,17.3584,,118,,114.52
7302,17.3613,,118,,114.76
7303,17.3642,,118,,115
7304,17.3674,,117.857,,115.114
7305,17.3707,,117.714,,115.229
7306,17.374,,117.571,,115.343
7307,17.3772,,117.429,,115.457
7308,17.3805,,117.286,,115.571
7309,17.3837,,117.143,,115.686
7310,17.387,,117,,115.8
7311,17.3901,,117.167,,116
7312,17.3931,,117.333,,116.2
7313,17.3962,,117.5,,116.4
7314,17.3993,,117.667,,116.6
7315,17.4024,,117.833,,116.8
7316,17.4054,,118,,117
7317,17.4084,,118.429,,117
7318,17.4113,,118.857,,117
7319,17.4143,,119.286,,117
7320,17.4172,,119.714,,117
7321,17.4201,,120.143,,117
7322,17.4231,,120.571,,117
7323,17.426,,121,,117
7324,17.4275,,121.333,,116.867
7325,17.4291,,121.667,,116.733
7326,17.4306,,122,,116.6
7327,17.4312,,122,,116.64
7328,17.4317,,122,,116.68
7329,17.4323,,122,,116.72
7330,17.4328,,122,,116.76
7331,17.4333,,122,,116.8
7332,17.4346,,122,,116.8
7333,17.4357,,121.667,,116.4
7334,17.4368,,121.333,,116
7335,17.4379,,121,,115.6
7336,17.4402,,120.5,,114.7
7337,17.4425,,120,,113.8
7338,17.4451,,119.5,,113
7339,17.4478,,119,,112.2
7340,17.4505,,118.5,,111.5
7341,17.4532,,118,,110.8
7342,17.456,,118,,110.1
7343,17.4588,,118,,109.4
7344,17.4612,,118,,108.9
7345,17.4636,,118,,108.4
7346,17.4659,,118,,107.4
7347,17.4681,,118,,106.4
7348,17.4712,,117.5,,105.7
7349,17.4743,,117,,105
7350,17.4779,,117,,104.2
7351,17.4815,,117,,103.4
7352,17.4845,,117,,102.8
7353,17.4876,,117,,102.2
7354,17.4901,,117,,101.6
7355,17.4926,,117,,101
7356,17.4949,,117,,100.5
7357,17.4971,,117,,100
7358,17.499,,116.667,,99.6
7359,17.5009,,116.333,,99.2
7360,17.5028,,116,,98.8
7361,17.5057,,115.5,,98.3
7362,17.5085,,115,,97.8
7363,17.5118,,115,,97.2
7364,17.5151,,115,,96.6
7365,17.5184,,115,,96
7366,17.5217,,115,,95.5
7367,17.5249,,115,,95
7368,17.5284,,115,,94.4
7369,17.532,,115,,93.8
7370,17.5356,,115,,93.2
7371,17.5393,,115,,92.6
7372,17.5438,,114.5,,92.1
7373,17.5484,,114,,91.6
7374,17.5521,,114,,91.2
7375,17.5558,,114,,90.8
7376,17.5595,,114,,90.4
7377,17.563,,113.5,,89.9
7378,17.5664,,113,,89.4
7379,17.5691,,113,,88.8667
7380,17.5719,,113,,88.3333
7381,17.5746,,113,,87.8
7382,17.5774,,112.667,,87.4667
7383,17.5803,,112.333,,87.1333
7384,17.5831,,112,,86.8
7385,17.5862,,111.667,,86.4
7386,17.5892,,111.333,,86
7387,17.5922,,111,,85.6
7388,17.594,,110.667,,85.2667
7389,17.5958,,110.333,,84.9333
7390,17.5975,,110,,84.6
7391,17.5986,,110,,84.4
7392,17.6001,,109.333,,84.1333
7393,17.6015,,108.667,,83.8667
7394,17.603,,108,,83.6
7395,17.6046,,107.5,,83.7
7396,17.6062,,107,,83.8
7397,17.608,,107,,83.4
7398,17.6101,,106.5,,82.9
7399,17.6123,,106,,82.4
7400,17.6137,,106,,82.1
7401,17.6152,,106,,81.8
7402,17.6167,,106,,81.5
7403,17.6182,,106,,81.2
7404,17.6196,,106,,81.3
7405,17.621,,106,,81.4
7406,17.6234,,106,,81.55
7407,17.6257,,106,,81.7
7408,17.628,,106,,81.85
7409,17.6304,,106,,82
7410,17.6326,,106.5,,82.3
7411,17.6348,,107,,82.6
7412,17.6365,,107.667,,83
7413,17.6382,,108.333,,83.4
7414,17.64,,109,,83.8
7415,17.642,,110,,84.2
7416,17.6441,,111,,84.6
7417,17.6462,,112,,85
7418,17.6486,,113,,85.4
7419,17.6513,,113.5,,85.7
7420,17.654,,114,,86
7421,17.6564,,115,,86.4
7422,17.6589,,116,,86.8
7423,17.6613,,117,,87.2
7424,17.6635,,117.75,,87.35
7425,17.6658,,118.5,,87.5
7426,17.668,,119.25,,87.65
7427,17.6703,,120,,87.8
7428,17.6728,,120.375,,87.8
7429,17.6753,,120.75,,87.8
7430,17.6778,,121.125,,87.8
7431,17.6804,,121.5,,87.8
7432,17.6829,,121.875,,87.8
7433,17.6854,,122.25,,87.8
7434,17.6879,,122.625,,87.8
7435,17.6904,,123,,87.8
7436,17.6931,,123.143,,87.8571
7437,17.6957,,123.286,,87.9143
7438,17.6983,,123.429,,87.9714
7439,17.701,,123.571,,88.0286
7440,17.7036,,123.714,,88.0857
7441,17.7062,,123.857,,88.1429
7442,17.7089,,124,,88.2
7443,17.7109,,124,,88.325
7444,17.713,,124,,88.45
7445,17.715,,124,,88.575
7446,17.7171,,124,,88.7
7447,17.7192,,124,,88.825
7448,17.7212,,124,,88.95
7449,17.7233,,124,,89.075
7450,17.7253,,124,,89.2
7451,17.7281,,124,,89.4
7452,17.7309,,124,,89.8
7453,17.7338,,124,,90.2
7454,17.7366,,124,,90.6
7455,17.7391,,124,,91.0667
7456,17.7416,,124,,91.5333
7457,17.7441,,124,,92
7458,17.7458,,124.2,,92.2
7459,17.7475,,124.4,,92.4
7460,17.7493,,124.6,,92.6
7461,17.751,,124.8,,92.8
7462,17.7527,,125,,93
7463,17.7546,,124.909,,93
7464,17.7566,,124.818,,93
7465,17.7586,,124.727,,93
7466,17.7606,,124.636,,93
7467,17.7626,,124.545,,93
7468,17.7646,,124.455,,93
7469,17.7666,,124.364,,93
7470,17.7685,,124.273,,93
7471,17.7705,,124.182,,93
7472,17.7725,,124.091,,93
7473,17.7745,,124,,93
7474,17.7773,,123.75,,92.875
7475,17.78,,123.5,,92.75
7476,17.7828,,123.25,,92.625
7477,17.7856,,123,,92.5
7478,17.7883,,122.75,,92.375
7479,17.7911,,122.5,,92.25
7480,17.7939,,122.25,,92.125
7481,17.7966,,122,,92
7482,17.7986,,122,,91.6
7483,17.801,,121.4,,91.56
7484,17.8034,,120.8,,91.52
7485,17.8057,,120.2,,91.48
7486,17.8081,,119.6,,91.44
7487,17.8104,,119,,91.4
7488,17.8127,,118.4,,91.24
7489,17.815,,117.8,,91.08
7490,17.8173,,117.2,,90.92
7491,17.8196,,116.6,,90.76
7492,17.8219,,116,,90.6
7493,17.8231,,114.5,,90.6
7494,17.8244,,113,,90.6
7495,17.8263,,112,,90.6
7496,17.8267,,111.5,,90.7
7497,17.8272,,111,,90.8
7498,17.8276,,110.4,,90.76
7499,17.8281,,109.8,,90.72
7500,17.8285,,109.2,,90.68
7501,17.8289,,108.6,,90.64
7502,17.8294,,108,,90.6
7503,17.8299,,107.75,,90.6167
7504,17.8305,,107.5,,90.6333
7505,17.831,,107.25,,90.65
7506,17.8315,,107,,90.6667
7507,17.8321,,106.75,,90.6833
7508,17.8326,,106.5,,90.7
7509,17.8331,,106.25,,90.7167
7510,17.8337,,106,,90.7333
7511,17.8342,,105.75,,90.75
7512,17.8347,,105.5,,90.7667
7513,17.8353,,105.25,,90.7833
7514,17.8358,,105,,90.8
7515,17.836,,103.667,,90.8
7516,17.8362,,102.333,,90.8
7517,17.8364,,101,,90.8
7518,17.8368,,99.5,,91
7519,17.8373,,98,,91.2
7520,17.8374,,96.5,,91
7521,17.8375,,95,,90.8
7522,17.8383,,94.8571,,90.8
7523,17.839,,94.7143,,90.8
7524,17.8398,,94.5714,,90.8
7525,17.8405,,94.4286,,90.8
7526,17.8413,,94.2857,,90.8
7527,17.842,,94.1429,,90.8
7528,17.8428,,94,,90.8
7529,17.8451,,95.5,,90.8
7530,17.8474,,97,,90.8
7531,17.8501,,98,,90.6667
7532,17.8528,,99,,90.5333
7533,17.8554,,100,,90.4
7534,17.8583,,100,,90.15
7535,17.8611,,100,,89.9
7536,17.8639,,100,,89.65
7537,17.8667,,100,,89.4
7538,17.8698,,100,,89.2571
7539,17.8729,,100,,89.1143
7540,17.876,,100,,88.9714
7541,17.879,,100,,88.8286
7542,17.8821,,100,,88.6857
7543,17.8852,,100,,88.5429
7544,17.8882,,100,,88.4
7545,17.8914,,101,,88.6
7546,17.8948,,101.429,,88.5429
7547,17.8981,,101.857,,88.4857
7548,17.9014,,102.286,,88.4286
7549,17.9048,,102.714,,88.3714
7550,17.9081,,103.143,,88.3143
7551,17.9114,,103.571,,88.2571
7552,17.9148,,104,,88.2
7553,17.9189,,104.4,,88.28
7554,17.923,,104.8,,88.36
7555,17.9271,,105.2,,88.44
7556,17.9312,,105.6,,88.52
7557,17.9354,,106,,88.6
7558,17.9395,,106.4,,88.76
7559,17.9437,,106.8,,88.92
7560,17.9478,,107.2,,89.08
7561,17.952,,107.6,,89.24
7562,17.9561,,108,,89.4
7563,17.9607,,109,,89.5
7564,17.9652,,110,,89.6
7565,17.969,,110.75,,89.75
7566,17.9728,,111.5,,89.9
7567,17.9766,,112.25,,90.05
7568,17.9803,,113,,90.2
7569,17.9838,,113.75,,90.1
7570,17.9872,,114.5,,90
7571,17.9906,,115.25,,89.9
7572,17.994,,116,,89.8
7573,17.9969,,116,,89.2
7574,18.0007,,116.5,,88.6
7575,18.0045,,117,,88
7576,18.0087,,117.5,,87.7
7577,18.0128,,118,,87.4
7578,18.0169,,118.5,,87.1
7579,18.021,,119,,86.8
7580,18.025,,119,,86.55
7581,18.029,,119,,86.3
7582,18.0329,,119,,86.05
7583,18.0369,,119,,85.8
7584,18.0408,,119,,85.4
7585,18.0447,,119,,85
7586,18.0485,,119,,84.6
7587,18.0525,,119,,84.3
7588,18.0564,,119,,84
7589,18.0603,,119,,83.7
7590,18.0642,,119,,83.4
7591,18.0682,,119,,83.0667
7592,18.0723,,119,,82.7333
7593,18.0764,,119,,82.4
7594,18.0807,,118.667,,82
7595,18.085,,118.333,,81.6
7596,18.0893,,118,,81.2
7597,18.0934,,118,,80.7333
7598,18.0975,,118,,80.2667
7599,18.1016,,118,,79.8
7600,18.1056,,118,,79.4667
7601,18.1096,,118,,79.1333
7602,18.1135,,118,,78.8
7603,18.1176,,117.667,,78.2667
7604,18.1217,,117.333,,77.7333
7605,18.1258,,117,,77.2
7606,18.13,,117,,76.8
7607,18.1342,,117,,76.4
7608,18.1384,,117,,76
7609,18.1422,,116.667,,75.6
7610,18.1461,,116.333,,75.2
7611,18.1499,,116,,74.8
7612,18.154,,115.8,,74.56
7613,18.1581,,115.6,,74.32
7614,18.1622,,115.4,,74.08
7615,18.1663,,115.2,,73.84
7616,18.1704,,115,,73.6
7617,18.1743,,115,,73.4667
7618,18.1782,,115,,73.3333
7619,18.182,,115,,73.2
7620,18.1859,,115,,73.0667
7621,18.1898,,115,,72.9333
7622,18.1936,,115,,72.8
7623,18.1975,,115.167,,72.8333
7624,18.2014,,115.333,,72.8667
7625,18.2053,,115.5,,72.9
7626,18.2092,,115.667,,72.9333
7627,18.213,,115.833,,72.9667
7628,18.2169,,116,,73
7629,18.2209,,116,,72.6
7630,18.2245,,116.167,,72.5
7631,18.2282,,116.333,,72.4
7632,18.2319,,116.5,,72.3
7633,18.2356,,116.667,,72.2
7634,18.2392,,116.833,,72.1
7635,18.2429,,117,,72
7636,18.2456,,117,,71.8
7637,18.2482,,117,,71.2
7638,18.2501,,116.5,,71.2
7639,18.252,,116,,71.2
7640,18.2529,,115.5,,71.25
7641,18.2538,,115,,71.3
7642,18.2547,,114.5,,71.35
7643,18.2556,,114,,71.4
7644,18.2567,,113,,71.4
7645,18.2578,,112,,71.4
7646,18.2607,,112.286,,71.3143
7647,18.2637,,112.571,,71.2286
7648,18.2666,,112.857,,71.1429
7649,18.2695,,113.143,,71.0571
7650,18.2725,,113.429,,70.9714
7651,18.2754,,113.714,,70.8857
7652,18.2784,,114,,70.8
7653,18.2823,,114.2,,70.68
7654,18.2862,,114.4,,70.56
7655,18.2902,,114.6,,70.44
7656,18.2941,,114.8,,70.32
7657,18.298,,115,,70.2
7658,18.3021,,115.2,,70
7659,18.3061,,115.4,,69.8
7660,18.3101,,115.6,,69.6
7661,18.3142,,115.8,,69.4
7662,18.3182,,116,,69.2
7663,18.3222,,116.2,,69.2
7664,18.3262,,116.4,,69.2
7665,18.3302,,116.6,,69.2
7666,18.3342,,116.8,,69.2
7667,18.3382,,117,,69.2
7668,18.3423,,117,,69
7669,18.3461,,117,,68.9333
7670,18.3499,,117,,68.8667
7671,18.3537,,117,,68.8
7672,18.3575,,117,,68.7333
7673,18.3613,,117,,68.6667
7674,18.3651,,117,,68.6
7675,18.369,,117,,68.4
7676,18.373,,117,,68.2
7677,18.3769,,117,,68
7678,18.3808,,117.167,,67.8333
7679,18.3847,,117.333,,67.6667
7680,18.3886,,117.5,,67.5
7681,18.3925,,117.667,,67.3333
7682,18.3964,,117.833,,67.1667
7683,18.4003,,118,,67
7684,18.4035,,118,,67.05
7685,18.4067,,118,,67.1
7686,18.41,,118,,67.15
7687,18.4132,,118,,67.2
7688,18.4157,,118.5,,67.3
7689,18.4183,,119,,67.4
7690,18.4216,,119.167,,67.4667
7691,18.425,,119.333,,67.5333
7692,18.4283,,119.5,,67.6
7693,18.4317,,119.667,,67.6667
7694,18.435,,119.833,,67.7333
7695,18.4384,,120,,67.8
7696,18.4419,,120.167,,67.6333
7697,18.4455,,120.333,,67.4667
7698,18.4491,,120.5,,67.3
7699,18.4527,,120.667,,67.1333
7700,18.4563,,120.833,,66.9667
7701,18.4598,,121,,66.8
7702,18.4633,,121.2,,66.56
7703,18.4668,,121.4,,66.32
7704,18.4703,,121.6,,66.08
7705,18.4738,,121.8,,65.84
7706,18.4773,,122,,65.6
7707,18.4809,,122.167,,65.5333
7708,18.4845,,122.333,,65.4667
7709,18.488,,122.5,,65.4
7710,18.4916,,122.667,,65.3333
7711,18.4952,,122.833,,65.2667
7712,18.4988,,123,,65.2
7713,18.5023,,122.833,,65.2667
7714,18.5058,,122.667,,65.3333
7715,18.5093,,122.5,,65.4
7716,18.5129,,122.333,,65.4667
7717,18.5164,,122.167,,65.5333
7718,18.5199,,122,,65.6
7719,18.5234,,121.833,,65.5
7720,18.5269,,121.667,,65.4
7721,18.5304,,121.5,,65.3
7722,18.5339,,121.333,,65.2
7723,18.5374,,121.167,,65.1
7724,18.5409,,121,,65
7725,18.5445,,121,,64.9667
7726,18.548,,121,,64.9333
7727,18.5516,,121,,64.9
7728,18.5551,,121,,64.8667
7729,18.5587,,121,,64.8333
7730,18.5622,,121,,64.8
7731,18.5652,,121,,64.8
7732,18.5685,,121,,64.7667
7733,18.5717,,121,,64.7333
7734,18.575,,121,,64.7
7735,18.5783,,121,,64.6667
7736,18.5815,,121,,64.6333
7737,18.5848,,121,,64.6
7738,18.5882,,120.833,,64.6
7739,18.5916,,120.667,,64.6
7740,18.5951,,120.5,,64.6
7741,18.5985,,120.333,,64.6
7742,18.6019,,120.167,,64.6
7743,18.6053,,120,,64.6
7744,18.6086,,120.143,,64.6286
7745,18.6118,,120.286,,64.6571
7746,18.615,,120.429,,64.6857
7747,18.6182,,120.571,,64.7143
7748,18.6214,,120.714,,64.7429
7749,18.6247,,120.857,,64.7714
7750,18.6279,,121,,64.8
7751,18.6296,,120,,64.8
7752,18.6311,,119.75,,64.75
7753,18.6325,,119.5,,64.7
7754,18.6339,,119.25,,64.65
7755,18.6354,,119,,64.6
7756,18.6366,,119,,64.6
7757,18.6379,,119,,64.6
7758,18.6391,,118.75,,64.675
7759,18.6403,,118.5,,64.75
7760,18.6416,,118.25,,64.825
7761,18.6428,,118,,64.9
7762,18.644,,117.75,,64.975
7763,18.6453,,117.5,,65.05
7764,18.6465,,117.25,,65.125
7765,18.6477,,117,,65.2
7766,18.6509,,117.429,,65.2286
7767,18.6541,,117.857,,65.2571
7768,18.6573,,118.286,,65.2857
7769,18.6605,,118.714,,65.3143
7770,18.6637,,119.143,,65.3429
7771,18.6669,,119.571,,65.3714
7772,18.6701,,120,,65.4
7773,18.6729,,120,,65.375
7774,18.6757,,120,,65.35
7775,18.6785,,120,,65.325
7776,18.6812,,120,,65.3
7777,18.684,,120,,65.275
7778,18.6868,,120,,65.25
7779,18.6896,,120,,65.225
7780,18.6924,,120,,65.2
7781,18.6935,,119.75,,65.1
7782,18.6947,,119.5,,65
7783,18.6958,,119.25,,64.9
7784,18.697,,119,,64.8
7785,18.6975,,119,,64.56
7786,18.6979,,119,,64.32
7787,18.6984,,119,,64.08
7788,18.6989,,119,,63.84
7789,18.6993,,119,,63.6
7790,18.7002,,118.714,,63.4571
7791,18.701,,118.429,,63.3143
7792,18.7018,,118.143,,63.1714
7793,18.7026,,117.857,,63.0286
7794,18.7035,,117.571,,62.8857
7795,18.7043,,117.286,,62.7429
7796,18.7051,,117,,62.6
7797,18.7066,,116,,62.2
7798,18.7079,,115.75,,62.275
7799,18.7093,,115.5,,62.35
7800,18.7107,,115.25,,62.425
7801,18.712,,115,,62.5
7802,18.7134,,114.75,,62.575
7803,18.7147,,114.5,,62.65
7804,18.7161,,114.25,,62.725
7805,18.7174,,114,,62.8
7806,18.7194,,114,,63.3
7807,18.7214,,114,,63.8
7808,18.7229,,114,,64.3
7809,18.7244,,114,,64.8
7810,18.726,,114.333,,65.0667
7811,18.7276,,114.667,,65.3333
7812,18.7291,,115,,65.6
7813,18.7303,,115,,65.8
7814,18.7307,,115.5,,65.9
7815,18.7311,,116,,66
7816,18.7316,,116,,65.9714
7817,18.732,,116,,65.9429
7818,18.7324,,116,,65.9143
7819,18.7328,,116,,65.8857
7820,18.7332,,116,,65.8571
7821,18.7337,,116,,65.8286
7822,18.7341,,116,,65.8
7823,18.7345,,116,,65.7714
7824,18.7349,,116,,65.7429
7825,18.7353,,116,,65.7143
7826,18.7358,,116,,65.6857
7827,18.7362,,116,,65.6571
7828,18.7366,,116,,65.6286
7829,18.737,,116,,65.6
7830,18.7374,,116,,65.5714
7831,18.7379,,116,,65.5429
7832,18.7383,,116,,65.5143
7833,18.7387,,116,,65.4857
7834,18.7391,,116,,65.4571
7835,18.7395,,116,,65.4286
7836,18.74,,116,,65.4
7837,18.7424,,115.4,,65.36
7838,18.7449,,114.8,,65.32
7839,18.7474,,114.2,,65.28
7840,18.7499,,113.6,,65.24
7841,18.7523,,113,,65.2
7842,18.7555,,112,,64.9
7843,18.7587,,111,,64.6
7844,18.762,,109.5,,64.7
7845,18.7652,,108,,64.8
7846,18.7688,,107.833,,64.8
7847,18.7723,,107.667,,64.8
7848,18.7758,,107.5,,64.8
7849,18.7793,,107.333,,64.8
7850,18.7828,,107.167,,64.8
7851,18.7863,,107,,64.8
7852,18.7894,,107.286,,64.7429
7853,18.7926,,107.571,,64.6857
7854,18.7957,,107.857,,64.6286
7855,18.7989,,108.143,,64.5714
7856,18.802,,108.429,,64.5143
7857,18.8052,,108.714,,64.4571
7858,18.8083,,109,,64.4
7859,18.8115,,108.833,,64.2667
7860,18.8148,,108.667,,64.1333
7861,18.818,,108.5,,64
7862,18.8213,,108.333,,63.8667
7863,18.8245,,108.167,,63.7333
7864,18.8277,,108,,63.6
7865,18.8308,,108.167,,63.4333
7866,18.8338,,108.333,,63.2667
7867,18.8368,,108.5,,63.1
7868,18.8398,,108.667,,62.9333
7869,18.8428,,108.833,,62.7667
7870,18.8458,,109,,62.6
7871,18.8486,,109.143,,62.4286
7872,18.8513,,109.286,,62.2571
7873,18.854,,109.429,,62.0857
7874,18.8568,,109.571,,61.9143
7875,18.8595,,109.714,,61.7429
7876,18.8623,,109.857,,61.5714
7877,18.865,,110,,61.4
7878,18.8676,,110.125,,61.375
7879,18.8702,,110.25,,61.35
7880,18.8728,,110.375,,61.325
7881,18.8753,,110.5,,61.3
7882,18.8779,,110.625,,61.275
7883,18.8805,,110.75,,61.25
7884,18.8831,,110.875,,61.225
7885,18.8857,,111,,61.2
7886,18.8883,,110.75,,61.325
7887,18.8909,,110.5,,61.45
7888,18.8935,,110.25,,61.575
7889,18.8961,,110,,61.7
7890,18.8987,,109.75,,61.825
7891,18.9013,,109.5,,61.95
7892,18.9039,,109.25,,62.075
7893,18.9065,,109,,62.2
7894,18.9092,,109,,62.4
7895,18.9119,,109,,62.6
7896,18.9146,,109,,62.65
7897,18.9173,,109,,62.7
7898,18.92,,109,,62.75
7899,18.9227,,109,,62.8
7900,18.9257,,109.6,,62.76
7901,18.9287,,110.2,,62.72
7902,18.9316,,110.8,,62.68
7903,18.9346,,111.4,,62.64
7904,18.9376,,112,,62.6
7905,18.9403,,112.5,,62.6
7906,18.943,,113,,62.6
7907,18.9457,,113.5,,62.6
7908,18.9484,,114,,62.6
7909,18.9511,,114.5,,62.6
7910,18.9538,,115,,62.6
7911,18.9569,,115.286,,62.6
7912,18.9599,,115.571,,62.6
7913,18.963,,115.857,,62.6
7914,18.966,,116.143,,62.6
7915,18.9691,,116.429,,62.6
7916,18.9721,,116.714,,62.6
7917,18.9752,,117,,62.6
7918,18.9785,,117.143,,62.5429
7919,18.9819,,117.286,,62.4857
7920,18.9852,,117.429,,62.4286
7921,18.9885,,117.571,,62.3714
7922,18.9919,,117.714,,62.3143
7923,18.9952,,117.857,,62.2571
7924,18.9985,,118,,62.2
7925,19.0018,,118,,62.2
7926,19.005,,118,,62.2
7927,19.0083,,118,,62.2
7928,19.0116,,118,,62.2
7929,19.0148,,118,,62.2
7930,19.0181,,118,,62.2
7931,19.0213,,118,,62.2
7932,19.0245,,118,,62.1714
7933,19.0277,,118,,62.1429
7934,19.0309,,118,,62.1143
7935,19.0341,,118,,62.0857
7936,19.0373,,118,,62.0571
7937,19.0405,,118,,62.0286
7938,19.0437,,118,,62
7939,19.0463,,117.667,,61.8667
7940,19.0489,,117.333,,61.7333
7941,19.0516,,117,,61.6
7942,19.0542,,116.875,,61.575
7943,19.0568,,116.75,,61.55
7944,19.0594,,116.625,,61.525
7945,19.062,,116.5,,61.5
7946,19.0647,,116.375,,61.475
7947,19.0673,,116.25,,61.45
7948,19.0699,,116.125,,61.425
7949,19.0725,,116,,61.4
7950,19.0752,,116,,61.2333
7951,19.0778,,116,,61.0667
7952,19.0804,,116,,60.9
7953,19.083,,116,,60.7333
7954,19.0857,,116,,60.5667
7955,19.0883,,116,,60.4
7956,19.0908,,116.5,,60.3
7957,19.0933,,117,,60.2
7958,19.0964,,117.143,,60.2286
7959,19.0994,,117.286,,60.2571
7960,19.1025,,117.429,,60.2857
7961,19.1056,,117.571,,60.3143
7962,19.1086,,117.714,,60.3429
7963,19.1117,,117.857,,60.3714
7964,19.1147,,118,,60.4
7965,19.1184,,118,,60.3
7966,19.1221,,118,,60.2
7967,19.1258,,118,,60.1
7968,19.1295,,118,,60
7969,19.1331,,118,,59.9
7970,19.1368,,118,,59.8
7971,19.1406,,117.833,,59.8
7972,19.1443,,117.667,,59.8
7973,19.1481,,117.5,,59.8
7974,19.1519,,117.333,,59.8
7975,19.1557,,117.167,,59.8
7976,19.1594,,117,,59.8
7977,19.1629,,117,,59.9
7978,19.1663,,117,,60
7979,19.1698,,117,,60.1
7980,19.1732,,117,,60.2
7981,19.1767,,117,,60.3
7982,19.1801,,117,,60.4
7983,19.1837,,117,,60.3667
7984,19.1873,,117,,60.3333
7985,19.1909,,117,,60.3
7986,19.1944,,117,,60.2667
7987,19.198,,117,,60.2333
7988,19.2016,,117,,60.2
7989,19.205,,117.167,,60.1667
7990,19.2084,,117.333,,60.1333
7991,19.2118,,117.5,,60.1
7992,19.2153,,117.667,,60.0667
7993,19.2187,,117.833,,60.0333
7994,19.2221,,118,,60
7995,19.2257,,118.167,,60.0333
7996,19.2292,,118.333,,60.0667
7997,19.2328,,118.5,,60.1
7998,19.2364,,118.667,,60.1333
7999,19.24,,118.833,,60.1667
8000,19.2435,,119,,60.2
8001,19.2473,,119.167,,60.2667
8002,19.2511,,119.333,,60.3333
8003,19.2549,,119.5,,60.4
8004,19.2587,,119.667,,60.4667
8005,19.2625,,119.833,,60.5333
8006,19.2662,,120,,60.6
8007,19.2697,,120,,60.5333
8008,19.2732,,120,,60.4667
8009,19.2766,,120,,60.4
8010,19.2801,,120,,60.3333
8011,19.2835,,120,,60.2667
8012,19.287,,120,,60.2
8013,19.2907,,120.167,,60.2667
8014,19.2943,,120.333,,60.3333
8015,19.298,,120.5,,60.4
8016,19.3017,,120.667,,60.4667
8017,19.3053,,120.833,,60.5333
8018,19.309,,121,,60.6
8019,19.3124,,121,,60.5667
8020,19.3157,,121,,60.5333
8021,19.3191,,121,,60.5
8022,19.3225,,121,,60.4667
8023,19.3258,,121,,60.4333
8024,19.3292,,121,,60.4
8025,19.3327,,121,,60.3667
8026,19.3361,,121,,60.3333
8027,19.3396,,121,,60.3
8028,19.343,,121,,60.2667
8029,19.3465,,121,,60.2333
8030,19.3499,,121,,60.2
8031,19.3533,,120.857,,60.1143
8032,19.3567,,120.714,,60.0286
8033,19.36,,120.571,,59.9429
8034,19.3634,,120.429,,59.8571
8035,19.3667,,120.286,,59.7714
8036,19.3701,,120.143,,59.6857
8037,19.3734,,120,,59.6
8038,19.3771,,120,,59.4
8039,19.3807,,120,,59.15
8040,19.3843,,120,,58.9
8041,19.388,,120,,58.65
8042,19.3916,,120,,58.4
8043,19.3947,,120,,58.2571
8044,19.3977,,120,,58.1143
8045,19.4008,,120,,57.9714
8046,19.4039,,120,,57.8286
8047,19.4069,,120,,57.6857
8048,19.41,,120,,57.5429
8049,19.4131,,120,,57.4
8050,19.4157,,120,,57.32
8051,19.4184,,120,,57.24
8052,19.421,,120,,57.16
8053,19.4236,,120,,57.08
8054,19.4263,,120,,57
8055,19.4291,,120,,57.2333
8056,19.432,,120,,57.4667
8057,19.4348,,120,,57.7
8058,19.4376,,120,,57.9333
8059,19.4405,,120,,58.1667
8060,19.4433,,120,,58.4
8061,19.4462,,120,,58.5143
8062,19.4492,,120,,58.6286
8063,19.4521,,120,,58.7429
8064,19.4551,,120,,58.8571
8065,19.458,,120,,58.9714
8066,19.461,,120,,59.0857
8067,19.464,,120,,59.2
8068,19.4669,,120.5,,59.4
8069,19.4698,,121,,59.6
8070,19.4729,,121,,59.4
8071,19.4761,,121,,59.2
8072,19.4795,,121,,59.0667
8073,19.4829,,121,,58.9333
8074,19.4863,,121,,58.8
8075,19.4897,,121,,58.6667
8076,19.4931,,121,,58.5333
8077,19.4965,,121,,58.4
8078,19.4999,,121,,58.3
8079,19.5033,,121,,58.2
8080,19.5067,,121,,58.1
8081,19.5101,,121,,58
8082,19.5135,,121,,57.9
8083,19.5169,,121,,57.8
8084,19.5201,,120.857,,57.7714
8085,19.5233,,120.714,,57.7429
8086,19.5265,,120.571,,57.7143
8087,19.5297,,120.429,,57.6857
8088,19.533,,120.286,,57.6571
8089,19.5362,,120.143,,57.6286
8090,19.5394,,120,,57.6
8091,19.5425,,120.2,,57.56
8092,19.5456,,120.4,,57.52
8093,19.5487,,120.6,,57.48
8094,19.5518,,120.8,,57.44
8095,19.5548,,121,,57.4
8096,19.5584,,120.833,,57.4333
8097,19.5619,,120.667,,57.4667
8098,19.5654,,120.5,,57.5
8099,19.569,,120.333,,57.5333
8100,19.5725,,120.167,,57.5667
8101,19.576,,120,,57.6
8102,19.5799,,120.333,,57.5333
8103,19.5837,,120.667,,57.4667
8104,19.5876,,121,,57.4
8105,19.5914,,121.333,,57.3333
8106,19.5953,,121.667,,57.2667
8107,19.5991,,122,,57.2
8108,19.6026,,122,,57.1667
8109,19.6062,,122,,57.1333
8110,19.6097,,122,,57.1
8111,19.6132,,122,,57.0667
8112,19.6167,,122,,57.0333
8113,19.6202,,122,,57
8114,19.6238,,122,,56.9333
8115,19.6273,,122,,56.8667
8116,19.6309,,122,,56.8
8117,19.6344,,122,,56.7333
8118,19.638,,122,,56.6667
8119,19.6415,,122,,56.6
8120,19.6448,,122.143,,56.5143
8121,19.6481,,122.286,,56.4286
8122,19.6514,,122.429,,56.3429
8123,19.6547,,122.571,,56.2571
8124,19.6579,,122.714,,56.1714
8125,19.6612,,122.857,,56.0857
8126,19.6645,,123,,56
8127,19.6675,,122.857,,56
8128,19.6705,,122.714,,56
8129,19.6736,,122.571,,56
8130,19.6766,,122.429,,56
8131,19.6796,,122.286,,56
8132,19.6826,,122.143,,56
8133,19.6856,,122,,56
8134,19.6868,,122,,55.9
8135,19.6881,,122,,55.8
8136,19.6893,,121,,55.8667
8137,19.6905,,120,,55.9333
8138,19.6917,,119,,56
8139,19.6931,,118.4,,56.08
8140,19.6946,,117.8,,56.16
8141,19.696,,117.2,,56.24
8142,19.6974,,116.6,,56.32
8143,19.6988,,116,,56.4
8144,19.7,,115.4,,56.44
8145,19.7013,,114.8,,56.48
8146,19.7025,,114.2,,56.52
8147,19.7038,,113.6,,56.56
8148,19.705,,113,,56.6
8149,19.7062,,112.4,,56.6
8150,19.7074,,111.8,,56.6
8151,19.7086,,111.2,,56.6
8152,19.7098,,110.6,,56.6
8153,19.7111,,110,,56.6
8154,19.7121,,109.4,,56.56
8155,19.7132,,108.8,,56.52
8156,19.7143,,108.2,,56.48
8157,19.7154,,107.6,,56.44
8158,19.7165,,107,,56.4
8159,19.7176,,106.571,,56.4571
8160,19.7186,,106.143,,56.5143
8161,19.7196,,105.714,,56.5714
8162,19.7206,,105.286,,56.6286
8163,19.7216,,104.857,,56.6857
8164,19.7227,,104.429,,56.7429
8165,19.7237,,104,,56.8
8166,19.725,,103,,56.8
8167,19.7263,,102,,56.8
8168,19.7276,,101,,56.8
8169,19.729,,100.5,,56.8
8170,19.7303,,100,,56.8
8171,19.7317,,99.5,,56.8
8172,19.733,,99,,56.8
8173,19.7344,,98.5,,56.8
8174,19.7357,,98,,56.8
8175,19.7369,,97,,56.8
8176,19.738,,96,,56.8
8177,19.7392,,95,,56.8
8178,19.7405,,94.875,,56.8
8179,19.7417,,94.75,,56.8
8180,19.743,,94.625,,56.8
8181,19.7443,,94.5,,56.8
8182,19.7456,,94.375,,56.8
8183,19.7468,,94.25,,56.8
8184,19.7481,,94.125,,56.8
8185,19.7494,,94,,56.8
8186,19.7506,,93.875,,56.8
8187,19.7519,,93.75,,56.8
8188,19.7532,,93.625,,56.8
8189,19.7544,,93.5,,56.8
8190,19.7557,,93.375,,56.8
8191,19.757,,93.25,,56.8
8192,19.7582,,93.125,,56.8
8193,19.7595,,93,,56.8
8194,19.7609,,92.8667,,56.7467
8195,19.7622,,92.7333,,56.6933
8196,19.7635,,92.6,,56.64
8197,19.7649,,92.4667,,56.5867
8198,19.7662,,92.3333,,56.5333
8199,19.7676,,92.2,,56.48
8200,19.7689,,92.0667,,56.4267
8201,19.7703,,91.9333,,56.3733
8202,19.7716,,91.8,,56.32
8203,19.7729,,91.6667,,56.2667
8204,19.7743,,91.5333,,56.2133
8205,19.7756,,91.4,,56.16
8206,19.777,,91.2667,,56.1067
8207,19.7783,,91.1333,,56.0533
8208,19.7796,,91,,56
8209,19.781,,90.625,,56.05
8210,19.7824,,90.25,,56.1
8211,19.7838,,89.875,,56.15
8212,19.7851,,89.5,,56.2
8213,19.7865,,89.125,,56.25
8214,19.7879,,88.75,,56.3
8215,19.7892,,88.375,,56.35
8216,19.7906,,88,,56.4
8217,19.7922,,86.5,,56.6
8218,19.7938,,85,,56.8
8219,19.7953,,85,,56.9
8220,19.7969,,85,,57
8221,19.7983,,85.5,,57
8222,19.7996,,86,,57
8223,19.801,,86.5,,57
8224,19.8023,,87,,57
8225,19.8038,,87.3,,56.98
8226,19.8054,,87.6,,56.96
8227,19.8069,,87.9,,56.94
8228,19.8084,,88.2,,56.92
8229,19.81,,88.5,,56.9
8230,19.8115,,88.8,,56.88
8231,19.813,,89.1,,56.86
8232,19.8145,,89.4,,56.84
8233,19.8161,,89.7,,56.82
8234,19.8176,,90,,56.8
8235,19.8189,,90.6,,56.76
8236,19.8202,,91.2,,56.72
8237,19.8215,,91.8,,56.68
8238,19.8228,,92.4,,56.64
8239,19.8241,,93,,56.6
8240,19.8255,,92,,56.6
8241,19.827,,91,,56.6
8242,19.8284,,90,,56.6
8243,19.8301,,88.5,,56.5
8244,19.8317,,87,,56.4
8245,19.8333,,87.6,,56.44
8246,19.8348,,88.2,,56.48
8247,19.8363,,88.8,,56.52
8248,19.8378,,89.4,,56.56
8249,19.8393,,90,,56.6
8250,19.8405,,90,,56.4
8251,19.8412,,89,,56.5
8252,19.8419,,88,,56.6
8253,19.8422,,87,,56.4667
8254,19.8425,,86,,56.3333
8255,19.8428,,85,,56.2
8256,19.8431,,85.75,,56.3
8257,19.8435,,86.5,,56.4
8258,19.8438,,87.25,,56.5
8259,19.8441,,88,,56.6
8260,19.8448,,88.25,,56.5
8261,19.8454,,88.5,,56.4
8262,19.8461,,88.75,,56.3
8263,19.8468,,89,,56.2
8264,19.848,,89,,56.1
8265,19.8492,,89,,56
8266,19.8522,,89.75,,55.9
8267,19.8552,,90.5,,55.8
8268,19.8581,,91.25,,55.7
8269,19.8611,,92,,55.6
8270,19.8652,,93.3333,,55.5333
8271,19.8693,,94.6667,,55.4667
8272,19.8734,,96,,55.4
8273,19.8779,,97,,55.3
8274,19.8824,,98,,55.2
8275,19.8865,,98.6,,55.2
8276,19.8906,,99.2,,55.2
8277,19.8947,,99.8,,55.2
8278,19.8988,,100.4,,55.2
8279,19.9029,,101,,55.2
8280,19.9067,,101.75,,55.3
8281,19.9105,,102.5,,55.4
8282,19.9143,,103.25,,55.5
8283,19.9181,,104,,55.6
8284,19.9222,,105,,55.6
8285,19.9263,,106,,55.6
8286,19.9303,,107,,55.6
8287,19.9349,,107.75,,55.5
8288,19.9395,,108.5,,55.4
8289,19.944,,109.25,,55.3
8290,19.9486,,110,,55.2
8291,19.9531,,111,,55.1333
8292,19.9576,,112,,55.0667
8293,19.9621,,113,,55
8294,19.9665,,113.6,,54.92
8295,19.9709,,114.2,,54.84
8296,19.9753,,114.8,,54.76
8297,19.9797,,115.4,,54.68
8298,19.9841,,116,,54.6
8299,19.988,,116.25,,54.5
8300,19.9919,,116.5,,54.4
8301,19.9958,,116.75,,54.3
8302,19.9997,,117,,54.2
8303,20.0029,,117.6,,54.32
8304,20.006,,118.2,,54.44
8305,20.0092,,118.8,,54.56
8306,20.0124,,119.4,,54.68
8307,20.0156,,120,,54.8
8308,20.017,,120,,55
8309,20.0176,,120,,55
8310,20.0181,,120,,55
8311,20.0187,,120,,55
8312,20.0192,,120,,55
8313,20.0198,,120,,55
8314,20.0203,,120,,55
8315,20.0208,,120,,55
8316,20.021,,119.625,,55.05
8317,20.0212,,119.25,,55.1
8318,20.0214,,118.875,,55.15
8319,20.0216,,118.5,,55.2
8320,20.0218,,118.125,,55.25
8321,20.022,,117.75,,55.3
8322,20.0222,,117.375,,55.35
8323,20.0223,,117,,55.4
8324,20.0224,,116.571,,55.3714
8325,20.0225,,116.143,,55.3429
8326,20.0226,,115.714,,55.3143
8327,20.0226,,115.286,,55.2857
8328,20.0227,,114.857,,55.2571
8329,20.0228,,114.429,,55.2286
8330,20.0229,,114,,55.2
8331,20.023,,113.25,,55.15
8332,20.0231,,112.5,,55.1
8333,20.0232,,111.75,,55.05
8334,20.0233,,111,,55
8335,20.0235,,110.769,,55.0154
8336,20.0236,,110.538,,55.0308
8337,20.0238,,110.308,,55.0462
8338,20.0239,,110.077,,55.0615
8339,20.0241,,109.846,,55.0769
8340,20.0242,,109.615,,55.0923
8341,20.0244,,109.385,,55.1077
8342,20.0245,,109.154,,55.1231
8343,20.0247,,108.923,,55.1385
8344,20.0248,,108.692,,55.1538
8345,20.025,,108.462,,55.1692
8346,20.0251,,108.231,,55.1846
8347,20.0253,,108,,55.2
8348,20.0253,,107.333,,55.1667
8349,20.0254,,106.667,,55.1333
8350,20.0255,,106,,55.1
8351,20.0256,,105.333,,55.0667
8352,20.0256,,104.667,,55.0333
8353,20.0257,,104,,55
8354,20.0258,,103,,54.95
8355,20.0258,,102,,54.9
8356,20.0259,,101,,54.85
8357,20.0259,,100,,54.8
8358,20.026,,99.5,,54.8
8359,20.026,,99,,54.8
8360,20.0261,,98.5,,54.8
8361,20.0262,,98,,54.8
8362,20.0262,,97.5,,54.8
8363,20.0263,,97,,54.8
8364,20.0263,,96.6667,,54.7778
8365,20.0264,,96.3333,,54.7556
8366,20.0264,,96,,54.7333
8367,20.0264,,95.6667,,54.7111
8368,20.0265,,95.3333,,54.6889
8369,20.0265,,95,,54.6667
8370,20.0265,,94.6667,,54.6444
8371,20.0265,,94.3333,,54.6222
8372,20.0266,,94,,54.6
8373,20.0268,,93.5714,,54.6286
8374,20.027,,93.1429,,54.6571
8375,20.0272,,92.7143,,54.6857
8376,20.0274,,92.2857,,54.7143
8377,20.0276,,91.8571,,54.7429
8378,20.0278,,91.4286,,54.7714
8379,20.028,,91,,54.8
8380,20.028,,90.7857,,54.8143
8381,20.0281,,90.5714,,54.8286
8382,20.0282,,90.3571,,54.8429
8383,20.0282,,90.1429,,54.8571
8384,20.0283,,89.9286,,54.8714
8385,20.0284,,89.7143,,54.8857
8386,20.0284,,89.5,,54.9
8387,20.0285,,89.2857,,54.9143
8388,20.0286,,89.0714,,54.9286
8389,20.0286,,88.8571,,54.9429
8390,20.0287,,88.6429,,54.9571
8391,20.0288,,88.4286,,54.9714
8392,20.0288,,88.2143,,54.9857
8393,20.0289,,88,,55
8394,20.029,,88.4286,,54.9714
8395,20.0291,,88.8571,,54.9429
8396,20.0292,,89.2857,,54.9143
8397,20.0293,,89.7143,,54.8857
8398,20.0293,,90.1429,,54.8571
8399,20.0294,,90.5714,,54.8286
8400,20.0295,,91,,54.8
8401,20.0296,,91.2,,54.8133
8402,20.0297,,91.4,,54.8267
8403,20.0298,,91.6,,54.84
8404,20.03,,91.8,,54.8533
8405,20.0301,,92,,54.8667
8406,20.0302,,92.2,,54.88
8407,20.0303,,92.4,,54.8933
8408,20.0304,,92.6,,54.9067
8409,20.0305,,92.8,,54.92
8410,20.0306,,93,,54.9333
8411,20.0307,,93.2,,54.9467
8412,20.0308,,93.4,,54.96
8413,20.0309,,93.6,,54.9733
8414,20.0311,,93.8,,54.9867
8415,20.0312,,94,,55
8416,20.0313,,93.8235,,54.9882
8417,20.0314,,93.6471,,54.9765
8418,20.0316,,93.4706,,54.9647
8419,20.0317,,93.2941,,54.9529
8420,20.0318,,93.1176,,54.9412
8421,20.0319,,92.9412,,54.9294
8422,20.0321,,92.7647,,54.9176
8423,20.0322,,92.5882,,54.9059
8424,20.0323,,92.4118,,54.8941
8425,20.0325,,92.2353,,54.8824
8426,20.0326,,92.0588,,54.8706
8427,20.0327,,91.8824,,54.8588
8428,20.0329,,91.7059,,54.8471
8429,20.033,,91.5294,,54.8353
8430,20.0331,,91.3529,,54.8235
8431,20.0333,,91.1765,,54.8118
8432,20.0334,,91,,54.8
8433,20.0335,,90.85,,54.81
8434,20.0336,,90.7,,54.82
8435,20.0336,,90.55,,54.83
8436,20.0337,,90.4,,54.84
8437,20.0338,,90.25,,54.85
8438,20.0339,,90.1,,54.86
8439,20.034,,89.95,,54.87
8440,20.0341,,89.8,,54.88
8441,20.0342,,89.65,,54.89
8442,20.0343,,89.5,,54.9
8443,20.0344,,89.35,,54.91
8444,20.0344,,89.2,,54.92
8445,20.0345,,89.05,,54.93
8446,20.0346,,88.9,,54.94
8447,20.0347,,88.75,,54.95
8448,20.0348,,88.6,,54.96
8449,20.0349,,88.45,,54.97
8450,20.035,,88.3,,54.98
8451,20.0351,,88.15,,54.99
8452,20.0352,,88,,55
8453,20.0355,,87.4,,54.92
8454,20.0358,,86.8,,54.84
8455,20.0361,,86.2,,54.76
8456,20.0364,,85.6,,54.68
8457,20.0367,,85,,54.6
8458,20.0368,,84.6667,,54.6444
8459,20.0369,,84.3333,,54.6889
8460,20.0369,,84,,54.7333
8461,20.037,,83.6667,,54.7778
8462,20.0371,,83.3333,,54.8222
8463,20.0372,,83,,54.8667
8464,20.0373,,82.6667,,54.9111
8465,20.0374,,82.3333,,54.9556
8466,20.0374,,82,,55
8467,20.0375,,80.5,,55.1
8468,20.0376,,79,,55.2
8469,20.0376,,78,,55.2
8470,20.0376,,77,,55.2
8471,20.0377,,76,,55.2
8472,20.0377,,76.4286,,55.1143
8473,20.0378,,76.8571,,55.0286
8474,20.0379,,77.2857,,54.9429
8475,20.0379,,77.7143,,54.8571
8476,20.038,,78.1429,,54.7714
8477,20.0381,,78.5714,,54.6857
8478,20.0381,,79,,54.6
8479,20.0382,,79.5,,54.5667
8480,20.0382,,80,,54.5333
8481,20.0383,,80.5,,54.5
8482,20.0383,,81,,54.4667
8483,20.0384,,81.5,,54.4333
8484,20.0384,,82,,54.4
8485,20.0385,,82.5,,54.4667
8486,20.0386,,83,,54.5333
8487,20.0386,,83.5,,54.6
8488,20.0387,,84,,54.6667
8489,20.0388,,84.5,,54.7333
8490,20.0388,,85,,54.8
8491,20.0389,,85.6,,54.72
8492,20.039,,86.2,,54.64
8493,20.0391,,86.8,,54.56
8494,20.0392,,87.4,,54.48
8495,20.0392,,88,,54.4
8521,20.045,,91,,54.6
8522,20.0451,,91.2143,,54.6143
8523,20.0451,,91.4286,,54.6286
8524,20.0452,,91.6429,,54.6429
8525,20.0452,,91.8571,,54.6571
8526,20.0453,,92.0714,,54.6714
8527,20.0453,,92.2857,,54.6857
8528,20.0454,,92.5,,54.7
8529,20.0454,,92.7143,,54.7143
8530,20.0455,,92.9286,,54.7286
8531,20.0455,,93.1429,,54.7429
8532,20.0456,,93.3571,,54.7571
8533,20.0456,,93.5714,,54.7714
8534,20.0457,,93.7857,,54.7857
8535,20.0457,,94,,54.8
8536,20.0459,,93.5,,54.8
8537,20.0461,,93,,54.8
8538,20.0463,,92.5,,54.8
8539,20.0465,,92,,54.8
8540,20.0467,,91.5,,54.8
8541,20.0469,,91,,54.8
8542,20.0473,,91,,54.7529
8543,20.0477,,91,,54.7059
8544,20.0481,,91,,54.6588
8545,20.0485,,91,,54.6118
8546,20.0489,,91,,54.5647
8547,20.0493,,91,,54.5176
8548,20.0497,,91,,54.4706
8549,20.0501,,91,,54.4235
8550,20.0505,,91,,54.3765
8551,20.0509,,91,,54.3294
8552,20.0513,,91,,54.2824
8553,20.0517,,91,,54.2353
8554,20.0521,,91,,54.1882
8555,20.0525,,91,,54.1412
8556,20.0529,,91,,54.0941
8557,20.0533,,91,,54.0471
8558,20.0537,,91,,54
8559,20.0556,,92,,53.8667
8560,20.0576,,93,,53.7333
8561,20.0595,,94,,53.6
8562,20.0628,,94.6,,53.68
8563,20.066,,95.2,,53.76
8564,20.0693,,95.8,,53.84
8565,20.0726,,96.4,,53.92
8566,20.0758,,97,,54
8567,20.0796,,97.6,,54.08
8568,20.0834,,98.2,,54.16
8569,20.0872,,98.8,,54.24
8570,20.091,,99.4,,54.32
8571,20.0948,,100,,54.4
8572,20.0983,,100.6,,54.52
8573,20.1017,,101.2,,54.64
8574,20.1052,,101.8,,54.76
8575,20.1086,,102.4,,54.88
8576,20.1121,,103,,55
8577,20.1153,,103.667,,55.0667
8578,20.1186,,104.333,,55.1333
8579,20.1219,,105,,55.2
8580,20.1253,,105.75,,55.2
8581,20.1286,,106.5,,55.2
8582,20.132,,107.25,,55.2
8583,20.1354,,108,,55.2
8584,20.1383,,108.286,,55.1429
8585,20.1412,,108.571,,55.0857
8586,20.1442,,108.857,,55.0286
8587,20.1471,,109.143,,54.9714
8588,20.15,,109.429,,54.9143
8589,20.1529,,109.714,,54.8571
8590,20.1558,,110,,54.8
8591,20.1592,,110.5,,54.7667
8592,20.1625,,111,,54.7333
8593,20.1658,,111.5,,54.7
8594,20.1691,,112,,54.6667
8595,20.1724,,112.5,,54.6333
8596,20.1757,,113,,54.6
8597,20.179,,113.286,,54.7143
8598,20.1824,,113.571,,54.8286
8599,20.1857,,113.857,,54.9429
8600,20.189,,114.143,,55.0571
8601,20.1923,,114.429,,55.1714
8602,20.1956,,114.714,,55.2857
8603,20.1989,,115,,55.4
8604,20.2019,,115.6,,55.56
8605,20.2049,,116.2,,55.72
8606,20.208,,116.8,,55.88
8607,20.211,,117.4,,56.04
8608,20.214,,118,,56.2
8609,20.2174,,118.333,,56.2667
8610,20.2208,,118.667,,56.3333
8611,20.2241,,119,,56.4
8612,20.2275,,119.333,,56.4667
8613,20.2309,,119.667,,56.5333
8614,20.2343,,120,,56.6
8615,20.2375,,120.143,,56.5714
8616,20.2408,,120.286,,56.5429
8617,20.244,,120.429,,56.5143
8618,20.2472,,120.571,,56.4857
8619,20.2505,,120.714,,56.4571
8620,20.2537,,120.857,,56.4286
8621,20.2569,,121,,56.4
8622,20.2607,,121.333,,56.3667
8623,20.2644,,121.667,,56.3333
8624,20.2681,,122,,56.3
8625,20.2718,,122.333,,56.2667
8626,20.2756,,122.667,,56.2333
8627,20.2793,,123,,56.2
8628,20.2833,,123.2,,56.28
8629,20.2874,,123.4,,56.36
8630,20.2914,,123.6,,56.44
8631,20.2954,,123.8,,56.52
8632,20.2995,,124,,56.6
8633,20.304,,124.2,,56.56
8634,20.3085,,124.4,,56.52
8635,20.313,,124.6,,56.48
8636,20.3175,,124.8,,56.44
8637,20.322,,125,,56.4
8638,20.3259,,125.167,,56.3667
8639,20.3298,,125.333,,56.3333
8640,20.3337,,125.5,,56.3
8641,20.3376,,125.667,,56.2667
8642,20.3415,,125.833,,56.2333
8643,20.3454,,126,,56.2
8644,20.3493,,126.167,,56.1667
8645,20.3532,,126.333,,56.1333
8646,20.3571,,126.5,,56.1
8647,20.361,,126.667,,56.0667
8648,20.3649,,126.833,,56.0333
8649,20.3688,,127,,56
8650,20.373,,127.2,,56.04
8651,20.3772,,127.4,,56.08
8652,20.3814,,127.6,,56.12
8653,20.3856,,127.8,,56.16
8654,20.3897,,128,,56.2
8655,20.3935,,128,,56.2667
8656,20.3972,,128,,56.3333
8657,20.4009,,128,,56.4
8658,20.4046,,128,,56.4667
8659,20.4084,,128,,56.5333
8660,20.4121,,128,,56.6
8661,20.4157,,128,,56.6
8662,20.4193,,128,,56.6
8663,20.4229,,128,,56.6
8664,20.4265,,128,,56.6
8665,20.4301,,128,,56.6
8666,20.4337,,128,,56.6
8667,20.4374,,128.167,,56.6667
8668,20.4412,,128.333,,56.7333
8669,20.4449,,128.5,,56.8
8670,20.4487,,128.667,,56.8667
8671,20.4525,,128.833,,56.9333
8672,20.4562,,129,,57
8673,20.4601,,129,,57
8674,20.4641,,129,,57
8675,20.468,,129,,57
8676,20.4719,,129,,57
8677,20.4758,,129,,57.2
8678,20.4799,,129,,57.24
8679,20.4839,,129,,57.28
8680,20.488,,129,,57.32
8681,20.4921,,129,,57.36
8682,20.4961,,129,,57.4
8683,20.4993,,128.857,,57.4286
8684,20.5026,,128.714,,57.4571
8685,20.5058,,128.571,,57.4857
8686,20.509,,128.429,,57.5143
8687,20.5122,,128.286,,57.5429
8688,20.5154,,128.143,,57.5714
8689,20.5186,,128,,57.6
8690,20.5223,,128,,57.6
8691,20.5261,,128,,57.6
8692,20.5298,,128,,57.6
8693,20.5335,,128,,57.6
8694,20.5373,,128,,57.6
8695,20.541,,128,,57.6
8696,20.5447,,128.333,,57.8
8697,20.5485,,128.667,,58
8698,20.5522,,129,,58.2
8699,20.5562,,129,,58.2667
8700,20.5601,,129,,58.3333
8701,20.5641,,129,,58.4
8702,20.568,,129,,58.4667
8703,20.572,,129,,58.5333
8704,20.5759,,129,,58.6
8705,20.5799,,129,,58.72
8706,20.5839,,129,,58.84
8707,20.5879,,129,,58.96
8708,20.5919,,129,,59.08
8709,20.5959,,129,,59.2
8710,20.5996,,129.167,,59.3667
8711,20.6033,,129.333,,59.5333
8712,20.6069,,129.5,,59.7
8713,20.6106,,129.667,,59.8667
8714,20.6143,,129.833,,60.0333
8715,20.618,,130,,60.2
8716,20.6216,,130,,60.2
8717,20.6252,,130,,60.2
8718,20.6288,,130,,60.2
8719,20.6325,,130,,60.2
8720,20.6358,,130.143,,60.3714
8721,20.6391,,130.286,,60.5429
8722,20.6424,,130.429,,60.7143
8723,20.6457,,130.571,,60.8857
8724,20.6491,,130.714,,61.0571
8725,20.6524,,130.857,,61.2286
8726,20.6557,,131,,61.4
8727,20.6591,,131.167,,61.5333
8728,20.6624,,131.333,,61.6667
8729,20.6658,,131.5,,61.8
8730,20.6692,,131.667,,61.9333
8731,20.6726,,131.833,,62.0667
8732,20.6759,,132,,62.2
8733,20.6794,,132,,62.3
8734,20.6828,,132,,62.4
8735,20.6863,,132,,62.5
8736,20.6897,,132,,62.6
8737,20.6924,,132,,62.7667
8738,20.6952,,132,,62.9333
8739,20.6979,,132,,63.1
8740,20.7007,,132,,63.2667
8741,20.7034,,132,,63.4333
8742,20.7061,,132,,63.6
8743,20.7087,,132.25,,63.9
8744,20.7114,,132.5,,64.2
8745,20.714,,132.75,,64.5
8746,20.7166,,133,,64.8
8747,20.7198,,133,,65
8748,20.723,,133,,65.2
8749,20.7263,,133,,65.4
8750,20.7295,,133,,65.6
8751,20.7327,,133,,65.8
8752,20.7361,,133.25,,66.1
8753,20.7395,,133.5,,66.4
8754,20.7428,,133.75,,66.7
8755,20.7462,,134,,67
8756,20.7492,,134.2,,67.24
8757,20.7523,,134.4,,67.48
8758,20.7553,,134.6,,67.72
8759,20.7584,,134.8,,67.96
8760,20.7615,,135,,68.2
8761,20.7641,,135,,68.6
8762,20.7668,,135,,69
8763,20.7695,,135,,69.4
8764,20.7722,,135,,69.7333
8765,20.7749,,135,,70.0667
8766,20.7776,,135,,70.4
8767,20.7801,,135.25,,70.65
8768,20.7827,,135.5,,70.9
8769,20.7853,,135.75,,71.15
8770,20.7878,,136,,71.4
8771,20.791,,136,,71.5429
8772,20.7942,,136,,71.6857
8773,20.7974,,136,,71.8286
8774,20.8006,,136,,71.9714
8775,20.8038,,136,,72.1143
8776,20.807,,136,,72.2571
8777,20.8102,,136,,72.4
8778,20.8133,,136,,72.2571
8779,20.8165,,136,,72.1143
8780,20.8197,,136,,71.9714
8781,20.8229,,136,,71.8286
8782,20.826,,136,,71.6857
8783,20.8292,,136,,71.5429
8784,20.8324,,136,,71.4
8785,20.8359,,135.833,,71.3
8786,20.8394,,135.667,,71.2
8787,20.8429,,135.5,,71.1
8788,20.8464,,135.333,,71
8789,20.85,,135.167,,70.9
8790,20.8535,,135,,70.8
8791,20.8571,,134.833,,70.7667
8792,20.8606,,134.667,,70.7333
8793,20.8642,,134.5,,70.7
8794,20.8678,,134.333,,70.6667
8795,20.8714,,134.167,,70.6333
8796,20.8749,,134,,70.6
8797,20.8787,,133.5,,70.5
8798,20.8825,,133,,70.4
8799,20.8861,,132.833,,70.3333
8800,20.8896,,132.667,,70.2667
8801,20.8931,,132.5,,70.2
8802,20.8967,,132.333,,70.1333
8803,20.9002,,132.167,,70.0667
8804,20.9038,,132,,70
8805,20.9068,,132,,70
8806,20.9099,,132,,70
8807,20.9129,,132,,70
8808,20.916,,132,,70
8809,20.9191,,131.667,,69.8667
8810,20.9223,,131.333,,69.7333
8811,20.9255,,131,,69.6
8812,20.9286,,130.667,,69.4667
8813,20.9318,,130.333,,69.3333
8814,20.935,,130,,69.2
8815,20.9378,,129.667,,69
8816,20.9407,,129.333,,68.8
8817,20.9435,,129,,68.6
8818,20.9464,,128.667,,68.4
8819,20.9493,,128.333,,68.2
8820,20.9521,,128,,68
8821,20.955,,127.714,,68.0571
8822,20.9579,,127.429,,68.1143
8823,20.9607,,127.143,,68.1714
8824,20.9636,,126.857,,68.2286
8825,20.9665,,126.571,,68.2857
8826,20.9693,,126.286,,68.3429
8827,20.9722,,126,,68.4
8828,20.9755,,126,,68.4857
8829,20.9789,,126,,68.5714
8830,20.9822,,126,,68.6571
8831,20.9855,,126,,68.7429
8832,20.9889,,126,,68.8286
8833,20.9922,,126,,68.9143
8834,20.9956,,126,,69
8835,20.9985,,126,,69.6
8836,21.0014,,126,,69.85
8837,21.0042,,126,,70.1
8838,21.0071,,126,,70.35
8839,21.0099,,126,,70.6
8840,21.013,,126.143,,70.7429
8841,21.0161,,126.286,,70.8857
8842,21.0192,,126.429,,71.0286
8843,21.0223,,126.571,,71.1714
8844,21.0254,,126.714,,71.3143
8845,21.0286,,126.857,,71.4571
8846,21.0317,,127,,71.6
8847,21.0347,,127,,71.8
8848,21.0378,,127.25,,71.9
8849,21.0409,,127.5,,72
8850,21.044,,127.75,,72.1
8851,21.0471,,128,,72.2
8852,21.05,,127.571,,72.2
8853,21.0528,,127.143,,72.2
8854,21.0557,,126.714,,72.2
8855,21.0585,,126.286,,72.2
8856,21.0613,,125.857,,72.2
8857,21.0642,,125.429,,72.2
8858,21.067,,125,,72.2
8859,21.0705,,124.833,,72.2667
8860,21.0739,,124.667,,72.3333
8861,21.0773,,124.5,,72.4
8862,21.0808,,124.333,,72.4667
8863,21.0842,,124.167,,72.5333
8864,21.0877,,124,,72.6
8865,21.0913,,124,,72.6
8866,21.095,,124,,72.6
8867,21.0985,,124.333,,72.5667
8868,21.102,,124.667,,72.5333
8869,21.1055,,125,,72.5
8870,21.1091,,125.333,,72.4667
8871,21.1126,,125.667,,72.4333
8872,21.1161,,126,,72.4
8873,21.1201,,126,,72.24
8874,21.1241,,126,,72.08
8875,21.1282,,126,,71.92
8876,21.1322,,126,,71.76
8877,21.1362,,126,,71.6
8878,21.1401,,126,,71.6
8879,21.1439,,125.667,,71.2667
8880,21.1476,,125.333,,70.9333
8881,21.1514,,125,,70.6
8882,21.1554,,125,,70.25
8883,21.1593,,125,,69.9
8884,21.1633,,125,,69.55
8885,21.1673,,125,,69.2
8886,21.1708,,125,,69
8887,21.1744,,125,,68.8
8888,21.1779,,125,,68.6
8889,21.1815,,125,,68.4
8890,21.185,,124.667,,68
8891,21.1886,,124.333,,67.6
8892,21.1921,,124,,67.2
8893,21.1961,,124,,67.12
8894,21.2002,,124,,67.04
8895,21.2042,,124,,66.96
8896,21.2082,,124,,66.88
8897,21.2122,,124,,66.8
8898,21.2152,,124.143,,67.0286
8899,21.2181,,124.286,,67.2571
8900,21.2211,,124.429,,67.4857
8901,21.224,,124.571,,67.7143
8902,21.227,,124.714,,67.9429
8903,21.2299,,124.857,,68.1714
8904,21.2329,,125,,68.4
8905,21.2353,,125.2,,68.52
8906,21.2377,,125.4,,68.64
8907,21.2401,,125.6,,68.76
8908,21.2425,,125.8,,68.88
8909,21.245,,126,,69
