secs,km,power,hr,cad,alt
0,0,,94,,227.8
1,0,,94,,227.2
2,0,,96,,227.2
3,0,,100,,227.8
4,0,,101,,227.2
5,0.00368,,103,,227.8
6,0.00755,,107,,227.6
7,0.01154,,104,,227.6
8,0.01552,,103,,227.8
9,0.01948,,103,,228
10,0.02338,,106,,228
11,0.02727,,109,,228
12,0.03115,,112,,227.8
13,0.03503,,120,,227.8
14,0.03888,,119,,227.8
15,0.04278,,123,,228
16,0.04684,,123,,228.2
17,0.05092,,121,,228.4
18,0.05503,,124,,228.6
19,0.05914,,124,,228.8
20,0.06324,,125,,228.8
21,0.06721,,125,,228.8
22,0.07122,,126,,228.8
23,0.07523,,131,,228.8
24,0.07924,,130,,228.8
25,0.08318,,130,,228.8
26,0.08727,,130,,228.8
27,0.09136,,130,,229.2
28,0.09543,,129,,229.4
29,0.09951,,130,,229.6
30,0.10361,,130,,229.8
31,0.10773,,130,,230
32,0.11186,,130,,230
33,0.11599,,130,,230
34,0.12017,,130,,229.4
35,0.1244,,131,,228.8
36,0.1287,,131,,228.2
37,0.13303,,131,,227.8
38,0.13734,,131,,227.6
39,0.14157,,132,,227.4
40,0.14573,,131,,227.4
41,0.14981,,130,,227.4
42,0.1539,,130,,227.4
43,0.15811,,131,,227.4
44,0.16226,,137,,227.2
45,0.16642,,136,,227
46,0.17057,,135,,227.2
47,0.17461,,134,,227.2
48,0.17865,,134,,227.4
49,0.18275,,136,,227.6
50,0.18686,,134,,227.8
51,0.19097,,134,,228
52,0.1951,,134,,228
53,0.19919,,134,,228.2
54,0.20326,,134,,228.2
55,0.20733,,134,,228
56,0.21139,,134,,227.8
57,0.21545,,136,,227.4
58,0.21955,,137,,227.2
59,0.22385,,133,,227
60,0.22826,,131,,227
61,0.23258,,132,,227
62,0.23693,,130,,227
63,0.24129,,131,,226.8
64,0.24551,,135,,226.8
65,0.24968,,134,,226.6
66,0.25385,,133,,226.4
67,0.25828,,134,,226.2
68,0.26274,,133,,226.2
69,0.26723,,137,,226.4
70,0.27169,,138,,226.4
71,0.27613,,138,,226.4
72,0.28052,,137,,226.4
73,0.28486,,137,,226.6
74,0.28916,,137,,226.6
75,0.29346,,137,,226.4
76,0.29776,,137,,226.4
77,0.30202,,137,,226.4
78,0.30624,,131,,226.4
79,0.31045,,132,,226.4
80,0.31465,,134,,226.4
81,0.31884,,133,,226.4
82,0.32308,,133,,226.4
83,0.3273,,134,,226.4
84,0.33155,,134,,226.4
85,0.33597,,134,,226.4
86,0.34038,,134,,226.4
87,0.3448,,136,,226.4
88,0.3492,,135,,226.4
89,0.3537,,135,,226.4
90,0.35843,,135,,226.4
91,0.36316,,133,,226.4
92,0.36773,,134,,226.4
93,0.3722,,134,,226.4
94,0.37657,,135,,226.4
95,0.38093,,135,,226.4
96,0.38529,,136,,226.4
97,0.38954,,135,,226.4
98,0.39392,,135,,226.4
99,0.39831,,135,,226.4
100,0.40257,,135,,226.4
101,0.4068,,135,,226.4
102,0.41104,,135,,226.4
103,0.41529,,138,,226.4
104,0.41954,,136,,226.4
105,0.42378,,135,,226.4
106,0.42806,,135,,226.4
107,0.43237,,135,,226.4
108,0.43675,,135,,226.4
109,0.44113,,134,,226.4
110,0.44547,,134,,226.4
111,0.44981,,134,,226.4
112,0.45413,,133,,226.4
113,0.4584,,133,,226.4
114,0.46265,,133,,226.4
115,0.46689,,133,,226.4
116,0.47109,,133,,226.4
117,0.47531,,133,,226.4
118,0.47957,,133,,226.4
119,0.48388,,133,,226.4
120,0.48815,,133,,226.4
121,0.49254,,133,,226.4
122,0.49705,,133,,226.4
123,0.50158,,133,,226.4
124,0.50612,,133,,226.4
125,0.51075,,133,,226.4
126,0.51539,,134,,226.4
127,0.51984,,135,,226.4
128,0.52419,,135,,226.4
129,0.52854,,135,,226.4
130,0.53289,,135,,226.4
131,0.53714,,135,,226.4
132,0.5414,,135,,226.4
133,0.54575,,135,,226.4
134,0.55011,,135,,226.4
135,0.55447,,135,,226.4
136,0.55878,,136,,226.4
137,0.5631,,136,,226.4
138,0.56746,,138,,226.4
139,0.5718,,137,,226.4
140,0.57615,,137,,226.4
141,0.58053,,138,,226.4
142,0.58485,,142,,226.4
143,0.58916,,140,,226.4
144,0.59352,,140,,226.4
145,0.59794,,139,,226.4
146,0.60243,,142,,226.4
147,0.60692,,141,,226.4
148,0.6114,,140,,226.4
149,0.61584,,140,,226.4
150,0.62029,,139,,226.4
151,0.6246,,139,,226.4
152,0.62883,,139,,226.4
153,0.63312,,138,,226.4
154,0.63742,,138,,226.4
155,0.6417,,138,,226.4
156,0.64606,,138,,226.4
157,0.65041,,138,,226.4
158,0.65495,,138,,226.4
159,0.65948,,138,,226.4
160,0.66396,,139,,226.4
161,0.66842,,139,,226.4
162,0.67279,,139,,226.4
163,0.67721,,139,,226.4
164,0.68166,,139,,226.4
165,0.68611,,140,,226.4
166,0.69057,,140,,226.4
167,0.69501,,140,,226.4
168,0.69949,,140,,226.4
169,0.70389,,140,,226.4
170,0.70825,,139,,226.4
171,0.71262,,139,,226.4
172,0.71699,,141,,226.4
173,0.72133,,140,,226.4
174,0.72571,,140,,226.4
175,0.73007,,140,,226.4
176,0.73433,,140,,226.4
177,0.73856,,140,,226.4
178,0.74274,,140,,217.8
179,0.74677,,140,,218
180,0.75079,,140,,217.8
181,0.75482,,139,,217.8
182,0.75898,,139,,217.6
183,0.76325,,139,,217.8
184,0.76766,,139,,217.6
185,0.77218,,139,,217.4
186,0.77684,,140,,217
187,0.78159,,140,,216.8
188,0.78635,,140,,216.6
189,0.79103,,141,,216.8
190,0.79566,,141,,216.8
191,0.80013,,141,,216.8
192,0.80433,,141,,217
193,0.80848,,141,,217.2
194,0.81272,,142,,217.2
195,0.81697,,141,,217.2
196,0.82119,,141,,217
197,0.8255,,141,,216.8
198,0.82989,,141,,216.4
199,0.83434,,141,,216.4
200,0.83875,,141,,216.4
201,0.84315,,141,,216.4
202,0.84752,,141,,216.4
203,0.85185,,141,,216.4
204,0.85607,,141,,216.4
205,0.86028,,141,,216.4
206,0.86449,,141,,216.4
207,0.86872,,141,,216.4
208,0.87297,,141,,216.4
209,0.87728,,141,,216.4
210,0.88162,,141,,216.4
211,0.886,,140,,216.4
212,0.89039,,140,,216.4
213,0.89477,,140,,216.4
214,0.89911,,141,,216.4
215,0.90338,,140,,216.4
216,0.90755,,140,,216.4
217,0.91165,,140,,216.4
218,0.91583,,141,,216.4
219,0.91994,,141,,216.4
220,0.92407,,141,,216.4
221,0.9283,,140,,216.4
222,0.93264,,141,,216.4
223,0.93712,,141,,216.4
224,0.94152,,141,,216.4
225,0.94584,,141,,216.4
226,0.95032,,141,,216.4
227,0.95471,,141,,216.4
228,0.95905,,141,,216.4
229,0.96347,,141,,216.4
230,0.9679,,141,,216.4
231,0.97221,,142,,216.4
232,0.97654,,142,,216.4
233,0.98082,,142,,216.4
234,0.98502,,142,,216.4
235,0.98935,,142,,216.4
236,0.99376,,142,,216.4
237,0.99809,,142,,216.4
238,1.00247,,143,,216.4
239,1.00688,,143,,216.4
240,1.01132,,143,,216.4
241,1.01569,,143,,216.4
242,1.02015,,144,,216.4
243,1.0246,,144,,216.4
244,1.02897,,144,,216.4
245,1.03326,,144,,216.4
246,1.03755,,144,,216.4
247,1.04182,,144,,216.4
248,1.04611,,145,,216.4
249,1.0504,,144,,216.4
250,1.05467,,145,,216.4
251,1.05894,,145,,216.4
252,1.06318,,145,,216.4
253,1.06742,,145,,216.4
254,1.07166,,145,,216.4
255,1.0759,,145,,216.4
256,1.0802,,145,,216.4
257,1.08455,,144,,216.4
258,1.08896,,144,,216.4
259,1.09341,,144,,216.4
260,1.09792,,144,,216.4
261,1.10251,,144,,216.4
262,1.10714,,144,,216.4
263,1.11178,,144,,216.4
264,1.11642,,145,,216.4
265,1.12096,,144,,216.4
266,1.1254,,145,,216.4
267,1.12975,,145,,216.4
268,1.13407,,145,,216.4
269,1.13837,,144,,216.4
270,1.14263,,145,,216.4
271,1.14683,,144,,216.4
272,1.15103,,144,,216.4
273,1.15512,,144,,216.4
274,1.1593,,144,,216.4
275,1.16351,,145,,216.4
276,1.16784,,144,,216.4
277,1.17216,,144,,216.4
278,1.17648,,145,,216.4
279,1.18074,,145,,216.4
280,1.18504,,145,,216.4
281,1.18939,,146,,216.4
282,1.19374,,146,,216.4
283,1.19813,,146,,216.4
284,1.20258,,146,,216.4
285,1.2071,,146,,216.4
286,1.2116,,147,,216.4
287,1.21611,,147,,216.4
288,1.22055,,147,,216.4
289,1.22491,,147,,216.4
290,1.22922,,147,,216.4
291,1.23354,,147,,216.4
292,1.23786,,147,,216.4
293,1.24217,,147,,216.4
294,1.24649,,147,,216.4
295,1.25082,,147,,216.4
296,1.25521,,148,,216.4
297,1.25965,,147,,216.4
298,1.26409,,147,,216.4
299,1.26851,,148,,215.4
300,1.27291,,148,,215.4
301,1.27732,,148,,215.4
302,1.28177,,148,,215.4
303,1.28634,,148,,215.2
304,1.29096,,148,,215.2
305,1.29558,,148,,215.2
306,1.3002,,149,,215.4
307,1.30483,,149,,215.6
308,1.30946,,148,,215.8
309,1.31404,,149,,216
310,1.31847,,149,,216
311,1.32282,,149,,216
312,1.32712,,148,,216
313,1.33139,,148,,215.6
314,1.33563,,148,,215.6
315,1.33987,,148,,215.6
316,1.34411,,148,,215.6
317,1.34835,,148,,215.6
318,1.35271,,148,,215.6
319,1.357,,148,,215.6
320,1.36132,,148,,215.6
321,1.36566,,148,,215.6
322,1.37001,,148,,215.6
323,1.37427,,148,,215.6
324,1.37856,,148,,215.6
325,1.38281,,148,,215.6
326,1.38704,,148,,215.6
327,1.39122,,148,,215.6
328,1.39547,,148,,215.6
329,1.39957,,148,,215.6
330,1.40373,,148,,215.6
331,1.40792,,148,,215.6
332,1.41212,,148,,215.6
333,1.41629,,148,,215.6
334,1.42053,,148,,215.6
335,1.42482,,148,,215.6
336,1.42918,,149,,215.6
337,1.43361,,149,,215.6
338,1.43803,,149,,215.6
339,1.44244,,148,,215.6
340,1.44687,,148,,215.6
341,1.45134,,148,,215.6
342,1.45586,,149,,215.6
343,1.46043,,149,,215.6
344,1.46493,,150,,215.6
345,1.46949,,150,,215.6
346,1.47394,,150,,215.6
347,1.47835,,150,,215.6
348,1.48273,,150,,215.6
349,1.48712,,150,,215.6
350,1.4915,,150,,215.6
351,1.4959,,150,,215.6
352,1.50031,,150,,215.6
353,1.50473,,150,,215.6
354,1.50914,,150,,215.6
355,1.51352,,150,,215.6
356,1.51791,,151,,215.6
357,1.52232,,151,,215.6
358,1.52678,,151,,215.6
359,1.53124,,151,,215.6
360,1.53577,,151,,215.6
361,1.54036,,152,,215.6
362,1.54497,,151,,215.6
363,1.54942,,151,,215.6
364,1.55369,,151,,215.6
365,1.55809,,151,,215.6
366,1.56243,,150,,215.6
367,1.56663,,150,,215.6
368,1.57091,,150,,215.6
369,1.57528,,150,,215.6
370,1.57964,,151,,215.6
371,1.58403,,151,,215.6
372,1.58845,,151,,215.6
373,1.59287,,151,,215.6
374,1.59724,,151,,215.6
375,1.60156,,151,,215.6
376,1.60589,,151,,215.6
377,1.61016,,152,,215.6
378,1.61435,,152,,215.6
379,1.61847,,152,,215.6
380,1.6226,,152,,215.6
381,1.62688,,152,,215.6
382,1.63117,,152,,215.6
383,1.63541,,152,,215.6
384,1.63965,,153,,215.6
385,1.64397,,152,,215.6
386,1.64832,,152,,215.6
387,1.65266,,152,,215.6
388,1.657,,152,,215.6
389,1.6614,,152,,215.6
390,1.66585,,153,,215.6
391,1.67029,,153,,215.6
392,1.67478,,153,,215.6
393,1.67923,,153,,215.6
394,1.68354,,153,,215.6
395,1.68777,,153,,215.6
396,1.69196,,153,,215.6
397,1.69613,,153,,215.6
398,1.70034,,153,,215.6
399,1.70464,,153,,215.6
400,1.70911,,153,,215.6
401,1.71361,,153,,215.6
402,1.71811,,153,,215.6
403,1.72261,,152,,215.6
404,1.72704,,152,,215.6
405,1.73139,,152,,215.6
406,1.73568,,152,,215.6
407,1.73996,,152,,215.6
408,1.74414,,152,,215.6
409,1.74833,,152,,215.6
410,1.75258,,151,,215.6
411,1.75688,,151,,215.6
412,1.76117,,151,,215.6
413,1.76549,,151,,215.6
414,1.76989,,151,,215.6
415,1.77434,,151,,215.6
416,1.77885,,151,,215.6
417,1.78334,,151,,215.6
418,1.78783,,151,,215.6
419,1.79228,,151,,216.6
420,1.79669,,151,,216.6
421,1.80111,,151,,216.6
422,1.80552,,151,,216.6
423,1.80995,,151,,216.6
424,1.8144,,151,,216.4
425,1.81885,,152,,216.4
426,1.82328,,151,,216.2
427,1.82774,,152,,216.2
428,1.83218,,151,,216.2
429,1.83658,,151,,216.2
430,1.84096,,151,,216.2
431,1.84533,,151,,216
432,1.84964,,152,,216
433,1.85405,,152,,216
434,1.85845,,152,,216
435,1.86293,,152,,216.2
436,1.86741,,152,,216.2
437,1.87189,,153,,216.2
438,1.87624,,152,,216.2
439,1.88061,,152,,216.2
440,1.88497,,153,,216.2
441,1.88942,,153,,216.2
442,1.89385,,153,,216.2
443,1.8983,,153,,216.2
444,1.90276,,153,,216.2
445,1.90725,,153,,216.2
446,1.9117,,153,,216.2
447,1.91604,,153,,216.2
448,1.92035,,153,,216.2
449,1.92461,,153,,216.2
450,1.92888,,152,,216.2
451,1.93314,,152,,216.2
452,1.93736,,152,,216.2
453,1.94158,,152,,216.2
454,1.94582,,152,,216.2
455,1.95002,,152,,216.2
456,1.95428,,152,,216.2
457,1.95853,,152,,216.2
458,1.9628,,152,,216.2
459,1.96711,,152,,216.2
460,1.97141,,152,,216.2
461,1.97574,,151,,216.2
462,1.98009,,151,,216.2
463,1.98443,,151,,216.2
464,1.98874,,152,,216.2
465,1.99304,,152,,216.2
466,1.99733,,152,,216.2
467,2.00162,,152,,216.2
468,2.00591,,152,,216.2
469,2.0102,,152,,216.2
470,2.01459,,151,,216.2
471,2.01899,,152,,216.2
472,2.02339,,152,,216.2
473,2.02779,,152,,216.2
474,2.0322,,151,,216.2
475,2.03654,,151,,216.2
476,2.04088,,151,,216.2
477,2.04516,,151,,216.2
478,2.04944,,151,,216.2
479,2.0538,,151,,216.2
480,2.05822,,151,,216.2
481,2.06274,,152,,216.2
482,2.06726,,152,,216.2
483,2.07179,,152,,216.2
484,2.07643,,152,,216.2
485,2.08116,,152,,216.2
486,2.08583,,154,,216.2
487,2.09036,,153,,216.2
488,2.09497,,153,,216.2
489,2.09949,,153,,216.2
490,2.10394,,153,,216.2
491,2.10833,,153,,216.2
492,2.11271,,153,,216.2
493,2.11703,,153,,216.2
494,2.12131,,153,,216.2
495,2.1256,,153,,216.2
496,2.13017,,153,,216.2
497,2.13445,,153,,216.2
498,2.13887,,153,,216.2
499,2.14335,,153,,216.2
500,2.14784,,153,,216.2
501,2.15224,,153,,216.2
502,2.15663,,153,,216.2
503,2.161,,153,,216.2
504,2.16535,,153,,216.2
505,2.16965,,152,,216.2
506,2.17401,,152,,216.2
507,2.17834,,152,,216.2
508,2.18265,,152,,216.2
509,2.18694,,152,,216.2
510,2.19129,,152,,216.2
511,2.19555,,152,,216.2
512,2.1998,,152,,216.2
513,2.20411,,152,,216.2
514,2.20838,,152,,216.2
515,2.2127,,152,,216.2
516,2.21703,,152,,216.2
517,2.22134,,152,,216.2
518,2.22562,,152,,216.2
519,2.22992,,152,,216.2
520,2.23424,,152,,216.2
521,2.23857,,152,,216.2
522,2.24287,,152,,216.2
523,2.2472,,152,,216.2
524,2.25152,,152,,216.2
525,2.25597,,152,,216.2
526,2.26044,,152,,216.2
527,2.26502,,152,,216.2
528,2.26969,,152,,216.2
529,2.27437,,152,,216.2
530,2.27897,,152,,216.2
531,2.28357,,152,,216.2
532,2.28814,,153,,216.2
533,2.29271,,153,,216.2
534,2.29725,,155,,216.2
535,2.30178,,153,,216.2
536,2.30628,,152,,216.2
537,2.31069,,153,,216.2
538,2.31509,,153,,216.2
539,2.31956,,153,,215.4
540,2.32397,,154,,215.6
541,2.32837,,154,,215.6
542,2.33277,,154,,215.6
543,2.33711,,154,,215.6
544,2.34145,,154,,215.6
545,2.34575,,154,,215.4
546,2.35005,,154,,215.2
547,2.35435,,154,,215
548,2.3587,,154,,215
549,2.3631,,154,,214.8
550,2.3675,,154,,214.6
551,2.37195,,154,,214.6
552,2.37649,,154,,214.8
553,2.381,,154,,214.8
554,2.38561,,155,,215
555,2.39013,,154,,214.8
556,2.39472,,155,,214.8
557,2.39928,,155,,214.6
558,2.40384,,155,,214.6
559,2.4084,,155,,214.6
560,2.41296,,155,,214.6
561,2.41752,,155,,214.6
562,2.42207,,155,,214.6
563,2.4265,,155,,214.6
564,2.43097,,155,,214.6
565,2.43538,,155,,214.6
566,2.43977,,155,,214.6
567,2.44416,,155,,214.6
568,2.44845,,155,,214.6
569,2.45268,,155,,214.6
570,2.45678,,155,,214.6
571,2.46099,,155,,214.6
572,2.46521,,155,,214.6
573,2.4695,,155,,214.6
574,2.47388,,155,,214.6
575,2.47835,,155,,214.6
576,2.48288,,155,,214.6
577,2.48751,,155,,214.6
578,2.49217,,155,,214.6
579,2.49676,,155,,214.6
580,2.50135,,155,,214.6
581,2.50585,,155,,214.6
582,2.51029,,155,,214.6
583,2.51473,,155,,214.6
584,2.51922,,155,,214.6
585,2.5237,,155,,214.6
586,2.52822,,155,,214.6
587,2.53281,,155,,214.6
588,2.53748,,155,,214.6
589,2.54218,,154,,214.6
590,2.54687,,154,,214.6
591,2.55154,,155,,214.6
592,2.5562,,155,,214.6
593,2.5608,,155,,214.6
594,2.56539,,155,,214.6
595,2.56995,,155,,214.6
596,2.57451,,155,,214.6
597,2.57906,,155,,214.6
598,2.58356,,156,,214.6
599,2.58794,,156,,214.6
600,2.59222,,155,,214.6
601,2.59644,,156,,214.6
602,2.60062,,156,,214.6
603,2.6048,,155,,214.6
604,2.609,,156,,214.6
605,2.61315,,155,,214.6
606,2.61729,,156,,214.6
607,2.62147,,156,,214.6
608,2.62571,,156,,214.6
609,2.6299,,155,,214.6
610,2.63409,,155,,214.6
611,2.63824,,155,,214.6
612,2.64235,,155,,214.6
613,2.64648,,155,,214.6
614,2.65063,,155,,214.6
615,2.65477,,155,,214.6
616,2.65894,,155,,214.6
617,2.66308,,155,,214.6
618,2.66727,,155,,214.6
619,2.67136,,155,,214.6
620,2.67552,,155,,214.6
621,2.67971,,154,,214.6
622,2.68393,,154,,214.6
623,2.68813,,154,,214.6
624,2.69235,,154,,214.6
625,2.69652,,154,,214.6
626,2.7007,,154,,214.6
627,2.70485,,154,,214.6
628,2.70902,,154,,214.6
629,2.71322,,154,,214.6
630,2.71745,,154,,214.6
631,2.72173,,155,,214.6
632,2.72613,,154,,214.6
633,2.73059,,155,,214.6
634,2.73501,,155,,214.6
635,2.73943,,155,,214.6
636,2.74384,,155,,214.6
637,2.74826,,155,,214.6
638,2.7527,,155,,214.6
639,2.75709,,155,,214.6
640,2.76151,,155,,214.6
641,2.76596,,155,,214.6
642,2.77038,,155,,214.6
643,2.77476,,155,,214.6
644,2.77912,,154,,214.6
645,2.78349,,155,,214.6
646,2.78777,,154,,214.6
647,2.79205,,154,,214.6
648,2.79636,,154,,214.6
649,2.8007,,154,,214.6
650,2.80506,,154,,214.6
651,2.80948,,154,,214.6
652,2.8138,,153,,214.6
653,2.81808,,154,,214.6
654,2.82227,,153,,214.6
655,2.82649,,153,,214.6
656,2.83072,,153,,214.6
657,2.83504,,153,,214.6
658,2.83936,,153,,214.6
659,2.84388,,153,,213.8
660,2.84833,,153,,213.8
661,2.85275,,153,,213.8
662,2.85726,,153,,213.8
663,2.86152,,153,,213.8
664,2.86576,,153,,213.8
665,2.87004,,153,,213.8
666,2.87435,,153,,213.8
667,2.8786,,153,,214
668,2.88293,,152,,214
669,2.88729,,152,,214
670,2.89165,,152,,213.8
671,2.89603,,152,,213.6
672,2.90041,,151,,213.6
673,2.9048,,152,,213.4
674,2.90922,,152,,213.4
675,2.91362,,152,,213.4
676,2.91807,,152,,213.4
677,2.92261,,152,,213.4
678,2.92714,,153,,213.2
679,2.93168,,153,,213.2
680,2.93621,,153,,213.2
681,2.94071,,153,,213.2
682,2.94512,,153,,213.2
683,2.94943,,154,,213.2
684,2.95374,,154,,213.2
685,2.95797,,154,,213.2
686,2.96226,,154,,213.2
687,2.96657,,154,,213.2
688,2.97093,,154,,213.2
689,2.97524,,154,,213.2
690,2.97956,,154,,213.2
691,2.98384,,154,,213.2
692,2.98811,,154,,213.2
693,2.99236,,154,,213.2
694,2.99673,,154,,213.2
695,3.00117,,154,,213.2
696,3.00568,,154,,213.2
697,3.01015,,154,,213.2
698,3.01462,,154,,213.2
699,3.01909,,154,,213.2
700,3.02355,,154,,213.2
701,3.02799,,154,,213.2
702,3.03243,,154,,213.2
703,3.0369,,154,,213.2
704,3.04143,,154,,213.2
705,3.046,,154,,213.2
706,3.05055,,154,,213.2
707,3.05509,,154,,213.2
708,3.05959,,154,,213.2
709,3.06408,,154,,213.2
710,3.06852,,154,,213.2
711,3.07287,,154,,213.2
712,3.07717,,155,,213.2
713,3.08149,,155,,213.2
714,3.08575,,155,,213.2
715,3.09001,,155,,213.2
716,3.0943,,156,,213.2
717,3.09858,,156,,213.2
718,3.10289,,156,,213.2
719,3.1072,,156,,213.2
720,3.11161,,156,,213.2
721,3.11601,,156,,213.2
722,3.12042,,157,,213.2
723,3.12482,,157,,213.2
724,3.12922,,157,,213.2
725,3.13364,,157,,213.2
726,3.1381,,156,,213.2
727,3.14258,,156,,213.2
728,3.14706,,156,,213.2
729,3.15154,,156,,213.2
730,3.15601,,156,,213.2
731,3.16047,,156,,213.2
732,3.16495,,156,,213.2
733,3.16943,,156,,213.2
734,3.17394,,155,,213.2
735,3.17846,,155,,213.2
736,3.18299,,155,,213.2
737,3.18743,,155,,213.2
738,3.19187,,155,,213.2
739,3.1962,,155,,213.2
740,3.20051,,155,,213.2
741,3.20476,,154,,213.2
742,3.20895,,155,,213.2
743,3.21314,,155,,213.2
744,3.21734,,154,,213.2
745,3.22156,,154,,213.2
746,3.22576,,154,,213.2
747,3.22995,,154,,213.2
748,3.23415,,154,,213.2
749,3.23837,,154,,213.2
750,3.24264,,154,,213.2
751,3.24693,,154,,213.2
752,3.25118,,154,,213.2
753,3.25547,,154,,213.2
754,3.25973,,154,,213.2
755,3.26401,,154,,213.2
756,3.26828,,154,,213.2
757,3.27257,,154,,213.2
758,3.27688,,153,,213.2
759,3.2812,,153,,213.2
760,3.2855,,154,,213.2
761,3.2898,,153,,213.2
762,3.29405,,153,,213.2
763,3.29831,,153,,213.2
764,3.30256,,153,,213.2
765,3.30682,,153,,213.2
766,3.31107,,153,,213.2
767,3.31539,,153,,213.2
768,3.31974,,153,,213.2
769,3.32403,,153,,213.2
770,3.32829,,153,,213.2
771,3.33264,,153,,213.2
772,3.33688,,153,,213.2
773,3.34113,,153,,213.2
774,3.34536,,153,,213.2
775,3.34961,,153,,213.2
776,3.35388,,153,,213.2
777,3.35816,,153,,213.2
778,3.36245,,153,,213.2
779,3.36674,,153,,214
780,3.37103,,152,,214
781,3.37532,,153,,214
782,3.37962,,152,,214
783,3.38394,,153,,213.8
784,3.38823,,152,,213.6
785,3.39252,,153,,213.4
786,3.39685,,153,,213.4
787,3.40122,,153,,213.2
788,3.40565,,153,,213.2
789,3.41009,,153,,213.2
790,3.41452,,153,,213.2
791,3.41896,,153,,213.6
792,3.42341,,153,,213.8
793,3.42785,,153,,213.8
794,3.43227,,153,,213.8
795,3.43669,,153,,213.8
796,3.44115,,154,,213.4
797,3.44558,,153,,213.2
798,3.4499,,153,,213
799,3.4543,,154,,213
800,3.4587,,154,,213
801,3.46306,,153,,213
802,3.46744,,153,,213
803,3.47174,,153,,213
804,3.47596,,153,,213
805,3.48023,,153,,213
806,3.48444,,153,,213
807,3.48872,,154,,213
808,3.49308,,153,,213
809,3.49748,,154,,213
810,3.50182,,154,,213
811,3.50622,,154,,213
812,3.51068,,154,,213
813,3.51516,,154,,213
814,3.51961,,154,,213
815,3.52407,,154,,213
816,3.52862,,155,,213
817,3.5331,,156,,213
818,3.53757,,155,,213
819,3.54211,,155,,213
820,3.54643,,155,,213
821,3.55071,,155,,213
822,3.55508,,155,,213
823,3.55934,,155,,213
824,3.56364,,155,,213
825,3.56795,,155,,213
826,3.57232,,155,,213
827,3.57668,,155,,213
828,3.58109,,155,,213
829,3.58551,,155,,213
830,3.58996,,155,,213
831,3.59435,,155,,213
832,3.59869,,155,,213
833,3.60295,,155,,213
834,3.60721,,155,,213
835,3.61147,,155,,213
836,3.61575,,155,,213
837,3.62002,,155,,213
838,3.62433,,154,,213
839,3.62861,,155,,213
840,3.63279,,155,,213
841,3.63698,,155,,213
842,3.64119,,155,,213
843,3.64533,,154,,213
844,3.64949,,155,,213
845,3.65363,,155,,213
846,3.65781,,155,,213
847,3.662,,156,,213
848,3.66619,,155,,213
849,3.67031,,155,,213
850,3.67458,,155,,213
851,3.67873,,155,,213
852,3.68284,,155,,213
853,3.68697,,155,,213
854,3.6911,,156,,213
855,3.69522,,156,,213
856,3.69938,,155,,213
857,3.70361,,155,,213
858,3.70791,,155,,213
859,3.71229,,156,,213
860,3.71668,,156,,213
861,3.72113,,156,,213
862,3.72551,,156,,213
863,3.72988,,156,,213
864,3.73418,,156,,213
865,3.73854,,156,,213
866,3.74284,,156,,213
867,3.74708,,156,,213
868,3.7513,,156,,213
869,3.75556,,156,,213
870,3.7598,,156,,213
871,3.76403,,156,,213
872,3.7682,,156,,213
873,3.7725,,156,,213
874,3.77675,,156,,213
875,3.781,,156,,213
876,3.78532,,156,,213
877,3.78963,,156,,213
878,3.79393,,155,,213
879,3.79822,,155,,213
880,3.80249,,156,,213
881,3.80675,,155,,213
882,3.81102,,156,,213
883,3.8153,,155,,213
884,3.81959,,155,,213
885,3.82392,,155,,213
886,3.82822,,155,,213
887,3.83246,,156,,213
888,3.83672,,152,,213
889,3.84097,,153,,213
890,3.84515,,154,,213
891,3.84932,,154,,213
892,3.85351,,154,,213
893,3.85771,,155,,213
894,3.86194,,155,,213
895,3.86619,,155,,213
896,3.87047,,155,,213
897,3.87475,,155,,213
898,3.87901,,155,,213
899,3.8833,,155,,213.4
900,3.88758,,155,,213.6
901,3.89187,,155,,213.4
902,3.89622,,155,,213.2
903,3.90054,,154,,212.8
904,3.90493,,154,,212.6
905,3.90916,,154,,212.6
906,3.91341,,154,,212.6
907,3.91766,,154,,212.6
908,3.92193,,154,,212.6
909,3.92626,,154,,212.6
910,3.9306,,154,,212.8
911,3.93478,,154,,213
912,3.93895,,154,,213
913,3.94311,,154,,213
914,3.94731,,154,,213
915,3.95157,,154,,212.8
916,3.95594,,154,,212.6
917,3.96033,,154,,212.6
918,3.96467,,154,,212.4
919,3.96899,,154,,212.4
920,3.97339,,154,,212.4
921,3.97777,,154.5,,212.4
922,3.98215,,155,,212.4
923,3.9866,,155,,212.4
924,3.99108,,154,,212.4
925,3.99555,,155,,212.4
926,4.00007,,155,,212.4
927,4.0045,,155,,212.4
928,4.00895,,155,,212.4
929,4.01353,,155,,212.4
930,4.01801,,155,,212.4
931,4.02238,,155,,212.4
932,4.02664,,156,,212.4
933,4.03081,,156,,212.4
934,4.03498,,156,,212.4
935,4.03927,,156,,212.4
936,4.04369,,156,,212.4
937,4.04833,,156,,212.4
938,4.05293,,157,,212.4
939,4.05758,,157,,212.4
940,4.0619,,157,,212.4
941,4.06613,,157,,212.4
942,4.07036,,157,,212.4
943,4.07458,,157,,212.4
944,4.07878,,157,,212.4
945,4.08298,,157,,212.4
946,4.08718,,157,,212.4
947,4.09135,,158,,212.4
948,4.09555,,158,,212.4
949,4.09974,,158,,212.4
950,4.10391,,158,,212.4
951,4.1081,,158,,212.4
952,4.1123,,158,,212.4
953,4.11648,,158,,212.4
954,4.12064,,158,,212.4
955,4.12479,,158,,212.4
956,4.12901,,158,,212.4
957,4.13326,,158,,212.4
958,4.13747,,158,,212.4
959,4.14171,,158,,212.4
960,4.14599,,158,,212.4
961,4.15029,,158,,212.4
962,4.1546,,158,,212.4
963,4.15893,,158,,212.4
964,4.16336,,157,,212.4
965,4.16783,,157,,212.4
966,4.17231,,157,,212.4
967,4.17679,,157,,212.4
968,4.18128,,157,,212.4
969,4.18578,,157,,212.4
970,4.19028,,157,,212.4
971,4.19474,,157,,212.4
972,4.19914,,157,,212.4
973,4.20352,,156,,212.4
974,4.20777,,156,,212.4
975,4.21195,,156,,212.4
976,4.21627,,156,,212.4
977,4.22058,,156,,212.4
978,4.22505,,156,,212.4
979,4.2295,,155,,212.4
980,4.23395,,155,,212.4
981,4.23834,,155,,212.4
982,4.24271,,155,,212.4
983,4.24708,,155,,212.4
984,4.25143,,155,,212.4
985,4.25586,,155,,212.4
986,4.26032,,156,,212.4
987,4.26472,,156,,212.4
988,4.26902,,156,,212.4
989,4.27338,,156,,212.4
990,4.27767,,156,,212.4
991,4.28201,,156,,212.4
992,4.28637,,155,,212.4
993,4.29089,,155,,212.4
994,4.2954,,155,,212.4
995,4.2998,,155,,212.4
996,4.30422,,155,,212.4
997,4.3087,,155,,212.4
998,4.31313,,155,,212.4
999,4.31754,,155,,212.4
1000,4.32195,,154,,212.4
1001,4.32637,,154,,212.4
1002,4.33077,,154,,212.4
1003,4.33519,,154,,212.4
1004,4.33962,,154,,212.4
1005,4.34403,,154,,212.4
1006,4.34845,,154,,212.4
1007,4.35281,,154,,212.4
1008,4.35715,,154,,212.4
1009,4.36148,,154,,212.4
1010,4.36579,,154,,212.4
1011,4.37021,,155,,212.4
1012,4.37464,,154,,212.4
1013,4.37914,,153,,212.4
1014,4.38373,,154,,212.4
1015,4.38835,,154,,212.4
1016,4.39297,,154,,212.4
1017,4.39759,,154,,212.4
1018,4.40224,,150,,212.4
1019,4.4068,,152,,212.4
1020,4.41134,,153,,211.8
1021,4.41587,,155,,211.8
1022,4.42037,,155,,211.8
1023,4.42486,,154,,212.2
1024,4.42935,,155,,212.6
1025,4.43386,,155,,212.8
1026,4.43837,,155,,212.8
1027,4.44285,,155,,212.8
1028,4.44727,,155,,212.6
1029,4.45159,,156,,212.4
1030,4.45583,,156,,212.2
1031,4.46011,,156,,212.2
1032,4.46434,,156,,212.2
1033,4.46862,,156,,212
1034,4.47299,,156,,212.2
1035,4.47738,,156,,212.2
1036,4.48178,,156,,212.2
1037,4.48616,,156,,212.4
1038,4.49057,,156,,212.6
1039,4.49497,,156,,212.6
1040,4.49939,,156,,212.6
1041,4.50382,,157,,212.6
1042,4.50828,,153,,212.6
1043,4.51277,,158,,212.6
1044,4.51728,,157,,212.6
1045,4.5218,,156,,212.6
1046,4.5263,,157,,212.6
1047,4.53069,,154,,212.6
1048,4.53501,,163,,212.6
1049,4.53932,,163,,212.6
1050,4.54363,,163,,212.6
1051,4.54796,,161,,212.6
1052,4.55225,,159,,212.6
1053,4.55655,,159,,212.6
1054,4.56082,,158,,212.6
1055,4.56508,,158,,212.6
1056,4.56938,,157,,212.6
1057,4.57376,,154,,212.6
1058,4.5782,,155,,212.6
1059,4.58263,,156,,212.6
1060,4.58705,,156,,212.6
1061,4.59143,,157,,212.6
1062,4.59582,,158,,212.6
1063,4.6002,,157,,212.6
1064,4.60458,,157,,212.6
1065,4.60896,,157,,212.6
1066,4.61345,,157,,212.6
1067,4.61796,,157,,212.6
1068,4.62256,,157,,212.6
1069,4.62716,,157,,212.6
1070,4.6317,,157,,212.6
1071,4.63621,,157,,212.6
1072,4.64056,,156,,212.6
1073,4.64491,,156,,212.6
1074,4.64926,,156,,212.6
1075,4.65371,,156,,212.6
1076,4.65816,,156,,212.6
1077,4.66263,,156,,212.6
1078,4.6671,,157,,212.6
1079,4.6716,,157,,212.6
1080,4.67607,,157,,212.6
1081,4.68054,,157,,212.6
1082,4.68499,,157,,212.6
1083,4.6893,,158,,212.6
1084,4.69363,,158,,212.6
1085,4.69794,,158,,212.6
1086,4.70229,,158,,212.6
1087,4.70671,,158,,212.6
1088,4.71114,,158,,212.6
1089,4.71554,,158,,212.6
1090,4.71994,,158,,212.6
1091,4.72443,,159,,212.6
1092,4.7288,,158,,212.6
1093,4.73317,,158,,212.6
1094,4.73751,,158,,212.6
1095,4.74184,,158,,212.6
1096,4.74618,,157,,212.6
1097,4.7505,,157,,212.6
1098,4.75483,,158,,212.6
1099,4.75913,,158,,212.6
1100,4.76343,,158,,212.6
1101,4.76771,,158,,212.6
1102,4.77197,,158,,212.6
1103,4.77627,,158,,212.6
1104,4.78058,,158,,212.6
1105,4.78489,,158,,212.6
1106,4.78914,,158,,212.6
1107,4.79332,,157,,212.6
1108,4.79751,,157,,212.6
1109,4.80175,,157,,212.6
1110,4.80598,,157,,212.6
1111,4.81025,,157,,212.6
1112,4.81452,,157,,212.6
1113,4.81877,,157,,212.6
1114,4.82299,,157,,212.6
1115,4.82723,,156,,212.6
1116,4.83144,,156,,212.6
1117,4.8357,,156,,212.6
1118,4.84003,,156,,212.6
1119,4.84448,,156,,212.6
1120,4.84899,,156,,212.6
1121,4.85354,,156,,212.6
1122,4.85805,,156,,212.6
1123,4.86244,,156,,212.6
1124,4.8669,,155,,212.6
1125,4.87129,,155,,212.6
1126,4.87569,,155,,212.6
1127,4.8801,,155,,212.6
1128,4.88438,,155,,212.6
1129,4.88866,,155,,212.6
1130,4.89291,,155,,212.6
1131,4.89715,,155,,212.6
1132,4.90142,,155,,212.6
1133,4.90568,,155,,212.6
1134,4.90997,,155,,212.6
1135,4.91432,,155,,212.6
1136,4.9187,,155,,212.6
1137,4.92307,,155,,212.6
1138,4.92747,,155,,212.6
1139,4.93187,,155,,212.8
1140,4.93623,,155,,212.8
1141,4.94055,,155,,213
1142,4.94483,,155,,213.2
1143,4.94911,,156,,213.6
1144,4.95338,,156,,213.8
1145,4.95767,,156,,213.8
1146,4.96195,,156,,213.8
1147,4.9663,,156,,213.6
1148,4.97082,,156,,213.4
1149,4.97532,,156,,213.2
1150,4.97981,,155,,213
1151,4.98422,,156,,212.8
1152,4.98859,,156,,212.8
1153,4.9929,,156,,212.8
1154,4.99723,,156,,212.8
1155,5.00162,,157,,212.6
1156,5.00601,,156,,212.6
1157,5.01043,,157,,212.6
1158,5.01493,,157,,212.4
1159,5.01943,,157,,212.4
1160,5.02386,,157,,212.4
1161,5.02833,,157,,212.4
1162,5.03273,,156,,212.4
1163,5.03707,,156,,212.4
1164,5.04146,,156,,212.4
1165,5.0458,,156,,212.4
1166,5.05004,,156,,212.4
1167,5.05438,,156,,212.4
1168,5.05871,,157,,212.4
1169,5.06306,,156,,212.4
1170,5.06745,,157,,212.4
1171,5.07185,,156,,212.4
1172,5.07622,,157,,212.4
1173,5.08059,,157,,212.4
1174,5.08493,,157,,212.4
1175,5.08928,,157,,212.4
1176,5.09358,,157,,212.4
1177,5.0979,,157,,212.4
1178,5.10251,,157,,212.4
1179,5.10649,,157,,212.4
1180,5.11072,,157,,212.4
1181,5.11496,,157,,212.4
1182,5.11916,,156,,212.4
1183,5.12335,,156,,212.4
1184,5.12755,,156,,212.4
1185,5.13173,,156,,212.4
1186,5.13589,,156,,212.4
1187,5.14008,,156,,212.4
1188,5.1443,,156,,212.4
1189,5.14855,,155,,212.4
1190,5.15288,,155,,212.4
1191,5.1572,,155,,212.4
1192,5.16152,,155,,212.4
1193,5.16578,,155,,212.4
1194,5.17001,,155,,212.4
1195,5.17411,,155,,212.4
1196,5.17824,,155,,212.4
1197,5.18237,,155,,212.4
1198,5.1865,,155,,212.4
1199,5.19065,,155,,212.4
1200,5.19481,,155,,212.4
1201,5.19899,,155,,212.4
1202,5.20319,,155,,212.4
1203,5.20743,,155,,212.4
1204,5.21168,,155,,212.4
1205,5.21594,,155,,212.4
1206,5.22021,,155,,212.4
1207,5.22445,,155,,212.4
1208,5.22865,,155,,212.4
1209,5.23283,,155,,212.4
1210,5.237,,155,,212.4
1211,5.24114,,155,,212.4
1212,5.24532,,155,,212.4
1213,5.24953,,155,,212.4
1214,5.2538,,156,,212.4
1215,5.25807,,156,,212.4
1216,5.26235,,156,,212.4
1217,5.26663,,156,,212.4
1218,5.27089,,155,,212.4
1219,5.27514,,155,,212.4
1220,5.27943,,155,,212.4
1221,5.28375,,155,,212.4
1222,5.2881,,155,,212.4
1223,5.29246,,155,,212.4
1224,5.29681,,155,,212.4
1225,5.3013,,155,,212.4
1226,5.30576,,155,,212.4
1227,5.31024,,155,,212.4
1228,5.31467,,154,,212.4
1229,5.31902,,154,,212.4
1230,5.32318,,154,,212.4
1231,5.32734,,154,,212.4
1232,5.33158,,154,,212.4
1233,5.33589,,154,,212.4
1234,5.34024,,154,,212.4
1235,5.3446,,154,,212.4
1236,5.34901,,154,,212.4
1237,5.35341,,154,,212.4
1238,5.35779,,154,,212.4
1239,5.36215,,153,,212.4
1240,5.36657,,153,,212.4
1241,5.37094,,153,,212.4
1242,5.37532,,153,,212.4
1243,5.37969,,153,,212.4
1244,5.38407,,153,,212.4
1245,5.38842,,153,,212.4
1246,5.39262,,153,,212.4
1247,5.397,,153,,212.4
1248,5.40139,,153,,212.4
1249,5.40583,,153,,212.4
1250,5.41028,,153,,212.4
1251,5.41476,,153,,212.4
1252,5.41919,,153,,212.4
1253,5.42362,,154,,212.4
1254,5.42806,,153,,212.4
1255,5.43247,,154,,212.4
1256,5.43686,,153,,212.4
1257,5.44124,,152,,212.4
1258,5.44554,,153,,212.4
1259,5.44979,,153,,212.4
1260,5.45402,,153,,212.4
1261,5.45825,,158,,212.4
1262,5.46243,,157,,212.4
1263,5.46661,,156,,212.2
1264,5.47084,,156,,212
1265,5.47505,,156,,211.6
1266,5.4793,,155,,211.6
1267,5.48358,,155,,211.8
1268,5.48782,,155,,211.8
1269,5.49202,,155,,212
1270,5.4963,,155,,212
1271,5.50052,,154,,212
1272,5.50474,,154,,212
1273,5.50907,,154,,212
1274,5.51339,,154,,211.8
1275,5.51767,,154,,211.8
1276,5.52194,,154,,211.8
1277,5.52619,,154,,211.8
1278,5.5303,,154,,211.6
1279,5.53447,,154,,211.6
1280,5.53868,,154,,211.6
1281,5.54282,,155,,211.6
1282,5.54329,,155,,211.6
1283,5.54377,,155,,211.6
1284,5.54424,,155,,211.6
1285,5.54472,,155,,211.6
1286,5.54519,,155,,211.6
1287,5.54567,,155,,211.6
1288,5.54852,,155,,211.6
1289,5.55167,,155,,211.6
1290,5.55482,,155,,211.6
1291,5.55932,,156,,211.6
1292,5.56395,,155,,211.6
1293,5.56858,,156,,211.6
1294,5.57319,,156,,211.6
1295,5.5778,,156,,211.6
1296,5.58227,,156,,211.6
1297,5.58662,,156,,211.6
1298,5.59102,,156,,211.6
1299,5.59542,,157,,211.6
1300,5.59979,,157,,211.6
1301,5.60419,,157,,211.6
1302,5.60861,,157,,211.6
1303,5.613,,157,,211.6
1304,5.61736,,157,,211.6
1305,5.62175,,157,,211.6
1306,5.62614,,156,,211.6
1307,5.63054,,156,,211.6
1308,5.63487,,156,,211.6
1309,5.63941,,156,,211.6
1310,5.64379,,156,,211.6
1311,5.64814,,156,,211.6
1312,5.65238,,156,,211.6
1313,5.65666,,156,,211.6
1314,5.66084,,156,,211.6
1315,5.66504,,156,,211.6
1316,5.66939,,156,,211.6
1317,5.67376,,156,,211.6
1318,5.67813,,156,,211.6
1319,5.68249,,156,,211.6
1320,5.68679,,156,,211.6
1321,5.69098,,156,,211.6
1322,5.69512,,156,,211.6
1323,5.69927,,156,,211.6
1324,5.70345,,156,,211.6
1325,5.70763,,156,,211.6
1326,5.71191,,157,,211.6
1327,5.71618,,157,,211.6
1328,5.72047,,156,,211.6
1329,5.72477,,156,,211.6
1330,5.72908,,157,,211.6
1331,5.7334,,157,,211.6
1332,5.73772,,157,,211.6
1333,5.74208,,157,,211.6
1334,5.7464,,157,,211.6
1335,5.75072,,157,,211.6
1336,5.75501,,157,,211.6
1337,5.75937,,157,,211.6
1338,5.76369,,157,,211.6
1339,5.76801,,157,,211.6
1340,5.77241,,157,,211.6
1341,5.77662,,157,,211.6
1342,5.78087,,157,,211.6
1343,5.78513,,157,,211.6
1344,5.78948,,157,,211.6
1345,5.79383,,157,,211.6
1346,5.79818,,157,,211.6
1347,5.80256,,157,,211.6
1348,5.80695,,157,,211.6
1349,5.81132,,157,,211.6
1350,5.81549,,157,,211.6
1351,5.81961,,157,,211.6
1352,5.82372,,158,,211.6
1353,5.82787,,158,,211.6
1354,5.83203,,157,,211.6
1355,5.83621,,158,,211.6
1356,5.84039,,158,,211.6
1357,5.84457,,158,,211.6
1358,5.84871,,157,,211.6
1359,5.85284,,156,,211.6
1360,5.85696,,156,,211.6
1361,5.86119,,157,,211.6
1362,5.86546,,157,,211.6
1363,5.86973,,157,,211.6
1364,5.87401,,157,,211.6
1365,5.87822,,157,,211.6
1366,5.88245,,157,,211.6
1367,5.8867,,157,,211.6
1368,5.89093,,157,,211.6
1369,5.89526,,157,,211.6
1370,5.89961,,158,,211.6
1371,5.904,,158,,211.6
1372,5.90861,,158,,211.6
1373,5.91319,,158,,211.6
1374,5.91747,,158,,211.6
1375,5.92175,,159,,211.6
1376,5.92607,,159,,211.6
1377,5.93039,,159,,211.6
1378,5.93471,,159,,211.6
1379,5.9391,,159,,213.2
1380,5.94354,,159,,213.2
1381,5.94808,,159,,213.4
1382,5.95253,,159,,213.8
1383,5.95699,,159,,214
1384,5.96155,,159,,214
1385,5.96616,,159,,214
1386,5.9707,,159,,213.8
1387,5.97531,,159,,213.6
1388,5.97998,,159,,213.2
1389,5.98437,,159,,212.8
1390,5.98862,,158,,212.6
1391,5.9929,,158,,212.4
1392,5.99709,,158,,212.6
1393,6.00131,,158,,212.6
1394,6.00548,,158,,213
1395,6.00966,,158,,213.2
1396,6.01384,,158,,213.6
1397,6.0181,,158,,213.8
1398,6.02239,,158,,213.8
1399,6.02669,,157,,213.8
1400,6.03099,,157,,213.8
1401,6.03526,,157,,213.8
1402,6.03948,,157,,213.8
1403,6.04364,,157,,213.8
1404,6.04783,,157,,213.8
1405,6.05205,,157,,213.8
1406,6.05636,,157,,213.8
1407,6.06066,,157,,213.8
1408,6.06501,,157,,213.8
1409,6.06937,,157,,213.8
1410,6.07373,,157,,213.8
1411,6.07809,,157,,213.8
1412,6.08235,,157,,213.8
1413,6.0866,,157,,213.8
1414,6.09084,,157,,213.8
1415,6.09508,,157,,213.8
1416,6.0993,,157,,213.8
1417,6.10354,,157,,213.8
1418,6.10778,,157,,213.8
1419,6.11203,,157,,213.8
1420,6.11629,,157,,213.8
1421,6.12056,,156,,213.8
1422,6.12487,,157,,213.8
1423,6.12918,,157,,213.8
1424,6.13351,,157,,213.8
1425,6.13791,,157,,213.8
1426,6.14227,,157,,213.8
1427,6.14662,,157,,213.8
1428,6.151,,157,,213.8
1429,6.15533,,156,,213.8
1430,6.15964,,156,,213.8
1431,6.16392,,156,,213.8
1432,6.16826,,157,,213.8
1433,6.17256,,157,,213.8
1434,6.17684,,157,,213.8
1435,6.18126,,157,,213.8
1436,6.18567,,157,,213.8
1437,6.19006,,157,,213.8
1438,6.19452,,158,,213.8
1439,6.1989,,158,,213.8
1440,6.20328,,158,,213.8
1441,6.20767,,158,,213.8
1442,6.21201,,158,,213.8
1443,6.21636,,158,,213.8
1444,6.22069,,157,,213.8
1445,6.225,,157,,213.8
1446,6.22927,,157,,213.8
1447,6.23354,,157,,213.8
1448,6.23783,,157,,213.8
1449,6.24214,,157,,213.8
1450,6.24646,,157,,213.8
1451,6.25096,,156,,213.8
1452,6.25545,,156,,213.8
1453,6.2599,,156,,213.8
1454,6.26431,,156,,213.8
1455,6.2686,,156,,213.8
1456,6.27283,,156,,213.8
1457,6.27705,,156,,213.8
1458,6.28126,,156,,213.8
1459,6.28538,,157,,213.8
1460,6.28945,,156,,213.8
1461,6.29347,,156,,213.8
1462,6.29765,,156,,213.8
1463,6.30183,,156,,213.8
1464,6.30612,,156,,213.8
1465,6.31042,,155,,213.8
1466,6.31468,,155,,213.8
1467,6.31897,,155,,213.8
1468,6.32316,,155,,213.8
1469,6.32736,,155,,213.8
1470,6.33155,,155,,213.8
1471,6.33575,,154,,213.8
1472,6.33993,,154,,213.8
1473,6.34412,,154,,213.8
1474,6.34834,,154,,213.8
1475,6.35256,,154,,213.8
1476,6.35677,,154,,213.8
1477,6.36101,,154,,213.8
1478,6.36526,,154,,213.8
1479,6.3695,,154,,213.8
1480,6.37379,,154,,213.8
1481,6.3782,,154,,213.8
1482,6.38274,,154,,213.8
1483,6.38721,,154,,213.8
1484,6.39168,,154,,213.8
1485,6.39609,,154,,213.8
1486,6.40041,,154,,213.8
1487,6.40473,,154,,213.8
1488,6.4091,,154,,213.8
1489,6.41352,,154,,213.8
1490,6.41798,,155,,213.8
1491,6.42245,,155,,213.8
1492,6.42692,,155,,213.8
1493,6.43135,,155,,213.8
1494,6.43574,,155,,213.8
1495,6.44011,,156,,213.8
1496,6.4444,,156,,213.8
1497,6.44872,,156,,213.8
1498,6.45306,,156,,213.2
1499,6.45747,,156,,213.2
1500,6.46189,,156,,213.2
1501,6.46635,,156,,213
1502,6.47082,,156,,212.8
1503,6.47526,,156,,212.4
1504,6.47954,,156,,212.4
1505,6.48379,,156,,212
1506,6.48798,,156,,212
1507,6.4922,,156,,212
1508,6.49649,,156,,211.8
1509,6.50083,,156,,211.8
1510,6.50534,,156,,211.8
1511,6.50984,,156,,211.8
1512,6.51442,,156,,211.8
1513,6.51902,,156,,211.6
1514,6.52364,,156,,211.8
1515,6.52821,,156,,211.8
1516,6.5328,,157,,212
1517,6.53737,,157,,212
1518,6.5419,,157,,212
1519,6.54644,,157,,212
1520,6.55089,,157,,212
1521,6.5553,,157,,212
1522,6.55967,,157,,212
1523,6.56404,,157,,212
1524,6.56839,,157,,212
1525,6.57273,,157,,212
1526,6.57703,,157,,212
1527,6.58127,,157,,212
1528,6.58547,,157,,212
1529,6.58967,,157,,212
1530,6.59383,,157,,212
1531,6.598,,157,,212
1532,6.60222,,157,,212
1533,6.60652,,158,,212
1534,6.6108,,158,,212
1535,6.61517,,158,,212
1536,6.61961,,158,,212
1537,6.62415,,158,,212
1538,6.6287,,158,,212
1539,6.63335,,158,,212
1540,6.63792,,158,,212
1541,6.64237,,158,,212
1542,6.64672,,158,,212
1543,6.6512,,158,,212
1544,6.65568,,158,,212
1545,6.66013,,158,,212
1546,6.66458,,158,,212
1547,6.66903,,158,,212
1548,6.67343,,158,,212
1549,6.67786,,158,,212
1550,6.68216,,158,,212
1551,6.68657,,158,,212
1552,6.69097,,158,,212
1553,6.69532,,158,,212
1554,6.69967,,157,,212
1555,6.70402,,157,,212
1556,6.70834,,157,,212
1557,6.71267,,158,,212
1558,6.71704,,158,,212
1559,6.72125,,158,,212
1560,6.72554,,158,,212
1561,6.7299,,158,,212
1562,6.73419,,158,,212
1563,6.73843,,158,,212
1564,6.74268,,158,,212
1565,6.74693,,158,,212
1566,6.75113,,158,,212
1567,6.7553,,158,,212
1568,6.75944,,158,,212
1569,6.76361,,158,,212
1570,6.76771,,158,,212
1571,6.77205,,158,,212
1572,6.77649,,158,,212
1573,6.78092,,158,,212
1574,6.78539,,158,,212
1575,6.78992,,158,,212
1576,6.79443,,158,,212
1577,6.79903,,158,,212
1578,6.80369,,158,,212
1579,6.80812,,158,,212
1580,6.81248,,158,,212
1581,6.8168,,158,,212
1582,6.82104,,158,,212
1583,6.82529,,158,,212
1584,6.82951,,157,,212
1585,6.83372,,157,,212
1586,6.8379,,157,,212
1587,6.84221,,157,,212
1588,6.84655,,157,,212
1589,6.85086,,157,,212
1590,6.8552,,157,,212
1591,6.85953,,157,,212
1592,6.86389,,157,,212
1593,6.86825,,157,,212
1594,6.87262,,157,,212
1595,6.87698,,157,,212
1596,6.88131,,157,,212
1597,6.88564,,157,,212
1598,6.89003,,157,,212
1599,6.89441,,157,,212
1600,6.89863,,157,,212
1601,6.90285,,158,,212
1602,6.90711,,158,,212
1603,6.9113,,158,,212
1604,6.91554,,158,,212
1605,6.91974,,158,,212
1606,6.92381,,158,,212
1607,6.92793,,158,,212
1608,6.93218,,158,,212
1609,6.93641,,158,,212
1610,6.94074,,158,,212
1611,6.94512,,159,,212
1612,6.94948,,159,,212
1613,6.95383,,159,,212
1614,6.95815,,159,,212
1615,6.96235,,159,,212
1616,6.96653,,159,,212
1617,6.9707,,158,,212
1618,6.97486,,158,,212
1619,6.97907,,158,,215.4
1620,6.98329,,158,,215.4
1621,6.98748,,158,,215.2
1622,6.9916,,158,,214.8
1623,6.99572,,158,,214.4
1624,6.99974,,158,,214.2
1625,7.00386,,158,,214
1626,7.00797,,158,,214
1627,7.01214,,158,,214
1628,7.01645,,158,,213.8
1629,7.02076,,158,,213.6
1630,7.02509,,158,,213.2
1631,7.02943,,158,,213
1632,7.03374,,158,,212.8
1633,7.03795,,158,,212.8
1634,7.04215,,158,,212.8
1635,7.04628,,158,,212.8
1636,7.0504,,158,,213
1637,7.05444,,157,,213.4
1638,7.05858,,157,,213.6
1639,7.06272,,157,,213.6
1640,7.06693,,157,,213.6
1641,7.07119,,157,,213.6
1642,7.07545,,157,,213.6
1643,7.07978,,157,,213.6
1644,7.08434,,157,,213.6
1645,7.08889,,157,,213.6
1646,7.09343,,157,,213.6
1647,7.09796,,157,,213.6
1648,7.10248,,157,,213.6
1649,7.10697,,157,,213.6
1650,7.11135,,157,,213.6
1651,7.11574,,158,,213.6
1652,7.12016,,158,,213.6
1653,7.12458,,158,,213.6
1654,7.129,,158,,213.6
1655,7.13342,,158,,213.6
1656,7.13784,,158,,213.6
1657,7.14225,,158,,213.6
1658,7.14665,,158,,213.6
1659,7.15106,,158,,213.6
1660,7.15548,,158,,213.6
1661,7.15989,,158,,213.6
1662,7.16428,,158,,213.6
1663,7.16865,,158,,213.6
1664,7.17298,,157,,213.6
1665,7.17728,,157,,213.6
1666,7.18137,,157,,213.6
1667,7.18553,,157,,213.6
1668,7.18963,,157,,213.6
1669,7.19372,,157,,213.6
1670,7.19788,,157,,213.6
1671,7.20204,,157,,213.6
1672,7.20622,,157,,213.6
1673,7.21053,,157,,213.6
1674,7.21482,,157,,213.6
1675,7.21914,,157,,213.6
1676,7.2235,,158,,213.6
1677,7.22781,,158,,213.6
1678,7.23212,,158,,213.6
1679,7.23646,,158,,213.6
1680,7.24082,,159,,213.6
1681,7.24516,,159,,213.6
1682,7.24951,,159,,213.6
1683,7.25386,,159,,213.6
1684,7.25819,,159,,213.6
1685,7.26249,,159,,213.6
1686,7.26685,,159,,213.6
1687,7.27116,,159,,213.6
1688,7.27545,,159,,213.6
1689,7.27973,,159,,213.6
1690,7.28407,,158,,213.6
1691,7.28841,,158,,213.6
1692,7.29268,,158,,213.6
1693,7.29694,,159,,213.6
1694,7.30128,,159,,213.6
1695,7.30565,,158,,213.6
1696,7.31005,,159,,213.6
1697,7.31447,,158,,213.6
1698,7.31889,,159,,213.6
1699,7.32344,,159,,213.6
1700,7.32789,,159,,213.6
1701,7.33237,,159,,213.6
1702,7.33677,,163,,213.6
1703,7.34117,,162,,213.6
1704,7.34549,,161,,213.6
1705,7.3498,,161,,213.6
1706,7.3541,,160,,213.6
1707,7.35836,,159,,213.6
1708,7.36257,,160,,213.6
1709,7.36681,,159,,213.6
1710,7.37124,,159,,213.6
1711,7.376,,159,,213.6
1712,7.38073,,159,,213.6
1713,7.38546,,159,,213.6
1714,7.39019,,160,,213.6
1715,7.39465,,160,,213.6
1716,7.39895,,160,,213.6
1717,7.40321,,160,,213.6
1718,7.40747,,160,,213.6
1719,7.41171,,160,,213.6
1720,7.41599,,160,,213.6
1721,7.42027,,160,,213.6
1722,7.42454,,159,,213.6
1723,7.42876,,160,,213.6
1724,7.43299,,159,,213.6
1725,7.4372,,159,,213.6
1726,7.44137,,159,,213.6
1727,7.44553,,159,,213.6
1728,7.44963,,159,,213.6
1729,7.45381,,159,,213.6
1730,7.45795,,159,,213.6
1731,7.46225,,159,,213.6
1732,7.46662,,159,,213.6
1733,7.47109,,159,,213.6
1734,7.4756,,158,,213.6
1735,7.48011,,158,,213.6
1736,7.48466,,158,,213.6
1737,7.48924,,158,,213.6
1738,7.49375,,158,,213.6
1739,7.49825,,158,,213
1740,7.5027,,157,,213
1741,7.50702,,157,,212.8
1742,7.51135,,157,,212.8
1743,7.51565,,157,,213
1744,7.51998,,157,,213.2
1745,7.52436,,157,,213
1746,7.52881,,157,,213
1747,7.53323,,157,,212.8
1748,7.53771,,157,,212.8
1749,7.54212,,157,,212.8
1750,7.54638,,157,,212.6
1751,7.55068,,157,,212.4
1752,7.55501,,157,,212.4
1753,7.55926,,157,,212.4
1754,7.56355,,157,,212.2
1755,7.56784,,157,,212.4
1756,7.57214,,158,,212.4
1757,7.57649,,157,,212.6
1758,7.58083,,158,,212.6
1759,7.58521,,157,,212.6
1760,7.58959,,157,,212.6
1761,7.59389,,157,,212.6
1762,7.59819,,157,,212.6
1763,7.60255,,157,,212.6
1764,7.60691,,157,,212.6
1765,7.61135,,158,,212.6
1766,7.61585,,158,,212.6
1767,7.62038,,158,,212.6
1768,7.62492,,158,,212.6
1769,7.62941,,158,,212.6
1770,7.6339,,159,,212.6
1771,7.63836,,159,,212.6
1772,7.64285,,159,,212.6
1773,7.64729,,160,,212.6
1774,7.65158,,160,,212.6
1775,7.65608,,161,,212.6
1776,7.66058,,161,,212.6
1777,7.66503,,161,,212.6
1778,7.66961,,161,,212.6
1779,7.67419,,162,,212.6
1780,7.67876,,161,,212.6
1781,7.68334,,161,,212.6
1782,7.68772,,162,,212.6
1783,7.69207,,162,,212.6
1784,7.69639,,162,,212.6
1785,7.70075,,162,,212.6
1786,7.70512,,162,,212.6
1787,7.70947,,162,,212.6
1788,7.71381,,162,,212.6
1789,7.71812,,162,,212.6
1790,7.72241,,162,,212.6
1791,7.72661,,162,,212.6
1792,7.7309,,162,,212.6
1793,7.73519,,161,,212.6
1794,7.73945,,162,,212.6
1795,7.74374,,161,,212.6
1796,7.74799,,161,,212.6
1797,7.75231,,161,,212.6
1798,7.75657,,161,,212.6
1799,7.7608,,161,,212.6
1800,7.76501,,161,,212.6
1801,7.76929,,161,,212.6
1802,7.77345,,161,,212.6
1803,7.77768,,161,,212.6
1804,7.78195,,161,,212.6
1805,7.78624,,161,,212.6
1806,7.79056,,160,,212.6
1807,7.79488,,161,,212.6
1808,7.79918,,160,,212.6
1809,7.80352,,160,,212.6
1810,7.80785,,161,,212.6
1811,7.81216,,161,,212.6
1812,7.81648,,161,,212.6
1813,7.82077,,161,,212.6
1814,7.82506,,161,,212.6
1815,7.8293,,161,,212.6
1816,7.83353,,160,,212.6
1817,7.83775,,161,,212.6
1818,7.84189,,160,,212.6
1819,7.84603,,160,,212.6
1820,7.85018,,160,,212.6
1821,7.85434,,160,,212.6
1822,7.85849,,160,,212.6
1823,7.86265,,160,,212.6
1824,7.86686,,160,,212.6
1825,7.87124,,160,,212.6
1826,7.87563,,160,,212.6
1827,7.88007,,160,,212.6
1828,7.8846,,160,,212.6
1829,7.88914,,160,,212.6
1830,7.89367,,160,,212.6
1831,7.89821,,160,,212.6
1832,7.90278,,160,,212.6
1833,7.9073,,160,,212.6
1834,7.91173,,160,,212.6
1835,7.91615,,160,,212.6
1836,7.92055,,160,,212.6
1837,7.92494,,160,,212.6
1838,7.92939,,161,,212.6
1839,7.93385,,161,,212.6
1840,7.9383,,161,,212.6
1841,7.94292,,161,,212.6
1842,7.94759,,161,,212.6
1843,7.95225,,161,,212.6
1844,7.95691,,161,,212.6
1845,7.96136,,161,,212.6
1846,7.96572,,162,,212.6
1847,7.97009,,162,,212.6
1848,7.97443,,162,,212.6
1849,7.97877,,162,,212.6
1850,7.98309,,162,,212.6
1851,7.98744,,162,,212.6
1852,7.99181,,162,,212.6
1853,7.99621,,162,,212.6
1854,8.00061,,162,,212.6
1855,8.00541,,162,,212.6
1856,8.0102,,162,,212.6
1857,8.01503,,162,,212.6
1858,8.01976,,162,,212.6
1859,8.02419,,162,,214.2
1860,8.02881,,162,,214.2
1861,8.0336,,163,,214.4
1862,8.03839,,163,,214.6
1863,8.043,,163,,214.8
1864,8.04778,,163,,214.8
1865,8.05214,,163,,214.8
1866,8.05653,,163,,214.4
1867,8.0609,,163,,214.2
1868,8.06536,,163,,213.8
1869,8.06996,,163,,213.6
1870,8.07455,,163,,213.4
1871,8.07912,,163,,213.6
1872,8.08371,,163,,213.8
1873,8.08828,,163,,214
1874,8.09282,,163,,214
1875,8.09728,,163,,214
1876,8.10167,,163,,214
1877,8.10605,,163,,214.2
1878,8.11059,,163,,214
1879,8.11528,,163,,214
1880,8.11999,,164,,214
1881,8.12469,,163,,214
1882,8.12935,,163,,214
1883,8.13394,,163,,214
1884,8.13853,,163,,214
1885,8.14307,,163,,214
1886,8.14761,,163,,214
1887,8.1521,,163,,214
1888,8.15653,,163,,214
1889,8.16086,,163,,214
1890,8.16506,,163,,214
1891,8.16923,,163,,214
1892,8.17344,,163,,214
1893,8.17765,,163,,214
1894,8.18192,,163,,214
1895,8.18622,,163,,214
1896,8.19054,,163,,214
1897,8.19496,,163,,214
1898,8.19945,,163,,214
1899,8.20397,,163,,214
1900,8.2084,,163,,214
1901,8.21278,,163,,214
1902,8.21706,,163,,214
1903,8.22142,,163,,214
1904,8.22581,,163,,214
1905,8.23021,,163,,214
1906,8.23462,,163,,214
1907,8.23892,,163,,214
1908,8.24324,,163,,214
1909,8.24761,,163,,214
1910,8.25201,,163,,214
1911,8.25643,,163,,214
1912,8.26089,,163,,214
1913,8.26541,,163,,214
1914,8.26992,,163,,214
1915,8.27449,,163,,214
1916,8.27908,,163,,214
1917,8.28372,,163,,214
1918,8.28839,,163,,214
1919,8.29305,,163,,214
1920,8.29767,,163,,214
1921,8.30206,,163,,214
1922,8.30647,,163,,214
1923,8.31086,,163,,214
1924,8.31534,,163,,214
1925,8.31997,,163,,214
1926,8.3246,,163,,214
1927,8.32931,,162,,214
1928,8.33405,,162,,214
1929,8.33884,,163,,214
1930,8.34352,,163,,214
1931,8.34821,,163,,214
1932,8.35289,,163,,214
1933,8.3574,,164,,214
1934,8.36179,,164,,214
1935,8.36607,,164,,214
1936,8.37036,,164,,214
1937,8.37475,,164,,214
1938,8.37926,,164,,214
1939,8.38376,,164,,214
1940,8.38825,,164,,214
1941,8.39278,,164,,214
1942,8.39729,,164,,214
1943,8.40185,,164,,214
1944,8.40642,,164,,214
1945,8.41103,,164,,214
1946,8.41567,,164,,214
1947,8.4204,,164,,214
1948,8.42508,,164,,214
1949,8.42981,,164,,214
1950,8.43446,,164,,214
1951,8.43901,,164,,214
1952,8.44353,,164,,214
1953,8.44808,,164,,214
1954,8.45264,,164,,214
1955,8.45714,,164,,214
1956,8.46171,,164,,214
1957,8.46608,,164,,214
1958,8.47045,,164,,214
1959,8.47471,,164,,214
1960,8.47898,,164,,214
1961,8.48347,,164,,214
1962,8.48797,,164,,214
1963,8.49245,,164,,214
1964,8.49693,,164,,214
1965,8.50142,,164,,214
1966,8.50589,,164,,214
1967,8.51035,,164,,214
1968,8.51481,,164,,214
1969,8.51928,,164,,214
1970,8.52368,,164,,214
1971,8.52807,,164,,214
1972,8.53248,,164,,214
1973,8.53686,,164,,214
1974,8.54118,,164,,214
1975,8.54553,,164,,214
1976,8.54989,,164,,214
1977,8.5542,,164,,214
1978,8.55851,,164,,214
1979,8.56286,,164,,215.2
1980,8.56727,,164,,215.2
1981,8.5717,,164,,215.2
1982,8.57614,,164,,215
1983,8.58059,,164,,214.6
1984,8.58505,,164,,214.6
1985,8.58956,,164,,214.6
1986,8.59413,,164,,214.8
1987,8.59876,,164,,214.6
1988,8.6034,,164,,214.6
1989,8.60805,,164,,214.4
1990,8.61264,,164,,214.2
1991,8.61713,,164,,214.4
1992,8.62165,,165,,214.4
1993,8.62615,,164,,214.6
1994,8.63065,,164,,214.6
1995,8.63532,,164,,215
1996,8.64,,164,,215.4
1997,8.64465,,165,,215.4
1998,8.64924,,165,,215.4
1999,8.65384,,165,,215.4
2000,8.65835,,165,,215.4
2001,8.66286,,165,,215.4
2002,8.66735,,165,,215.4
2003,8.67183,,165,,215.4
2004,8.67636,,165,,215.4
2005,8.6809,,165,,215.4
2006,8.68551,,165,,215.4
2007,8.69013,,165,,215.4
2008,8.69473,,165,,215.4
2009,8.69939,,165,,215.4
2010,8.70406,,165,,215.4
2011,8.70872,,165,,215.4
2012,8.71337,,165,,215.4
2013,8.71806,,165,,215.4
2014,8.72276,,165,,215.4
2015,8.7274,,165,,215.4
2016,8.73185,,165,,215.4
2017,8.7363,,165,,215.4
2018,8.74065,,165,,215.4
2019,8.74501,,165,,215.4
2020,8.74938,,165,,215.4
2021,8.75383,,165,,215.4
2022,8.75831,,165,,215.4
2023,8.76286,,165,,215.4
2024,8.76742,,165,,215.4
2025,8.77197,,165,,215.4
2026,8.77652,,165,,215.4
2027,8.78097,,165,,215.4
2028,8.78536,,166,,215.4
2029,8.78976,,165,,215.4
2030,8.79416,,165,,215.4
2031,8.79855,,165,,215.4
2032,8.80289,,165,,215.4
2033,8.80726,,165,,215.4
2034,8.81175,,165,,215.4
2035,8.81621,,165,,215.4
2036,8.82068,,164,,215.4
2037,8.82532,,164,,215.4
2038,8.83001,,165,,215.4
2039,8.8347,,165,,215.4
2040,8.83933,,165,,215.4
2041,8.84396,,165,,215.4
2042,8.84852,,165,,215.4
2043,8.85309,,165,,215.4
2044,8.85759,,165,,215.4
2045,8.86211,,165,,215.4
2046,8.86668,,165,,215.4
2047,8.87127,,166,,215.4
2048,8.87584,,166,,215.4
2049,8.88041,,166,,215.4
2050,8.88492,,166,,215.4
2051,8.88941,,166,,215.4
2052,8.89389,,166,,215.4
2053,8.89825,,166,,215.4
2054,8.90258,,166,,215.4
2055,8.90691,,166,,215.4
2056,8.91136,,166,,215.4
2057,8.9158,,165,,215.4
2058,8.92027,,166,,215.4
2059,8.92481,,166,,215.4
2060,8.92931,,166,,215.4
2061,8.93382,,166,,215.4
2062,8.93833,,165,,215.4
2063,8.94285,,166,,215.4
2064,8.94729,,166,,215.4
2065,8.95183,,166,,215.4
2066,8.95633,,166,,215.4
2067,8.96088,,166,,215.4
2068,8.96545,,166,,215.4
2069,8.97003,,166,,215.4
2070,8.97459,,166,,215.4
2071,8.97922,,166,,215.4
2072,8.98393,,166,,215.4
2073,8.98863,,166,,215.4
2074,8.99334,,166,,215.4
2075,8.99805,,166,,215.4
2076,9.00257,,166,,215.4
2077,9.00708,,166,,215.4
2078,9.01158,,166,,215.4
2079,9.01609,,166,,215.4
2080,9.02061,,166,,215.4
2081,9.02512,,166,,215.4
2082,9.02963,,166,,215.4
2083,9.034,,166,,215.4
2084,9.03829,,166,,215.4
2085,9.04258,,166,,215.4
2086,9.04691,,166,,215.4
2087,9.05126,,166,,215.4
2088,9.05558,,166,,215.4
2089,9.0599,,166,,215.4
2090,9.06424,,166,,215.4
2091,9.06854,,166,,215.4
2092,9.07287,,166,,215.4
2093,9.07724,,166,,215.4
2094,9.08168,,165,,215.4
2095,9.08613,,165,,215.4
2096,9.09052,,165,,215.4
2097,9.0949,,165,,215.4
2098,9.09932,,165,,215.6
2099,9.10374,,165,,215.6
2100,9.10817,,165,,215.6
2101,9.11269,,165,,215.6
2102,9.1172,,165,,215.8
2103,9.12176,,165,,215.8
2104,9.12629,,165,,215.6
2105,9.13088,,165,,215.6
2106,9.13546,,165,,215.4
2107,9.14006,,165,,215.8
2108,9.14462,,165,,215.8
2109,9.14922,,166,,215.8
2110,9.15376,,164,,215.8
2111,9.15832,,166,,215.8
2112,9.16295,,166,,216
2113,9.16765,,166,,216
2114,9.17236,,166,,216
2115,9.17703,,165,,215.8
2116,9.18165,,165,,215.8
2117,9.18619,,165,,215.8
2118,9.19066,,165,,215.8
2119,9.19506,,166,,215.8
2120,9.19949,,165,,215.8
2121,9.20385,,165,,215.8
2122,9.20821,,165,,215.8
2123,9.21256,,165,,215.8
2124,9.21692,,165,,215.8
2125,9.2213,,165,,215.8
2126,9.22567,,165,,215.8
2127,9.23007,,165,,215.8
2128,9.23462,,165,,215.8
2129,9.2392,,165,,215.8
2130,9.24379,,164,,215.8
2131,9.24838,,165,,215.8
2132,9.25299,,165,,215.8
2133,9.2576,,165,,215.8
2134,9.26222,,165,,215.8
2135,9.26678,,165,,215.8
2136,9.27132,,165,,215.8
2137,9.27585,,165,,215.8
2138,9.28047,,165,,215.8
2139,9.28518,,165,,215.8
2140,9.2899,,165,,215.8
2141,9.29465,,165,,215.8
2142,9.29935,,166,,215.8
2143,9.3039,,167,,215.8
2144,9.30846,,166,,215.8
2145,9.31304,,166,,215.8
2146,9.3176,,166,,215.8
2147,9.32216,,166,,215.8
2148,9.32674,,166,,215.8
2149,9.3313,,166,,215.8
2150,9.33589,,166,,215.8
2151,9.34043,,167,,215.8
2152,9.34502,,167,,215.8
2153,9.34963,,167,,215.8
2154,9.35434,,167,,215.8
2155,9.35895,,167,,215.8
2156,9.36356,,167,,215.8
2157,9.3682,,167,,215.8
2158,9.37282,,167,,215.8
2159,9.37744,,167,,215.8
2160,9.38193,,167,,215.8
2161,9.38658,,167,,215.8
2162,9.39122,,167,,215.8
2163,9.39592,,167,,215.8
2164,9.40035,,167,,215.8
2165,9.40505,,167,,215.8
2166,9.40967,,167,,215.8
2167,9.41439,,167,,215.8
2168,9.41919,,167,,215.8
2169,9.42399,,167,,215.8
2170,9.42881,,166,,215.8
2171,9.43349,,167,,215.8
2172,9.43808,,167,,215.8
2173,9.44265,,167,,215.8
2174,9.4471,,167,,215.8
2175,9.45159,,167,,215.8
2176,9.45603,,167,,215.8
2177,9.46049,,167,,215.8
2178,9.46496,,167,,215.8
2179,9.46942,,167,,215.8
2180,9.47384,,167,,215.8
2181,9.47832,,167,,215.8
2182,9.48277,,167,,215.8
2183,9.48724,,167,,215.8
2184,9.49178,,167,,215.8
2185,9.49634,,167,,215.8
2186,9.50092,,167,,215.8
2187,9.50552,,167,,215.8
2188,9.51014,,167,,215.8
2189,9.51474,,167,,215.8
2190,9.51938,,167,,215.8
2191,9.52401,,167,,215.8
2192,9.52877,,167,,215.8
2193,9.53357,,168,,215.8
2194,9.53838,,168,,215.8
2195,9.54314,,168,,215.8
2196,9.54781,,168,,215.8
2197,9.5524,,168,,215.8
2198,9.55688,,167,,215.8
2199,9.56139,,167,,215.8
2200,9.56602,,168,,215.8
2201,9.57047,,167,,215.8
2202,9.57478,,167,,215.8
2203,9.57925,,167,,215.8
2204,9.58367,,167,,215.8
2205,9.58818,,167,,215.8
2206,9.59306,,167,,215.8
2207,9.59783,,167,,215.8
2208,9.60284,,167,,215.8
2209,9.60784,,167,,215.8
2210,9.61254,,167,,215.8
2211,9.61705,,167,,215.8
2212,9.62138,,167,,215.8
2213,9.62572,,167,,215.8
2214,9.6301,,167,,215.8
2215,9.63449,,167,,215.8
2216,9.63888,,167,,215.8
2217,9.64332,,167,,215.8
2218,9.64773,,167,,215.8
2219,9.6523,,166,,216.4
2220,9.65694,,167,,216.4
2221,9.66149,,167,,216.4
2222,9.66603,,167,,216.4
2223,9.67065,,167,,216.6
2224,9.67527,,167,,216.6
2225,9.67996,,167,,216.6
2226,9.68466,,167,,216.4
2227,9.68936,,168,,216.4
2228,9.69396,,168,,216.6
2229,9.69836,,167,,216.8
2230,9.70271,,168,,216.6
2231,9.70709,,168,,216.6
2232,9.71147,,168,,216.6
2233,9.71585,,168,,216.6
2234,9.72032,,168,,216.4
2235,9.72489,,168,,216.4
2236,9.72946,,168,,216.2
2237,9.73417,,168,,216.2
2238,9.7389,,168,,216.4
2239,9.74368,,168,,216.4
2240,9.74843,,168,,216.4
2241,9.75323,,168,,216.4
2242,9.75802,,168,,216.4
2243,9.76278,,168,,216.4
2244,9.76755,,167,,216.4
2245,9.77238,,169,,216.4
2246,9.77714,,169,,216.4
2247,9.7819,,169,,216.4
2248,9.78676,,169,,216.4
2249,9.79153,,169,,216.4
2250,9.79642,,169,,216.4
2251,9.80132,,169,,216.4
2252,9.80609,,169,,216.4
2253,9.81071,,168,,216.4
2254,9.81538,,169,,216.4
2255,9.81998,,169,,216.4
2256,9.82458,,168,,216.4
2257,9.82917,,169,,216.4
2258,9.83376,,169,,216.4
2259,9.83835,,169,,216.4
2260,9.84294,,168,,216.4
2261,9.84765,,169,,216.4
2262,9.85244,,169,,216.4
2263,9.85728,,169,,216.4
2264,9.86211,,169,,216.4
2265,9.86703,,169,,216.4
2266,9.8721,,169,,216.4
2267,9.87731,,170,,216.4
2268,9.8825,,170,,216.4
2269,9.88769,,170,,216.4
2270,9.89286,,170,,216.4
2271,9.898,,170,,216.4
2272,9.90305,,170,,216.4
2273,9.90805,,170,,216.4
2274,9.91293,,170,,216.4
2275,9.91783,,170,,216.4
2276,9.92272,,170,,216.4
2277,9.92757,,170,,216.4
2278,9.93251,,170,,216.4
2279,9.93749,,171,,216.4
2280,9.9425,,171,,216.4
2281,9.94735,,171,,216.4
2282,9.95217,,171,,216.4
2283,9.95694,,171,,216.4
2284,9.9617,,171,,216.4
2285,9.96643,,171,,216.4
2286,9.97115,,171,,216.4
2287,9.97586,,171,,216.4
2288,9.98061,,171,,216.4
2289,9.98547,,171,,216.4
2290,9.99035,,171,,216.4
2291,9.9954,,171,,216.4
2292,10.0004,,171,,216.4
2293,10.0054,,171,,216.4
2294,10.0103,,171,,216.4
2295,10.0152,,171,,216.4
2296,10.0201,,171,,216.4
2297,10.0248,,173,,216.4
2298,10.0291,,171,,216.4
2299,10.0326,,171,,216.4
2300,10.0351,,170,,216.4
2301,10.0366,,169,,216.4
2302,10.0376,,169,,216.4
2303,10.0385,,168,,216.4
2304,10.0395,,167,,216.4
2305,10.0405,,167,,216.4
2306,10.0414,,166,,216.4
2307,10.0423,,166,,216.4
2308,10.0433,,171,,216.4
2309,10.0442,,168,,216.4
2310,10.0451,,167,,216.4
2311,10.0459,,166,,216.4
2312,10.0468,,166,,216.4
2313,10.0477,,165,,216.4
2314,10.0485,,164,,216.4
2315,10.0493,,164,,216.4
2316,10.05,,163,,216.4
2317,10.0508,,163,,216.4
2318,10.0515,,162,,216.4
2319,10.0522,,162,,216.4
2320,10.0529,,161,,216.4
2321,10.0536,,161,,216.4
2322,10.0544,,160,,216.4
2323,10.0551,,160,,216.4
2324,10.0558,,160,,216.4
2325,10.0566,,159,,216.4
2326,10.0573,,158,,216.4
2327,10.058,,158,,216.4
2328,10.0588,,157,,216.4
2329,10.0595,,157,,216.4
2330,10.0602,,156,,216.4
2331,10.0609,,155,,216.4
2332,10.0617,,155,,216.4
2333,10.0624,,154,,216.4
2334,10.0631,,153,,216.4
2335,10.0638,,152,,216.4
2336,10.0645,,151,,216.4
2337,10.0652,,149,,216.4
2338,10.0659,,148,,216.4
2339,10.0666,,146,,216.4
2340,10.0673,,145,,216.4
2341,10.068,,144,,216.4
2342,10.0687,,143,,216.4
2343,10.0687,,142,,216.4
2344,10.0687,,140,,216.4
2345,10.0687,,138,,216.4
2346,10.0687,,137,,216.2
2347,10.0687,,135,,216.2
2348,10.0687,,134,,216.2
2349,10.0687,,133,,216.2
2350,10.0687,,133,,216.2
2351,10.0687,,133,,216.2
2352,10.0687,,133,,216.4
2353,10.0687,,133,,216.4
2354,10.0687,,134,,216.4
2355,10.0687,,134,,216.4
2356,10.0687,,133,,216.4
2357,10.0687,,132,,216.4
2358,10.0687,,132,,216.4
2359,10.0687,,131.5,,216.4
2360,10.0687,,131,,216.4
2361,10.0687,,131,,216.4
2362,10.0687,,131,,216.4
2363,10.0687,,131,,216.4
2364,10.0687,,130,,216.4
2365,10.0687,,130,,216.4
2366,10.0687,,130,,216.4
2367,10.0687,,129,,216.4
2368,10.0687,,129,,216.4
2369,10.0687,,128,,216.4
2370,10.0687,,127,,216.4
2371,10.0687,,127,,216.4
2372,10.0687,,127,,216.4
2373,10.0687,,127,,216.4
2374,10.0687,,126,,216.4
2375,10.0687,,126,,216.4
2376,10.0687,,124,,216.4
2377,10.0687,,123,,216.4
2378,10.0687,,123,,216.4
2379,10.0687,,123,,216.4
2380,10.0687,,123,,216.4
2381,10.0687,,122,,216.4
2382,10.0687,,121,,216.4
2383,10.0687,,120,,216.4
2384,10.0687,,118,,216.4
2385,10.0687,,117,,216.4
2386,10.0687,,116,,216.4
2387,10.0687,,115,,216.4
2388,10.0687,,115,,216.4
2389,10.0687,,115,,216.4
2390,10.0687,,114,,216.4
2391,10.0687,,113,,216.4
2392,10.0687,,113,,216.4
2393,10.0687,,112,,216.4
2394,10.0687,,112,,216.4
2395,10.0687,,112,,216.4
2396,10.0687,,112,,216.4
2397,10.0687,,113,,216.4
2398,10.0687,,113,,216.4
2399,10.0687,,114,,216.4
2400,10.0687,,114,,216.4
2401,10.0687,,114,,216.4
2402,10.0687,,114,,216.4
2403,10.0687,,114,,216.4
2404,10.0687,,114,,216.4
2405,10.0687,,114,,216.4
2406,10.0687,,115,,216.4
2407,10.0687,,115,,216.4
2408,10.0687,,115,,216.4
2409,10.0687,,114,,216.4
2410,10.0687,,114,,216.4
2411,10.0687,,114,,216.4
2412,10.0687,,113,,216.4
2413,10.0687,,113,,216.4
2414,10.0687,,112,,216.4
2415,10.0687,,112,,216.4
2416,10.0687,,112,,216.4
2417,10.0687,,112,,216.4
2418,10.0687,,111,,216.4
2419,10.0687,,111,,216.4
2420,10.0687,,111,,216.4
2421,10.0687,,111,,216.4
2422,10.0687,,111,,216.4
2423,10.0687,,111,,216.4
2424,10.0687,,111,,216.4
2425,10.0687,,110,,216.4
2426,10.0687,,113,,216.4
2427,10.0687,,111,,216.4
2428,10.0687,,113,,216.4
2429,10.0687,,115,,216.4
2430,10.0687,,117,,216.4
2431,10.0687,,117,,216.4
2432,10.0717,,119,,216.4
2433,10.0747,,121,,216.4
2434,10.0777,,121,,216.4
2435,10.0807,,122,,216.4
2436,10.0836,,123,,216.4
2437,10.0866,,124,,216.4
2438,10.0895,,124,,216.4
2439,10.0925,,125,,216.4
2440,10.0956,,125,,216.4
2441,10.0987,,126,,216.4
2442,10.1017,,126,,216.4
2443,10.1048,,126,,216.4
2444,10.1081,,126,,216.4
2445,10.1113,,126,,216.4
2446,10.1145,,126,,216.4
2447,10.1178,,127,,216.4
2448,10.1211,,127,,216.4
2449,10.1243,,127,,216.4
2450,10.1276,,128,,216.4
2451,10.1309,,128,,216.4
2452,10.1343,,128,,216.4
2453,10.1377,,129,,216.4
2454,10.1412,,129,,216.4
2455,10.1446,,129,,216.4
2456,10.148,,129,,216.4
2457,10.1514,,129,,216.4
2458,10.1548,,130,,216.4
2459,10.1582,,130,,216.2
2460,10.1616,,130,,216.2
2461,10.165,,130,,216.4
2462,10.1683,,130,,216.4
2463,10.1717,,130,,216.6
2464,10.175,,131,,217
2465,10.1784,,131,,217.4
2466,10.1817,,131,,217.6
2467,10.185,,131,,217.6
2468,10.1882,,131,,217.6
2469,10.1915,,131,,217.4
2470,10.1947,,131,,217
2471,10.198,,131,,216.8
2472,10.2013,,131,,216.6
2473,10.2047,,131,,216.6
2474,10.208,,132,,216.6
2475,10.2114,,132,,216.4
2476,10.2148,,133,,216.6
2477,10.2181,,133,,216.6
2478,10.2215,,134,,216.8
2479,10.2248,,134,,216.8
2480,10.2282,,135,,216.8
2481,10.2315,,135,,216.8
2482,10.2348,,135,,216.8
2483,10.2381,,136,,216.8
2484,10.2414,,136,,216.8
2485,10.2447,,136,,216.8
2486,10.2481,,136,,216.8
2487,10.2515,,136,,216.8
2488,10.2548,,136,,216.8
2489,10.2583,,137,,216.8
2490,10.2618,,137,,216.8
2491,10.2654,,137,,216.8
2492,10.269,,137,,216.8
2493,10.2725,,137,,216.8
2494,10.276,,137,,216.8
2495,10.2795,,137,,216.8
2496,10.2829,,137,,216.8
2497,10.2864,,137,,216.8
2498,10.2899,,137,,216.8
2499,10.2933,,138,,216.8
2500,10.2968,,138,,216.8
2501,10.3003,,138,,216.8
2502,10.3038,,138,,216.8
2503,10.3073,,138,,216.8
2504,10.3108,,138,,216.8
2505,10.3144,,138,,216.8
2506,10.318,,139,,216.8
2507,10.3215,,139,,216.8
2508,10.325,,139,,216.8
2509,10.3285,,139,,216.8
2510,10.3321,,140,,216.8
2511,10.3356,,140,,216.8
2512,10.339,,140,,216.8
2513,10.3425,,141,,216.8
2514,10.346,,141,,216.8
2515,10.3495,,141,,216.8
2516,10.353,,142,,216.8
2517,10.3565,,142,,216.8
2518,10.36,,142,,216.8
2519,10.3635,,143,,216.8
2520,10.367,,143,,216.8
2521,10.3705,,143,,216.8
2522,10.3741,,143,,216.8
2523,10.3777,,143,,216.8
2524,10.3812,,143,,216.8
2525,10.3848,,143,,216.8
2526,10.3885,,144,,216.8
2527,10.3922,,144,,216.8
2528,10.3959,,144,,216.8
2529,10.3996,,144,,216.8
2530,10.4032,,144,,216.8
2531,10.4069,,144,,216.8
2532,10.4105,,144,,216.8
2533,10.4141,,144,,216.8
2534,10.4177,,144,,216.8
2535,10.4213,,144,,216.8
2536,10.4249,,144,,216.8
2537,10.4285,,144,,216.8
2538,10.4322,,144,,216.8
2539,10.4358,,144,,216.8
2540,10.4394,,144,,216.8
2541,10.4431,,144,,216.8
2542,10.4468,,144,,216.8
2543,10.4502,,143,,216.8
2544,10.4537,,143,,216.8
2545,10.4572,,143,,216.8
2546,10.4607,,143,,216.8
2547,10.4642,,143,,216.8
2548,10.4677,,142,,216.8
2549,10.4712,,142,,216.8
2550,10.4748,,142,,216.8
2551,10.4784,,143,,216.8
2552,10.482,,143,,216.8
2553,10.4857,,143,,216.8
2554,10.4893,,142,,216.8
2555,10.493,,142,,216.8
2556,10.4966,,142,,216.8
2557,10.5002,,142,,216.8
2558,10.5038,,142,,216.8
2559,10.5075,,142,,216.8
2560,10.5111,,142,,216.8
2561,10.5146,,142,,216.8
2562,10.5181,,142,,216.8
2563,10.5216,,142,,216.8
2564,10.5252,,142,,216.8
2565,10.5288,,142,,216.8
2566,10.5323,,142,,216.8
2567,10.5359,,142,,216.8
2568,10.5395,,142,,216.8
2569,10.5431,,142,,216.8
2570,10.5466,,142,,216.8
2571,10.5502,,142,,216.8
2572,10.5536,,142,,216.8
2573,10.557,,142,,216.8
2574,10.5604,,142,,216.8
2575,10.5638,,143,,216.8
2576,10.5673,,143,,216.8
2577,10.5708,,143,,216.8
2578,10.5743,,143,,216.8
2579,10.5779,,143,,219.4
2580,10.5816,,143,,219.4
2581,10.5853,,143,,219.4
2582,10.589,,143,,219.4
2583,10.5927,,143,,219.4
2584,10.5964,,143,,219.6
2585,10.6001,,144,,219.6
2586,10.6038,,144,,219.8
2587,10.6073,,144,,220
2588,10.6107,,144,,220
2589,10.6141,,144,,220.2
2590,10.6175,,144,,220.4
2591,10.621,,144,,220.4
2592,10.6244,,144,,220.4
2593,10.6279,,144,,220.6
2594,10.6316,,144,,220.6
2595,10.6352,,145,,220.8
2596,10.6389,,145,,220.8
2597,10.6426,,145,,221
2598,10.6462,,145,,221
2599,10.6498,,145,,221
2600,10.6535,,145,,221
2601,10.6572,,145,,221
2602,10.6607,,145,,221
2603,10.6642,,145,,221
2604,10.6677,,145,,221
2605,10.6712,,146,,221
2606,10.6745,,145,,221
2607,10.6778,,146,,221
2608,10.681,,145,,221
2609,10.6843,,145,,221
2610,10.6874,,145,,221
2611,10.6905,,146,,221
2612,10.6936,,146,,221
2613,10.6967,,146,,221
2614,10.7001,,146,,221
2615,10.7035,,146,,221
2616,10.7069,,146,,221
2617,10.7103,,146,,221
2618,10.7136,,146,,221
2619,10.7168,,146,,221
2620,10.7202,,146,,221
2621,10.7235,,147,,221
2622,10.7269,,147,,221
2623,10.7304,,147,,221
2624,10.734,,147,,221
2625,10.7377,,147,,221
2626,10.7413,,147,,221
2627,10.7449,,147,,221
2628,10.7484,,147,,221
2629,10.7516,,147,,221
2630,10.7547,,147,,221
2631,10.7578,,147,,221
2632,10.761,,148,,221
2633,10.7643,,148,,221
2634,10.7678,,148,,221
2635,10.7714,,148,,221
2636,10.7751,,148,,221
2637,10.7788,,153,,221
2638,10.7826,,151,,221
2639,10.7864,,150,,221
2640,10.7903,,150,,221
2641,10.7941,,150,,221
2642,10.7979,,150,,221
2643,10.8018,,149,,221
2644,10.8057,,149,,221
2645,10.8095,,149,,221
2646,10.8133,,149,,221
2647,10.8171,,149,,221
2648,10.8209,,150,,221
2649,10.8246,,150,,221
2650,10.8283,,150,,221
2651,10.832,,150,,221
2652,10.8357,,150,,221
2653,10.8394,,150,,221
2654,10.8431,,150,,221
2655,10.8469,,150,,221
2656,10.8503,,150,,221
2657,10.8536,,150,,221
2658,10.857,,151,,221
2659,10.8603,,151,,221
2660,10.8637,,151,,221
2661,10.8671,,151,,221
2662,10.8705,,151,,221
2663,10.874,,151,,221
2664,10.8774,,151,,221
2665,10.881,,151,,221
2666,10.8845,,151,,221
2667,10.8881,,151,,221
2668,10.8917,,151,,221
2669,10.8953,,151,,221
2670,10.8988,,151,,221
2671,10.9024,,151,,221
2672,10.9059,,151,,221
2673,10.9094,,151,,221
2674,10.913,,151,,221
2675,10.9164,,151,,221
2676,10.9198,,151,,221
2677,10.9234,,151,,221
2678,10.927,,151,,221
2679,10.9305,,151,,221
2680,10.934,,151,,221
2681,10.9375,,151,,221
2682,10.941,,151,,221
2683,10.9448,,150,,221
2684,10.9485,,150,,221
2685,10.9522,,150,,221
2686,10.956,,149,,221
2687,10.9597,,149,,221
2688,10.9633,,149,,221
2689,10.9668,,148,,221
2690,10.9703,,148,,221
2691,10.9738,,147,,221
2692,10.9772,,147,,221
2693,10.9807,,147,,221
2694,10.9842,,146,,221
2695,10.9877,,146,,221
2696,10.9912,,145,,221
2697,10.9947,,145,,221
2698,10.9983,,145,,221
2699,11.0019,,144,,228.2
2700,11.0055,,144,,228.2
2701,11.0092,,144,,228
2702,11.0129,,144,,228
2703,11.0166,,144,,228.2
2704,11.0202,,144,,228.4
2705,11.0238,,144,,228.8
2706,11.0274,,143,,229
2707,11.031,,143,,229.2
2708,11.0345,,143,,229.2
2709,11.0381,,143,,229.2
2710,11.0417,,142,,229.2
2711,11.0452,,142,,229
2712,11.0488,,142,,228.6
2713,11.0523,,142,,228.4
2714,11.0558,,142,,228.4
2715,11.0595,,142,,228.4
2716,11.0632,,143,,228.6
2717,11.067,,142,,228.6
2718,11.0707,,142,,228.6
2719,11.0744,,144,,228.6
2720,11.0782,,142,,228.6
2721,11.0819,,142,,228.6
2722,11.0857,,142,,228.6
2723,11.0894,,142,,228.6
2724,11.0931,,141,,228.6
